57 0.13952 0.79032 0.27904 0.389227
56 0.57875 0.748307 0.20294 0.324933
56 0.70439 0.719587 0.09458 0.288293
56 0.65499 0.57956 0.1049 0.0184267
56 0.46908 0.595813 0.04384 0.03488
60 0.58731 0.60512 0.27646 0.05008
41 0.22504 0.543227 0.01796 0.0254933
69 0.35234 0.640573 0.0472 0.178907
69 0.22929 0.611347 0.09778 0.10584
68 0.17612 0.37348 0.07248 0.141573
72 0.09862 0.4598 0.10676 0.39032
56 0.46174 0.733133 0.04696 0.25544
56 0.80092 0.700347 0.11956 0.266827
56 0.66048 0.5938 0.01996 0.0142667
56 0.13928 0.79332 0.27856 0.407227
