0 0.147984 0.569281 0.292594 0.860521
0 0.225672 0.307823 0.18625 0.355687
0 0.785234 0.72525 0.429531 0.527958
54 0.80225 0.787646 0.101125 0.137083
0 0.820742 0.38749 0.187797 0.273146
39 0.273656 0.289573 0.00671875 0.0246042
39 0.335414 0.307031 0.0126094 0.0525208
39 0.321906 0.310323 0.00990625 0.0471875
41 0.237898 0.377458 0.0346094 0.024875
54 0.671219 0.973688 0.0821563 0.052625
60 0.571703 0.930271 0.166969 0.133208
0 0.430922 0.403521 0.165375 0.135917
39 0.263078 0.292229 0.0105313 0.0204167
39 0.347898 0.310969 0.0100781 0.0492292
39 0.406414 0.307719 0.0121719 0.0536042
39 0.36568 0.308771 0.0110781 0.0526667
39 0.387609 0.306875 0.0128125 0.0533333
39 0.378563 0.307167 0.0122188 0.05125
39 0.305047 0.303656 0.0158438 0.0620625
39 0.312047 0.309323 0.0105938 0.0508125
39 0.356844 0.307417 0.011375 0.0515
39 0.294906 0.308052 0.00775 0.0531458
