0 0.255572 0.323359 0.505042 0.625281
0 0.950275 0.264891 0.0994492 0.191625
51 0.72804 0.592961 0.106547 0.0278906
51 0.747394 0.636852 0.18822 0.0363281
51 0.897966 0.595219 0.121822 0.0498125
51 0.926303 0.584203 0.12697 0.0519687
51 0.870456 0.602453 0.126377 0.0491562
52 0.683146 0.619141 0.158496 0.0263437
52 0.790551 0.553406 0.0916102 0.057
52 0.839248 0.610828 0.122775 0.05
52 0.699767 0.592977 0.100932 0.0289531
52 0.927066 0.584102 0.123496 0.0547344
52 0.897871 0.593828 0.127945 0.050875
52 0.76964 0.563953 0.0763559 0.0482812
52 0.689936 0.581547 0.107076 0.027125
52 0.665646 0.574852 0.141165 0.0364844
