56 0.955891 0.872535 0.0846563 0.254931
56 0.0455391 0.786901 0.0592656 0.242419
56 0.306461 0.457949 0.0539219 0.0571429
56 0.817898 0.308018 0.0320469 0.0563134
56 0.845398 0.289862 0.0438594 0.0736406
60 0.476977 0.655058 0.944797 0.65841
60 0.227734 0.408571 0.438875 0.2553
53 0.634922 0.568721 0.104594 0.067765
26 0.263227 0.478076 0.0806719 0.206935
0 0.219438 0.678652 0.338313 0.494401
0 0.347844 0.508479 0.172313 0.382949
0 0.517711 0.439459 0.205266 0.385645
0 0.711531 0.319919 0.109813 0.247166
0 0.83125 0.790173 0.181969 0.416613
0 0.899852 0.714608 0.144766 0.548295
0 0.96043 0.588445 0.0791406 0.480207
0 0.661203 0.877051 0.195625 0.245899
0 0.802742 0.275783 0.103078 0.22023
0 0.986609 0.316279 0.0266875 0.0832488
0 0.179914 0.419965 0.197516 0.293387
41 0.364695 0.758594 0.0463906 0.134885
41 0.288555 0.94038 0.0586406 0.117442
41 0.0958516 0.957154 0.0586406 0.0856912
41 0.523922 0.743364 0.0465938 0.126221
41 0.739055 0.504263 0.0344844 0.0958525
41 0.784414 0.511555 0.0302031 0.0890553
41 0.801391 0.482224 0.0279375 0.0852765
41 0.828367 0.404516 0.0255781 0.073318
42 0.917703 0.319977 0.0384688 0.0251152
53 0.27557 0.823491 0.0455156 0.0890553
53 0.704891 0.70432 0.0874687 0.0563364
53 0.578375 0.538295 0.0344687 0.0504608
53 0.537641 0.601855 0.0934375 0.043341
53 0.678711 0.489332 0.0353906 0.0670968
56 0.0871641 0.359159 0.0201094 0.0578111
60 0.896344 0.309078 0.122094 0.0961751
0 0.636461 0.366866 0.155609 0.284009
41 0.448672 0.762673 0.0670937 0.160691
41 0.695828 0.60576 0.0364063 0.105484
41 0.660047 0.526717 0.0333437 0.0464286
41 0.443445 0.666094 0.0416406 0.051682
53 0.810695 0.570576 0.0406406 0.0240553
0 0.283555 0.386302 0.107953 0.379424
41 0.870586 0.360979 0.0258906 0.067765
56 0.224742 0.298479 0.0480781 0.0534562
