74 0.545469 0.365165 0.03275 0.0507025
56 0.700289 0.735372 0.400172 0.529256
56 0.152 0.697541 0.0983125 0.278347
56 0.353609 0.618512 0.0459688 0.120579
56 0.278375 0.575165 0.0299375 0.0330992
56 0.537312 0.665258 0.1125 0.250558
56 0.717039 0.628709 0.107828 0.178988
56 0.159383 0.670857 0.0424531 0.223285
60 0.266625 0.701849 0.184062 0.236384
41 0.48675 0.428337 0.0085625 0.0147727
41 0.469945 0.387603 0.00989063 0.0117769
41 0.473242 0.431074 0.00785938 0.0113636
75 0.218859 0.576973 0.0148125 0.0492769
41 0.462773 0.433822 0.00835937 0.0104959
59 0.695445 0.633833 0.0304219 0.0584917
