17 0.449008 0.504488 0.669422 0.648811
56 0.195367 0.0961578 0.102141 0.0380533
56 0.284758 0.0594775 0.104547 0.0944877
56 0.376945 0.0445799 0.100859 0.0778484
27 0.510016 0.244365 0.0145313 0.0440164
0 0.507008 0.369723 0.161609 0.499078
0 0.106062 0.353299 0.0896563 0.0801639
0 0.97682 0.26416 0.0463594 0.100984
0 0.319586 0.315891 0.127516 0.13707
0 0.41807 0.302684 0.0796094 0.118893
0 0.201242 0.347838 0.0977656 0.0843238
0 0.382891 0.299857 0.0483438 0.0645902
0 0.0929297 0.0725717 0.0668906 0.103832
0 0.0304766 0.104621 0.0448281 0.0510861
0 0.837227 0.282838 0.156984 0.0866189
0 0.724453 0.28042 0.069375 0.0939139
0 0.0463047 0.0452254 0.0332969 0.0688115
0 0.0176484 0.0768648 0.0352969 0.113074
