11 0.401198 0.210508 0.611479 0.420578
2 0.572479 0.821172 0.106042 0.0575937
2 0.321271 0.802406 0.053625 0.0283438
2 0.176542 0.809781 0.0948333 0.0488438
2 0.608177 0.804594 0.0658542 0.0485312
2 0.0667083 0.817406 0.133417 0.055625
2 0.349542 0.801078 0.0275833 0.0283125
2 0.456979 0.792672 0.0318333 0.0223438
9 0.59401 0.765664 0.0149792 0.0160156
9 0.43976 0.760445 0.0164375 0.0165469
10 0.636823 0.853867 0.0389792 0.0402031
2 0.265583 0.805633 0.0832083 0.0347656
2 0.63851 0.796086 0.0354375 0.0302344
2 0.63349 0.783234 0.0453958 0.0173125
9 0.61226 0.763172 0.0157292 0.0115312
12 0.657937 0.811602 0.013125 0.0267656
