56 0.899625 0.426027 0.0339375 0.049589
13 0.359195 0.33911 0.103828 0.0587671
36 0.723125 0.444247 0.117406 0.123507
36 0.306586 0.39137 0.0401719 0.0644932
26 0.145727 0.21411 0.0239531 0.0713973
0 0.811148 0.333767 0.0452031 0.21263
0 0.27632 0.316329 0.0496406 0.203452
0 0.966062 0.394027 0.059 0.137096
0 0.255969 0.235562 0.0511563 0.14263
0 0.145203 0.276699 0.049875 0.273123
0 0.903906 0.384822 0.0387813 0.135342
0 0.0225 0.29126 0.045 0.278411
0 0.579336 0.316808 0.0378906 0.13411
0 0.11407 0.276055 0.0455156 0.206301
36 0.8005 0.419329 0.0393437 0.0610137
36 0.567187 0.374849 0.0139375 0.0153425
0 0.634367 0.31974 0.243734 0.301671
13 0.833914 0.407562 0.0659219 0.0517808
13 0.966656 0.41737 0.0666875 0.100329
