27 0.518977 0.560587 0.00664062 0.0746927
27 0.436047 0.583673 0.0143437 0.122486
27 0.348852 0.553156 0.0146719 0.0605028
27 0.190586 0.555475 0.0112031 0.0711173
27 0.111125 0.541327 0.00953125 0.0533799
27 0.333227 0.428715 0.00801563 0.0482682
27 0.601297 0.551662 0.00625 0.0693575
27 0.938688 0.44317 0.0089375 0.0323184
27 0.0821406 0.411606 0.0083125 0.0369553
27 0.510805 0.425475 0.0122344 0.0315642
27 0.274594 0.559134 0.0109687 0.0681006
27 0.241766 0.430628 0.01225 0.0640503
27 0.294687 0.404693 0.0075625 0.013352
27 0.450492 0.417179 0.00685937 0.0336313
27 0.76232 0.576047 0.0163906 0.139022
0 0.601375 0.635726 0.0910938 0.404469
0 0.518797 0.638212 0.082 0.402514
0 0.104508 0.642737 0.100922 0.44486
0 0.192844 0.639791 0.0912188 0.412151
0 0.351109 0.639818 0.0789688 0.400978
0 0.166773 0.433338 0.0763906 0.187346
0 0.683992 0.643883 0.0712031 0.393128
0 0.759398 0.622668 0.0942344 0.414162
0 0.436602 0.632332 0.0782344 0.401034
0 0.270469 0.642947 0.0881875 0.395279
0 0.851008 0.634832 0.0980469 0.420223
0 0.922656 0.635964 0.0930312 0.395503
56 0.0993437 0.763785 0.0787812 0.130475
56 0.185828 0.766341 0.0757188 0.13676
56 0.521664 0.761802 0.0729219 0.148296
56 0.600305 0.731271 0.0838281 0.19986
56 0.682484 0.698212 0.0849688 0.253184
56 0.437305 0.760433 0.0724844 0.139469
56 0.768234 0.765656 0.0729687 0.136397
56 0.844789 0.740265 0.0852031 0.167793
56 0.929664 0.758031 0.0822344 0.144888
56 0.317219 0.762668 0.0102188 0.138911
56 0.365234 0.759902 0.0498125 0.128631
56 0.270633 0.762598 0.0736719 0.139274
56 0.930664 0.69993 0.0169531 0.0215363
