35 0.701734 0.973054 0.0744062 0.0499292
0 0.447641 0.729741 0.247688 0.518019
0 0.645633 0.830024 0.0923906 0.221368
0 0.760492 0.866946 0.112078 0.166439
0 0.833133 0.862571 0.333734 0.273679
0 0.285203 0.779517 0.101 0.0896934
0 0.165156 0.734741 0.0445313 0.086934
0 0.945578 0.586344 0.083 0.085
0 0.350609 0.530342 0.0699687 0.116863
0 0.198008 0.538208 0.0684844 0.0696698
0 0.459734 0.444057 0.0272812 0.0393396
0 0.217273 0.422877 0.0837656 0.129057
0 0.400875 0.303208 0.047125 0.107453
13 0.566797 0.882594 0.078875 0.098066
13 0.819305 0.885967 0.0412969 0.0564151
13 0.30143 0.856698 0.162172 0.0999057
34 0.247156 0.742807 0.172938 0.0903302
35 0.347313 0.703809 0.0484062 0.0535613
0 0.662289 0.566144 0.0700156 0.0931368
