0 0.498452 0.494023 0.401172 0.781172
0 0.18386 0.430602 0.195753 0.179891
0 0.0619038 0.37582 0.092887 0.174391
0 0.26636 0.313969 0.0886611 0.0720937
0 0.098546 0.303172 0.0203138 0.0414375
0 0.136977 0.323695 0.0436192 0.0620781
0 0.187908 0.304555 0.0759414 0.0680156
0 0.695408 0.283742 0.0219456 0.0451719
0 0.645774 0.288633 0.0129707 0.0352656
24 0.280596 0.319539 0.0423222 0.0491719
31 0.920303 0.670023 0.118054 0.164547
0 0.0767259 0.686516 0.153452 0.626969
31 0.129205 0.492391 0.125774 0.0230312
31 0.656496 0.582203 0.0640377 0.0837813
0 0.292646 0.441648 0.0809414 0.133672
30 0.580837 0.836711 0.244351 0.126953
30 0.655262 0.681359 0.254958 0.164844
