39 0.753313 0.851534 0.068125 0.29192
39 0.804219 0.876347 0.033 0.221499
60 0.598664 0.909145 0.787672 0.146721
40 0.626453 0.900047 0.0530937 0.198923
40 0.338117 0.935667 0.0617344 0.128665
40 0.404 0.925902 0.0588125 0.132037
0 0.637953 0.580902 0.391313 0.653934
0 0.300266 0.519965 0.302156 0.935105
0 0.0707891 0.752635 0.141578 0.493232
0 0.139422 0.698618 0.278844 0.602763
0 0.0899297 0.252611 0.0955781 0.166206
41 0.865305 0.902998 0.0757031 0.192693
41 0.691898 0.951382 0.0901406 0.0972365
0 0.202891 0.290984 0.058625 0.1237
0 0.838578 0.508583 0.180344 0.531358
0 0.79693 0.246089 0.0562656 0.0902576
0 0.628648 0.235386 0.0505469 0.0694145
0 0.470547 0.391077 0.069625 0.277049
0 0.913547 0.310141 0.134438 0.211054
0 0.6965 0.285293 0.0640938 0.188618
39 0.855102 0.903126 0.101078 0.193747
40 0.909586 0.411885 0.0268906 0.0796956
41 0.465062 0.951897 0.055875 0.0934895
41 0.538953 0.937635 0.05 0.121639
60 0.922938 0.505293 0.0554063 0.166792
0 0.435063 0.258361 0.0527188 0.158689
56 0.746797 0.467096 0.076 0.102717
