57 0.330648 0.612906 0.661297 0.752688
0 0.494336 0.640573 0.447203 0.526021
0 0.405203 0.692604 0.538594 0.614792
43 0.767516 0.204385 0.004375 0.0328958
69 0.916617 0.462156 0.165672 0.275771
39 0.573273 0.251688 0.0180781 0.087
43 0.772445 0.204687 0.00789063 0.0324167
43 0.761555 0.204094 0.00992188 0.0306875
65 0.275234 0.805802 0.0360938 0.0340625
72 0.984187 0.495229 0.031625 0.230417
45 0.690961 0.263365 0.0832344 0.0432292
67 0.368 0.565677 0.0667188 0.102521
67 0.275992 0.80476 0.0339531 0.0329792
67 0.28543 0.777688 0.0360781 0.0254583
71 0.647609 0.292479 0.110312 0.0324583
