69 0.501133 0.493267 0.996297 0.977588
52 0.278844 0.481218 0.0924375 0.091007
52 0.315492 0.541593 0.137922 0.152459
52 0.329484 0.387354 0.0529375 0.0456674
52 0.436914 0.395047 0.0420781 0.0615222
52 0.457289 0.531698 0.0851719 0.149719
52 0.19025 0.543759 0.127438 0.116136
52 0.247609 0.453454 0.0893125 0.0661593
52 0.392789 0.467084 0.0617656 0.0855504
52 0.346516 0.427717 0.07525 0.0920141
52 0.379164 0.399977 0.0420781 0.0618267
52 0.419148 0.417295 0.0638594 0.0425527
52 0.744008 0.554637 0.124172 0.133443
52 0.554773 0.546546 0.109266 0.137494
52 0.829727 0.533279 0.115297 0.123419
52 0.706258 0.465609 0.0875156 0.0864871
52 0.624898 0.475925 0.0782344 0.0934426
