17 0.7802 0.887587 0.22236 0.22472
5 0.19616 0.675973 0.39152 0.201387
17 0.9311 0.856053 0.07748 0.142133
0 0.58834 0.719373 0.03448 0.1604
0 0.88476 0.702987 0.11908 0.19296
0 0.49375 0.898107 0.16742 0.203787
0 0.87494 0.912267 0.12668 0.175467
0 0.48474 0.744 0.05576 0.149653
0 0.33524 0.7698 0.05928 0.208133
0 0.71031 0.9178 0.11318 0.144133
0 0.10747 0.781493 0.04206 0.149973
0 0.12117 0.926947 0.05994 0.143173
0 0.60286 0.562893 0.01304 0.0571467
0 0.76681 0.761613 0.0861 0.283813
0 0.53511 0.760667 0.02866 0.15056
1 0.61578 0.688827 0.02164 0.05552
2 0.30331 0.963693 0.2221 0.0726133
2 0.89691 0.69296 0.20542 0.100747
26 0.84624 0.955813 0.02356 0.0883733
26 0.53593 0.958027 0.0125 0.0839467
0 0.55551 0.73672 0.02426 0.15872
17 0.96349 0.851733 0.07302 0.296533
