50 0.1 0.517647 0.2 0.145882
44 0.856176 0.551691 0.287647 0.119101
45 0.5 0.494935 1 0.989869
50 0.385907 0.211626 0.10067 0.123056
50 0.235417 0.275547 0.176454 0.138186
50 0.463742 0.291136 0.0864706 0.0774346
51 0.384011 0.753374 0.209461 0.18469
51 0.253938 0.823595 0.220229 0.141569
51 0.240678 0.576593 0.11835 0.175082
60 0.501119 0.494387 0.993252 0.984265
50 0.180147 0.753578 0.263431 0.175229
50 0.641985 0.592255 0.128284 0.110098
50 0.555588 0.202492 0.0800327 0.0957026
51 0.241381 0.443162 0.152239 0.12067
51 0.1479 0.829845 0.198154 0.134984
51 0.380237 0.376928 0.0871732 0.0837255
51 0.656708 0.411985 0.0938072 0.161781
51 0.360237 0.820613 0.122533 0.103382
51 0.720654 0.555319 0.086732 0.0788399
51 0.378701 0.903039 0.188807 0.0531373
51 0.554502 0.344109 0.141846 0.063219
