18 0.304195 0.825797 0.139797 0.206937
18 0.456625 0.835516 0.125937 0.205938
18 0.599016 0.835055 0.108062 0.179266
18 0.653273 0.809703 0.0834219 0.233969
18 0.732445 0.802586 0.156078 0.258922
18 0.888852 0.813289 0.199078 0.242766
18 0.181477 0.844883 0.0729219 0.164859
18 0.241641 0.836461 0.0838125 0.179953
18 0.393641 0.838922 0.0611563 0.177437
14 0.747312 0.147242 0.0149062 0.0169531
14 0.713742 0.155578 0.0198281 0.0137187
14 0.673789 0.146508 0.0171094 0.0109844
14 0.632117 0.100359 0.0140781 0.0098125
18 0.524578 0.830719 0.0614062 0.177656
14 0.507258 0.0830469 0.0152031 0.0112812
14 0.351422 0.0909688 0.014125 0.013
14 0.378148 0.101797 0.0166719 0.019
14 0.938773 0.258563 0.0176406 0.0193125
14 0.91643 0.244875 0.0130156 0.0186562
14 0.830039 0.215086 0.0138594 0.00726563
14 0.48568 0.132328 0.0137031 0.01525
14 0.778664 0.196578 0.0103594 0.0100938
14 0.663922 0.163297 0.0122813 0.0085
14 0.555641 0.170828 0.0115 0.0089375
14 0.534219 0.100898 0.0103438 0.00970312
14 0.180586 0.243273 0.0136719 0.0162344
14 0.863516 0.0897031 0.011375 0.0119688
