56 0.917557 0.100621 0.159395 0.200065
56 0.69991 0.336266 0.189951 0.133513
56 0.484575 0.216544 0.123235 0.105637
60 0.501127 0.552925 0.997745 0.869379
40 0.367941 0.466577 0.075098 0.196389
40 0.736234 0.440572 0.104395 0.109804
42 0.343317 0.64277 0.209052 0.0609641
43 0.317459 0.63701 0.209624 0.039281
45 0.750964 0.607018 0.305556 0.234755
45 0.456111 0.405498 0.251209 0.168578
43 0.718211 0.439951 0.106225 0.0598366
50 0.747051 0.557917 0.0497222 0.0387418
50 0.816438 0.599175 0.0412418 0.0361928
50 0.743292 0.618064 0.0819118 0.0610948
50 0.671822 0.57665 0.0781863 0.0396078
50 0.769755 0.588758 0.0500654 0.0469935
56 0.142304 0.759706 0.284608 0.480588
56 0.0486111 0.121471 0.0961438 0.0343791
75 0.168407 0.107704 0.14884 0.211487
