0 0.577422 0.583865 0.183875 0.247312
0 0.744023 0.545281 0.0451719 0.187562
0 0.876047 0.548333 0.0319375 0.0767917
0 0.680469 0.549802 0.0285 0.0685625
0 0.955875 0.531469 0.0199375 0.0289375
1 0.711148 0.586094 0.0285156 0.0760625
0 0.971672 0.51151 0.0075625 0.0164792
0 0.451305 0.46024 0.0176719 0.0413958
0 0.359469 0.525323 0.0137187 0.0269375
0 0.314758 0.532865 0.0142031 0.0336458
1 0.180703 0.564813 0.0388125 0.0321667
1 0.487695 0.607052 0.0710469 0.0438958
2 0.136477 0.534437 0.0126094 0.0340833
29 0.534445 0.559875 0.0393906 0.0215833
0 0.602773 0.522781 0.00926562 0.0238542
0 0.919016 0.538792 0.0120938 0.023875
1 0.76075 0.597812 0.0331562 0.0552083
0 0.347727 0.533958 0.00367188 0.00558333
0 0.882141 0.51101 0.0093125 0.0209792
1 0.656914 0.618708 0.00732813 0.00604167
2 0.263633 0.541885 0.0117344 0.0143542
