39 0.106547 0.665812 0.0113125 0.0479583
39 0.163961 0.781406 0.0166406 0.0562708
72 0.454875 0.599771 0.193375 0.464333
45 0.0887266 0.665542 0.0250156 0.0315417
41 0.857297 0.573063 0.0155937 0.021375
41 0.879883 0.552198 0.0131719 0.0354792
41 0.270734 0.565594 0.017625 0.0433542
45 0.166055 0.575333 0.0570469 0.031
45 0.175078 0.673635 0.0286563 0.0238125
69 0.710703 0.522813 0.0994687 0.138792
73 0.136055 0.658729 0.00970312 0.0564167
73 0.116484 0.658708 0.0115937 0.051125
73 0.152227 0.657219 0.0216406 0.0560625
39 0.126266 0.657073 0.0088125 0.0582708
45 0.518969 0.331646 0.0624062 0.0687917
45 0.431719 0.340406 0.0948125 0.0421458
