2 0.47908 0.644232 0.14136 0.204307
5 0.73945 0.494172 0.23602 0.27491
5 0.3568 0.399955 0.03292 0.0703916
0 0.04059 0.506265 0.0295 0.10506
0 0.15449 0.469066 0.01002 0.0556627
0 0.225 0.49 0.02736 0.0862651
0 0.25563 0.487831 0.01534 0.0823494
0 0.6248 0.477726 0.01292 0.0605723
0 0.56219 0.458735 0.01198 0.0579518
2 0.4238 0.42881 0.0258 0.0345482
5 0.47522 0.415738 0.05008 0.0885241
9 0.43391 0.396837 0.0211 0.0377108
13 0.91365 0.610361 0.04382 0.0238554
0 0.60273 0.46637 0.01046 0.0540663
0 0.13329 0.490286 0.01402 0.0759337
0 0.76837 0.518102 0.02474 0.0314458
9 0.13336 0.387786 0.01192 0.0365361
0 0.16542 0.477033 0.01684 0.0615964
