39 0.650266 0.462833 0.0359375 0.104667
39 0.4065 0.352365 0.0260312 0.116354
39 0.42368 0.358802 0.0280469 0.122771
39 0.430781 0.317188 0.0139063 0.02725
43 0.435063 0.340385 0.0270625 0.0355208
43 0.469938 0.35701 0.038625 0.0589792
69 0.296625 0.715729 0.1955 0.424708
71 0.744289 0.620062 0.454109 0.265083
41 0.11368 0.329125 0.0450781 0.0765
43 0.462133 0.371865 0.0266094 0.0351458
43 0.463328 0.401281 0.0217188 0.0310625
43 0.445469 0.39249 0.0259688 0.0294375
43 0.448492 0.368885 0.0289531 0.0403958
45 0.0274219 0.314354 0.0508125 0.08925
39 0.930023 0.540042 0.0380156 0.155
43 0.454141 0.352615 0.0235313 0.0322708
