27 0.287454 0.363219 0.0163699 0.0395313
41 0.169452 0.428273 0.0293151 0.0297344
41 0.146107 0.500453 0.0350913 0.03975
41 0.0517352 0.541023 0.030411 0.0340156
41 0.473744 0.648203 0.0396804 0.0497812
41 0.405205 0.468672 0.0308676 0.0291563
44 0.276267 0.597008 0.0698858 0.0364531
0 0.77113 0.773086 0.285731 0.281109
0 0.297374 0.337992 0.200913 0.123422
0 0.589463 0.619313 0.214269 0.1745
0 0.68347 0.5315 0.166941 0.220938
0 0.548938 0.373828 0.0958676 0.0800312
0 0.563562 0.451 0.159132 0.185406
0 0.435856 0.385406 0.217831 0.131688
0 0.791347 0.893258 0.249543 0.119109
0 0.653105 0.719555 0.190594 0.207578
0 0.0932534 0.363648 0.0471461 0.0638906
0 0.0623858 0.407953 0.0390183 0.176594
41 0.373322 0.397539 0.0283333 0.0474844
41 0.561233 0.836953 0.0509132 0.0574375
45 0.371324 0.606734 0.121918 0.0541562
45 0.223459 0.61457 0.143174 0.0724531
45 0.0846689 0.489117 0.0572374 0.0255469
45 0.111279 0.419047 0.0449772 0.022125
45 0.515833 0.58032 0.0526712 0.0327969
45 0.542842 0.636781 0.0757306 0.0420625
45 0.460765 0.508977 0.0560959 0.0231094
41 0.443379 0.562062 0.0430137 0.0449375
41 0.094532 0.589031 0.0529452 0.0488438
41 0.17968 0.456477 0.0430594 0.0297969
41 0.264829 0.393953 0.0324886 0.0303438
41 0.48645 0.73018 0.0528082 0.0605156
45 0.118505 0.457516 0.0525799 0.0233437
45 0.463539 0.475938 0.0495434 0.0327812
45 0.317888 0.819836 0.1929 0.0827969
45 0.578824 0.734023 0.0681507 0.0422969
60 0.352957 0.68182 0.705913 0.605203
41 0.376381 0.489789 0.0313014 0.0337656
45 0.285034 0.390602 0.021895 0.0191094
45 0.064726 0.524344 0.0439726 0.0281563
