4 0.500789 0.580898 0.998422 0.613503
0 0.723398 0.737661 0.0239219 0.124235
0 0.683023 0.705111 0.0277969 0.0778049
0 0.656664 0.710322 0.0272031 0.117583
0 0.914859 0.908803 0.0334375 0.0830155
0 0.670312 0.691774 0.019875 0.108337
0 0.647297 0.681098 0.0327812 0.112173
0 0.868773 0.909545 0.0367656 0.147871
0 0.566383 0.913437 0.0396094 0.149446
0 0.697078 0.634346 0.0299687 0.0452772
0 0.965344 0.855565 0.0379063 0.132328
27 0.868453 0.872339 0.00559375 0.0325721
0 0.964117 0.958902 0.0316719 0.0821951
0 0.695438 0.746696 0.0309687 0.133171
27 0.698133 0.708792 0.00307813 0.0165188
0 0.901445 0.964878 0.0422656 0.0702439
