17 0.447047 0.525833 0.220438 0.188167
0 0.432336 0.452948 0.0452969 0.160687
0 0.413336 0.412958 0.0364844 0.0489167
0 0.589891 0.903021 0.0556562 0.193958
0 0.634547 0.887635 0.055625 0.188771
0 0.692836 0.899021 0.0520469 0.201958
0 0.95468 0.901031 0.0659219 0.194771
0 0.834977 0.912396 0.0750156 0.164958
0 0.829328 0.82825 0.065875 0.09075
0 0.765 0.901198 0.073 0.197604
0 0.553695 0.908094 0.0693906 0.183813
17 0.4075 0.443417 0.0459375 0.05
0 0.884586 0.910937 0.0517344 0.177958
26 0.219664 0.911427 0.0343281 0.0892708
26 0.622227 0.873833 0.0370156 0.106875
0 0.391594 0.913552 0.0726875 0.172896
0 0.456094 0.911865 0.04675 0.175979
