25 0.402938 0.438536 0.27075 0.332389
25 0.553523 0.321487 0.129859 0.140867
25 0.594469 0.431897 0.151438 0.105621
56 0.212266 0.622623 0.0762812 0.119813
56 0.316664 0.627014 0.117578 0.252436
56 0.449109 0.651452 0.10525 0.194754
56 0.552984 0.630632 0.0931562 0.177939
56 0.195195 0.655199 0.0739219 0.0674473
0 0.166844 0.0400585 0.0433438 0.0801171
0 0.450633 0.496288 0.0687656 0.118665
0 0.762391 0.925843 0.112437 0.121335
0 0.522687 0.536628 0.0735 0.151007
0 0.573063 0.519625 0.0640625 0.099719
0 0.957383 0.757049 0.0838906 0.0563934
56 0.610648 0.564016 0.0322656 0.173044
56 0.380922 0.482073 0.0409062 0.0770726
56 0.465156 0.441417 0.0289375 0.039274
56 0.79932 0.990234 0.111953 0.0191101
0 0.946484 0.973138 0.0733125 0.0537237
0 0.407711 0.468466 0.0749844 0.111546
0 0.484578 0.463302 0.0650312 0.0799532
0 0.33782 0.53877 0.101922 0.214543
56 0.0146875 0.386991 0.029375 0.105316
