2 0.599711 0.801075 0.302016 0.341916
2 0.546172 0.613879 0.0942813 0.108458
2 0.486844 0.575514 0.0902813 0.0962617
2 0.587477 0.54535 0.0572969 0.042243
2 0.803102 0.540304 0.0375781 0.0540654
5 0.214688 0.582991 0.402438 0.574953
0 0.246016 0.549428 0.0509063 0.0867991
1 0.955867 0.810748 0.0882656 0.296168
0 0.107641 0.516717 0.0705313 0.0759579
1 0.89718 0.691612 0.0544531 0.144813
2 0.428891 0.553306 0.0295 0.0671262
2 0.473281 0.541005 0.0742188 0.0538318
0 0.528875 0.575561 0.0120938 0.0189252
0 0.547211 0.691355 0.0323906 0.0504206
2 0.630047 0.628586 0.136094 0.0440888
0 0.198922 0.530432 0.026125 0.0395093
