57 0.563539 0.730399 0.670422 0.466804
60 0.433695 0.432479 0.248391 0.0561983
56 0.421805 0.469793 0.0887344 0.0561157
56 0.444469 0.443939 0.0832187 0.10303
56 0.654219 0.459118 0.0395 0.0853994
56 0.299492 0.472879 0.0419844 0.122176
71 0.47593 0.274835 0.0697969 0.0085124
73 0.180688 0.632521 0.0795625 0.0287328
73 0.180438 0.617893 0.0737187 0.0263085
28 0.141422 0.52354 0.0965312 0.13011
41 0.524844 0.405386 0.0166875 0.0566116
56 0.328453 0.426612 0.0451562 0.0676033
63 0.5075 0.396887 0.0682187 0.0751515
65 0.188297 0.652011 0.0534375 0.0258402
68 0.325391 0.179353 0.0255937 0.0723691
75 0.80307 0.346061 0.0302344 0.109091
69 0.359203 0.354807 0.0204688 0.10405
72 0.5245 0.258237 0.0179375 0.237521
