56 0.831391 0.868107 0.172187 0.263785
60 0.4805 0.815981 0.549312 0.340093
60 0.0834375 0.425549 0.113875 0.20222
0 0.774086 0.660047 0.216141 0.413645
0 0.16493 0.680175 0.329859 0.619369
0 0.308164 0.417173 0.128672 0.357477
0 0.636336 0.414322 0.125828 0.322056
0 0.0452109 0.285981 0.0892969 0.151729
0 0.533094 0.2991 0.0975 0.332126
53 0.626945 0.778481 0.0828594 0.0684112
53 0.394945 0.72736 0.0825781 0.0523832
53 0.674336 0.636752 0.0419531 0.0882243
39 0.477813 0.441834 0.045875 0.106706
39 0.107711 0.305479 0.0151406 0.0506308
41 0.836773 0.30604 0.0113906 0.021285
41 0.865234 0.366636 0.015375 0.0211215
41 0.12993 0.321355 0.0150781 0.0170561
41 0.89825 0.332418 0.0129688 0.0222196
56 0.0966094 0.874428 0.193219 0.251145
56 0.256992 0.532909 0.176953 0.302126
56 0.496133 0.407886 0.0897031 0.114322
56 0.768117 0.474054 0.0449844 0.0802103
56 0.589023 0.427033 0.0516406 0.12715
60 0.125523 0.298773 0.0616719 0.0556308
0 0.667539 0.522874 0.206172 0.396215
0 0.150875 0.321355 0.130812 0.20729
56 0.0693828 0.270713 0.0225781 0.051986
56 0.291281 0.512068 0.123 0.175164
56 0.433383 0.588306 0.147641 0.210397
60 0.482617 0.458785 0.201578 0.142523
60 0.811109 0.399918 0.157094 0.20535
41 0.836641 0.315678 0.0117188 0.005
41 0.879672 0.367921 0.0149687 0.0202804
41 0.837078 0.318738 0.0133437 0.00584112
41 0.832484 0.347605 0.0170625 0.0595561
53 0.418891 0.461554 0.02975 0.0196495
