3 0.529047 0.502073 0.192844 0.437869
0 0.118422 0.622611 0.033625 0.123302
0 0.773258 0.659953 0.0309219 0.142061
0 0.951836 0.672529 0.0430781 0.175082
0 0.629977 0.654145 0.0244219 0.120422
0 0.365914 0.639145 0.0325469 0.119649
0 0.333594 0.629215 0.0404687 0.130328
0 0.226375 0.632623 0.03725 0.133115
0 0.532422 0.368349 0.179812 0.423349
0 0.268039 0.627014 0.0439219 0.117447
0 0.92057 0.665164 0.0329844 0.170796
0 0.315117 0.657225 0.0157344 0.0536534
0 0.403648 0.643747 0.0302031 0.125199
3 0.976437 0.671218 0.0237813 0.0699297
