25 0.762922 0.580969 0.039375 0.0238958
25 0.71175 0.570344 0.0350312 0.0185208
25 0.685219 0.573229 0.0262812 0.0185833
25 0.555711 0.553083 0.0307031 0.0156667
25 0.620609 0.561375 0.0285625 0.0142083
25 0.578789 0.557896 0.0277656 0.014375
25 0.377273 0.793729 0.0540781 0.0421667
25 0.546055 0.530896 0.0317031 0.016875
25 0.525172 0.526729 0.03 0.0184583
25 0.504586 0.523594 0.0192344 0.0153958
25 0.735633 0.576875 0.0395156 0.01975
25 0.354805 0.780396 0.0350781 0.0150833
25 0.64057 0.565115 0.0307969 0.0219375
56 0.677609 0.593104 0.0164063 0.018
56 0.603266 0.601938 0.0105 0.0112083
56 0.571648 0.595833 0.0253594 0.0187083
