74 0.082625 0.570094 0.0311667 0.100063
56 0.270698 0.815656 0.201354 0.34675
56 0.72875 0.805625 0.27675 0.38875
60 0.549552 0.524344 0.0612292 0.029875
73 0.72225 0.269563 0.0133333 0.0496875
73 0.689604 0.346547 0.0130833 0.0560937
73 0.67675 0.42025 0.154958 0.0751875
73 0.408021 0.221937 0.093125 0.055375
73 0.698781 0.350281 0.0068125 0.0470625
73 0.666865 0.351641 0.00585417 0.0490938
73 0.694573 0.343687 0.193271 0.0641875
73 0.758813 0.270406 0.014625 0.052
73 0.627292 0.205984 0.0106667 0.0536563
73 0.70499 0.275375 0.0168958 0.0506875
73 0.641771 0.277 0.0100833 0.05
73 0.633458 0.284422 0.00875 0.0365313
73 0.681198 0.212969 0.0170625 0.0364375
