8 0.649656 0.767646 0.358125 0.151417
8 0.924836 0.711719 0.143578 0.231979
8 0.239578 0.680396 0.0927813 0.0767917
8 0.0664141 0.751594 0.132828 0.0851042
8 0.231422 0.762385 0.310812 0.146396
74 0.427438 0.416948 0.0255937 0.0301042
0 0.890562 0.68651 0.01025 0.0448125
8 0.400687 0.701865 0.281813 0.144437
25 0.149164 0.671083 0.0257344 0.0339583
25 0.171453 0.673573 0.0305625 0.0352708
0 0.8 0.670802 0.0469062 0.0567708
25 0.106852 0.645333 0.0338594 0.025125
25 0.0726953 0.637333 0.0261719 0.0125
25 0.0725625 0.662177 0.0295312 0.0137708
25 0.0445391 0.659833 0.0289219 0.0132917
25 0.0295312 0.640198 0.0181562 0.0130625
25 0.117547 0.67301 0.027 0.0359792
25 0.197031 0.662812 0.016 0.013
25 0.0985547 0.661354 0.0231406 0.01625
25 0.0617109 0.640635 0.0202656 0.0160625
25 0.129359 0.661021 0.0098125 0.0130833
25 0.131711 0.668115 0.0141719 0.0060625
