58 0.261521 0.244898 0.208625 0.172328
56 0.844521 0.702672 0.310958 0.434
73 0.119 0.571891 0.169583 0.042625
73 0.0190208 0.611641 0.0374583 0.0332188
73 0.6495 0.54382 0.0765417 0.0308281
73 0.130771 0.576352 0.189292 0.0838906
73 0.0394479 0.629891 0.0712708 0.03325
75 0.82599 0.475523 0.0429375 0.0565469
75 0.780333 0.458953 0.0369583 0.0765938
75 0.964458 0.457445 0.0312917 0.0606406
75 0.698771 0.452328 0.04475 0.0773125
75 0.87001 0.476609 0.0253542 0.0525625
75 0.910552 0.458984 0.0249792 0.0668438
75 0.744406 0.52118 0.0347708 0.0319844
75 0.741656 0.46768 0.0240625 0.0481406
60 0.67824 0.595891 0.192938 0.185
56 0.422427 0.580164 0.289438 0.290922
