32 0.302367 0.503002 0.0257656 0.0349163
38 0.819312 0.309498 0.0505 0.0849791
0 0.699047 0.629215 0.246719 0.7191
0 0.868555 0.429665 0.115797 0.29887
0 0.548352 0.354467 0.0639219 0.279435
0 0.600445 0.0681695 0.0514531 0.0901464
0 0.648492 0.0574059 0.0759844 0.113975
0 0.539836 0.0624791 0.0698906 0.105628
0 0.458672 0.0706695 0.0492187 0.0914226
0 0.419008 0.145188 0.0603281 0.24159
0 0.321742 0.148347 0.0665156 0.229749
0 0.289234 0.0762866 0.0349375 0.0619456
13 0.904367 0.0563808 0.191266 0.0774059
56 0.356617 0.40569 0.0732344 0.14431
56 0.43882 0.409571 0.0678906 0.134707
0 0.361898 0.0748431 0.0368906 0.0715272
0 0.928359 0.0799791 0.0662812 0.0670711
0 0.520227 0.0593201 0.0217656 0.0414435
