0 0.515727 0.442694 0.141578 0.674167
0 0.0462344 0.547444 0.0658438 0.286056
0 0.0987266 0.633458 0.0267969 0.110472
13 0.335789 0.692861 0.150078 0.135278
13 0.195609 0.679611 0.0865 0.107111
13 0.611102 0.634347 0.118234 0.09475
36 0.520016 0.79675 0.190938 0.0729444
13 0.861797 0.610708 0.1505 0.17475
13 0.237289 0.678097 0.0431406 0.0731944
13 0.421828 0.679403 0.0436563 0.0901389
36 0.0145625 0.617639 0.0079375 0.134111
39 0.31025 0.663792 0.00871875 0.0396389
13 0.984258 0.554847 0.0314844 0.115306
39 0.626648 0.643792 0.0111406 0.04075
39 0.378289 0.753931 0.0125781 0.0179167
