0 0.596056 0.316945 0.411972 0.301516
0 0.170552 0.375336 0.341103 0.169234
0 0.233662 0.333383 0.14446 0.167141
40 0.339624 0.719227 0.31108 0.510203
42 0.939859 0.677844 0.120282 0.0917813
43 0.906455 0.686859 0.187089 0.1105
75 0.633016 0.651312 0.205939 0.431469
44 0.939624 0.674922 0.120751 0.093
0 0.826467 0.296445 0.171667 0.141078
0 0.921009 0.304438 0.0730986 0.0551562
0 0.959378 0.295977 0.0588028 0.0498281
0 0.267735 0.286227 0.0619484 0.0527969
0 0.928439 0.476383 0.143122 0.333078
0 0.0398357 0.27318 0.0796714 0.0582344
0 0.331772 0.300984 0.0583333 0.058625
56 0.131925 0.485328 0.259859 0.0938438
56 0.842031 0.551445 0.0900235 0.149234
56 0.304401 0.375289 0.0756573 0.0663594
0 0.478709 0.272266 0.126197 0.0785937
60 0.496901 0.806453 0.986056 0.356594
60 0.366479 0.414969 0.145399 0.07275
60 0.246033 0.335266 0.248122 0.0255625
