58 0.111029 0.835596 0.13781 0.178252
58 0.812704 0.797206 0.120147 0.152908
58 0.184273 0.341577 0.278644 0.575278
60 0.5 0.665858 1 0.668284
13 0.772459 0.220654 0.348088 0.259477
43 0.876773 0.922108 0.246454 0.0498039
55 0.433064 0.511765 0.460114 0.632288
0 0.384199 0.0814788 0.115425 0.159428
0 0.654346 0.0966748 0.0620915 0.104232
0 0.675735 0.107435 0.0666667 0.0961765
0 0.908995 0.0707843 0.0426961 0.141569
0 0.743382 0.119191 0.186438 0.117206
0 0.765474 0.0343546 0.0642484 0.0687092
55 0.766422 0.235645 0.0689542 0.0832843
75 0.209371 0.541013 0.0654412 0.168954
0 0.730441 0.0838399 0.0445752 0.0697059
0 0.798652 0.0815114 0.0315196 0.095866
55 0.610106 0.220989 0.045768 0.0880882
55 0.800989 0.227083 0.0524346 0.0850817
55 0.855482 0.365564 0.0784804 0.0884477
55 0.907116 0.380629 0.0827614 0.0950163
55 0.974632 0.391168 0.0507353 0.0854085
55 0.652026 0.224641 0.0712418 0.104412
