58 0.0310312 0.8795 0.0620625 0.100292
58 0.0700391 0.872073 0.0508281 0.108937
58 0.115133 0.862104 0.0477344 0.111375
58 0.195492 0.850021 0.0454219 0.112
58 0.234461 0.841896 0.0320469 0.106292
58 0.1605 0.863885 0.0468438 0.0976042
58 0.267734 0.833531 0.0429688 0.118688
58 0.305898 0.824344 0.0421406 0.112354
58 0.375 0.817969 0.03875 0.0808958
58 0.51032 0.748156 0.0241719 0.0499375
58 0.394094 0.814813 0.033375 0.0734167
58 0.461797 0.718729 0.0404375 0.121333
58 0.350187 0.837833 0.0249375 0.057
58 0.412719 0.811542 0.0208125 0.0645417
58 0.423508 0.801156 0.0115156 0.0694375
58 0.324625 0.819708 0.0280938 0.106
23 0.0353906 0.620219 0.0707812 0.215729
23 0.19057 0.617396 0.0489219 0.201625
23 0.228695 0.646906 0.0464531 0.132938
23 0.310734 0.559375 0.0565 0.2685
23 0.518227 0.575594 0.102703 0.211271
23 0.728375 0.563917 0.091 0.183875
23 0.809422 0.590167 0.1015 0.109875
23 0.846992 0.5105 0.0674844 0.0762917
23 0.855125 0.562823 0.048875 0.139604
23 0.404898 0.552615 0.0511719 0.227604
23 0.590586 0.371875 0.0397031 0.0934167
23 0.610578 0.364438 0.0236875 0.079625
23 0.891625 0.583479 0.0818438 0.092875
