0 0.611797 0.136396 0.124719 0.265167
0 0.787758 0.205146 0.173891 0.405167
0 0.266641 0.10526 0.0545625 0.103354
26 0.790547 0.275792 0.0978437 0.132583
0 0.169945 0.0930312 0.0580156 0.119646
47 0.499664 0.143292 0.0478906 0.07775
49 0.332758 0.123896 0.00901562 0.01175
49 0.315016 0.124969 0.00890625 0.0104792
49 0.323398 0.138125 0.0689531 0.0770417
51 0.130797 0.588292 0.0418125 0.049875
51 0.34382 0.749438 0.101109 0.164042
51 0.10668 0.621198 0.0193594 0.0522708
51 0.0168906 0.704812 0.0271875 0.0502917
51 0.0884141 0.813042 0.0174219 0.0697083
51 0.347773 0.577573 0.0316094 0.0476875
51 0.197313 0.542729 0.0459375 0.091
51 0.166719 0.59626 0.0285 0.0568125
51 0.237125 0.695781 0.035125 0.0515208
51 0.371312 0.638042 0.0714375 0.0414167
51 0.226742 0.715635 0.452703 0.369354
0 0.444102 0.131458 0.106172 0.146083
0 0.541414 0.121021 0.0527031 0.135667
0 0.665211 0.239896 0.0342656 0.172625
51 0.269461 0.555094 0.106016 0.104896
