72 0.241008 0.460302 0.212359 0.417979
56 0.543539 0.79076 0.0960781 0.381146
56 0.76693 0.601583 0.169297 0.0993333
56 0.208805 0.593802 0.0887656 0.256271
60 0.768 0.813396 0.46375 0.372792
71 0.56243 0.426177 0.126547 0.0151458
39 0.540148 0.158708 0.0127344 0.0487083
39 0.583078 0.158167 0.0131875 0.0485833
39 0.604375 0.156281 0.0130625 0.0536875
39 0.63932 0.162938 0.0161094 0.0357083
39 0.262453 0.153417 0.0192187 0.0485
43 0.717063 0.406885 0.0132188 0.0176042
43 0.715398 0.390104 0.0138906 0.0198333
43 0.726328 0.376646 0.014625 0.0247083
43 0.720938 0.387219 0.0115312 0.0196458
43 0.717367 0.388073 0.0140469 0.0276875
44 0.757461 0.383219 0.00801563 0.0310208
44 0.745477 0.385969 0.00798438 0.0296875
45 0.245719 0.240396 0.0556562 0.023875
56 0.368203 0.437771 0.0353438 0.11975
69 0.771633 0.531271 0.228672 0.254292
43 0.723602 0.380917 0.0157344 0.022625
