0 0.181422 0.311916 0.110531 0.433645
0 0.758172 0.493692 0.181844 0.858411
0 0.437617 0.381355 0.0937656 0.316402
0 0.338891 0.4191 0.100687 0.280911
24 0.327156 0.801577 0.116594 0.280631
24 0.451594 0.841577 0.148781 0.294369
28 0.474133 0.649428 0.106703 0.11236
28 0.794516 0.686928 0.0677813 0.231986
28 0.0562266 0.713224 0.109453 0.405841
28 0.342703 0.623189 0.0890312 0.0866589
56 0.266187 0.421028 0.0827187 0.207523
56 0.62268 0.438178 0.0817656 0.198318
56 0.516687 0.434241 0.0757188 0.211706
56 0.432711 0.425946 0.0650156 0.192266
56 0.352898 0.414077 0.0719531 0.180958
67 0.396969 0.335257 0.017375 0.0181308
26 0.117172 0.423002 0.0462187 0.125724
26 0.62218 0.391484 0.0946094 0.0967523
56 0.898922 0.565631 0.183938 0.293738
67 0.21218 0.249603 0.00779687 0.0102804
24 0.101844 0.336086 0.0773125 0.0910047
24 0.59175 0.568388 0.0825937 0.106402
0 0.543687 0.362336 0.125063 0.32986
26 0.620195 0.357208 0.0530781 0.0328271
26 0.0610156 0.43347 0.071625 0.12965
26 0.613055 0.841273 0.241922 0.288762
26 0.0130547 0.435362 0.0261094 0.0981542
