58 0.630031 0.596198 0.0845937 0.115271
57 0.847805 0.595177 0.304391 0.340771
56 0.666039 0.793125 0.281516 0.378167
73 0.0898047 0.6635 0.103453 0.137083
73 0.445617 0.584969 0.0852344 0.0398542
73 0.0845391 0.139813 0.0202344 0.118375
73 0.159109 0.35099 0.157781 0.0128958
73 0.376305 0.307906 0.0389844 0.0767292
73 0.475484 0.29549 0.0114687 0.0946042
75 0.250242 0.874531 0.0388906 0.103688
73 0.512469 0.328708 0.0111562 0.0956667
73 0.534562 0.325417 0.0479375 0.0962917
73 0.359047 0.169698 0.0717812 0.0199375
73 0.223008 0.293885 0.0562656 0.115771
73 0.424211 0.300667 0.0135469 0.0860833
73 0.455758 0.605688 0.0794844 0.0323333
75 0.673711 0.585437 0.0662969 0.120417
75 0.202719 0.88976 0.039875 0.0967292
75 0.162617 0.960573 0.0410469 0.0778958
39 0.238703 0.477542 0.0284375 0.1075
73 0.156 0.323969 0.13875 0.0207292
