56 0.240962 0.850281 0.365728 0.299437
56 0.629765 0.875539 0.463005 0.248922
56 0.197805 0.624719 0.133873 0.0609688
60 0.450939 0.699867 0.639906 0.210359
45 0.426901 0.637813 0.250798 0.0774375
68 0.466256 0.512781 0.128897 0.0797812
70 0.842312 0.548344 0.113357 0.0609688
73 0.471009 0.404609 0.0415493 0.0598437
73 0.485352 0.410273 0.028169 0.0587656
73 0.513592 0.414672 0.0320657 0.053375
73 0.499824 0.414766 0.0281925 0.0483125
73 0.589718 0.422391 0.0494366 0.0465
73 0.564425 0.420227 0.0229343 0.0399844
