2 0.914023 0.528333 0.0987969 0.126625
5 0.466594 0.437927 0.807531 0.487312
0 0.213867 0.304792 0.0372969 0.027875
0 0.402172 0.284917 0.046 0.0495833
0 0.47357 0.287031 0.0400156 0.0666875
0 0.624711 0.279021 0.0270469 0.034125
0 0.747445 0.262042 0.0353281 0.0544167
0 0.535109 0.278656 0.05225 0.0449375
0 0.432219 0.293406 0.026125 0.0289375
0 0.506141 0.28825 0.0169375 0.0295
0 0.549219 0.2665 0.0381563 0.0495417
9 0.22607 0.24625 0.0295781 0.0770417
0 0.411328 0.280208 0.023625 0.0468333
0 0.135766 0.306583 0.0234062 0.03425
0 0.289234 0.289177 0.0196563 0.0492292
0 0.271773 0.290375 0.0307656 0.0587083
