7 0.468125 0.447944 0.740875 0.528084
7 0.908016 0.363668 0.183969 0.422477
0 0.149961 0.145245 0.0510781 0.15007
0 0.881516 0.285502 0.0359063 0.0781075
0 0.295625 0.158318 0.0349375 0.141963
0 0.359695 0.164755 0.0336719 0.141332
0 0.685672 0.144755 0.0418125 0.0881075
0 0.0861328 0.145187 0.0328594 0.138318
0 0.189766 0.141928 0.048375 0.158107
0 0.429938 0.170222 0.0298125 0.127266
0 0.548945 0.173166 0.0440156 0.131612
0 0.673656 0.325549 0.0315937 0.0610047
0 0.0673203 0.141343 0.0250156 0.123528
0 0.478633 0.127558 0.0477656 0.0817991
0 0.486 0.19125 0.0320312 0.0702103
