18 0.153203 0.558044 0.0676875 0.0770258
18 0.0889219 0.576276 0.0666563 0.0629977
18 0.0631406 0.573841 0.0462187 0.069274
18 0.471055 0.562904 0.0583906 0.0852459
18 0.529195 0.555632 0.0495469 0.0694379
18 0.600844 0.549052 0.0514063 0.0875176
18 0.640695 0.554988 0.0266406 0.0872131
18 0.660047 0.536288 0.0335 0.0742623
18 0.693195 0.557728 0.0318594 0.0739578
18 0.393789 0.550492 0.0441406 0.0866979
18 0.715031 0.562939 0.0233437 0.061007
18 0.22532 0.558724 0.0594219 0.0722951
18 0.677969 0.518255 0.007875 0.0297658
18 0.748102 0.506803 0.0179219 0.0261124
18 0.7725 0.50082 0.0121875 0.0123653
18 0.834594 0.506674 0.0155937 0.0173302
0 0.435047 0.45082 0.0223125 0.0288993
0 0.976555 0.35507 0.0223906 0.116932
0 0.422484 0.469005 0.0235 0.0187588
