16 0.291664 0.842562 0.180297 0.294958
0 0.64818 0.646729 0.622047 0.706542
73 0.424703 0.293771 0.0078125 0.0785417
73 0.40925 0.29524 0.0075625 0.0751042
73 0.434688 0.292917 0.0165 0.0868333
73 0.450336 0.294437 0.0154844 0.109708
0 0.0545 0.909177 0.109 0.125521
73 0.417367 0.293271 0.00804688 0.0743333
73 0.394156 0.294448 0.0079375 0.0685625
73 0.465297 0.283156 0.0131875 0.0835208
73 0.460742 0.300167 0.00639062 0.099625
73 0.445625 0.305188 0.0111875 0.09775
0 0.828414 0.362177 0.328984 0.461729
63 0.464641 0.672427 0.330625 0.416229
73 0.474453 0.272875 0.0122188 0.0645833
73 0.402609 0.299802 0.011375 0.0954375
73 0.385297 0.288365 0.0107188 0.0624375
0 0.435328 0.172083 0.0186875 0.050375
0 0.461094 0.17076 0.0182187 0.0558125
0 0.448914 0.171448 0.0152969 0.0518542
0 0.428023 0.59599 0.0289844 0.110062
0 0.40232 0.625688 0.0465469 0.130125
0 0.420711 0.167156 0.0241406 0.0617292
0 0.281398 0.0448438 0.0253906 0.0787708
73 0.483922 0.268698 0.0112187 0.0538958
