31 0.3992 0.677793 0.12732 0.0342021
0 0.73337 0.400731 0.1243 0.22008
0 0.45188 0.323989 0.13488 0.266809
0 0.60564 0.603684 0.36704 0.495931
0 0.60488 0.377141 0.12112 0.209176
0 0.8742 0.331809 0.03736 0.0695745
0 0.19372 0.229734 0.13032 0.257606
0 0.8739 0.40891 0.1298 0.189628
0 0.79691 0.365559 0.07222 0.149894
0 0.06649 0.204987 0.1221 0.280718
0 0.24736 0.211649 0.06032 0.116383
0 0.27615 0.22375 0.05906 0.118032
0 0.55671 0.298537 0.06782 0.184309
24 0.25176 0.71762 0.14092 0.157739
24 0.32915 0.304282 0.08362 0.109734
0 0.65493 0.314441 0.07622 0.232287
