58 0.969633 0.701475 0.0607344 0.173208
58 0.542172 0.684473 0.155781 0.241874
58 0.627195 0.409286 0.148891 0.269532
56 0.285508 0.548173 0.0646719 0.123513
56 0.195734 0.554625 0.0859688 0.133091
56 0.11343 0.541159 0.0700469 0.137728
57 0.424039 0.657131 0.269797 0.271452
57 0.745383 0.695937 0.380234 0.341944
60 0.18393 0.542845 0.221797 0.140539
56 0.268398 0.485117 0.0311719 0.031452
56 0.16843 0.472974 0.0332656 0.0273068
56 0.217836 0.483279 0.0271406 0.0287588
58 0.18332 0.462447 0.0627344 0.0811007
75 0.19468 0.48356 0.0221406 0.0380328
75 0.546172 0.774567 0.0472187 0.0379859
