25 0.446511 0.254039 0.122389 0.0417344
25 0.292002 0.287156 0.0979157 0.0653125
25 0.71829 0.274836 0.0663232 0.0342031
0 0.632412 0.30182 0.0839344 0.0874844
0 0.72582 0.307719 0.0472834 0.0637812
0 0.303735 0.330828 0.0553396 0.127156
26 0.613044 0.312648 0.0353162 0.0252969
26 0.457178 0.295133 0.0500937 0.0343594
0 0.453232 0.326336 0.0561593 0.122797
25 0.753536 0.300805 0.0502576 0.0340469
26 0.721077 0.33925 0.0451991 0.0330937
26 0.343009 0.339359 0.029719 0.0299063
25 0.627119 0.276031 0.0973302 0.053125
