39 0.780023 0.302319 0.0258594 0.121452
56 0.556445 0.814379 0.156391 0.370211
56 0.412977 0.741007 0.117922 0.387073
44 0.316648 0.629274 0.0249219 0.0245433
45 0.712461 0.583443 0.0489844 0.0326932
43 0.822891 0.732365 0.0700313 0.00852459
43 0.820211 0.724953 0.0708906 0.00569087
44 0.293242 0.629883 0.0156094 0.0182201
45 0.303141 0.301534 0.0560937 0.0460656
45 0.647969 0.577354 0.04975 0.0474941
45 0.931953 0.707389 0.136094 0.102131
69 0.133437 0.876405 0.257875 0.224707
39 0.227211 0.548934 0.0147969 0.0430211
45 0.20168 0.311429 0.0392656 0.0283841
