29 0.443438 0.467079 0.02575 0.0789252
29 0.840156 0.438925 0.024125 0.0794393
0 0.4295 0.604065 0.094125 0.576916
0 0.541234 0.521869 0.042625 0.390841
0 0.84507 0.596729 0.0938906 0.613084
0 0.0951875 0.549089 0.03325 0.425374
29 0.0662969 0.479977 0.0245938 0.0515421
0 0.767305 0.552009 0.0532969 0.433832
0 0.853922 0.446939 0.0151875 0.158925
0 0.885992 0.530421 0.0396094 0.402897
0 0.197492 0.528037 0.0439844 0.390374
0 0.0454141 0.592593 0.0891719 0.567897
0 0.116539 0.437126 0.0168906 0.165561
0 0.400266 0.437079 0.01575 0.151729
0 0.736469 0.443084 0.020375 0.159907
0 0.516086 0.440023 0.0163594 0.160794
