2 0.297969 0.576656 0.0546562 0.0407708
2 0.387797 0.586948 0.057875 0.0617292
2 0.25307 0.56725 0.0421719 0.0305
2 0.103984 0.68576 0.02425 0.0289792
5 0.559086 0.371229 0.206484 0.163708
5 0.210711 0.54575 0.0612656 0.065625
7 0.775164 0.685896 0.442953 0.601792
7 0.280164 0.524604 0.0477656 0.0454583
2 0.589633 0.619052 0.0762969 0.0841042
2 0.0766953 0.678917 0.00557812 0.0121667
2 0.0631328 0.676521 0.0221719 0.037125
5 0.171539 0.550219 0.0217969 0.0238125
7 0.495141 0.544594 0.159812 0.106313
