2 0.0504695 0.676914 0.0988732 0.0967969
2 0.0333216 0.756016 0.060493 0.194625
2 0.220106 0.641898 0.0687089 0.0273594
3 0.547629 0.743172 0.16385 0.182625
0 0.359624 0.737516 0.1277 0.277406
0 0.546362 0.691531 0.166056 0.181938
2 0.051561 0.614039 0.0427465 0.0137656
25 0.388146 0.588313 0.255915 0.057625
26 0.374718 0.693453 0.0815962 0.100063
0 0.292735 0.638766 0.0349531 0.0584063
2 0.76554 0.661383 0.29892 0.116266
2 0.624038 0.634461 0.111127 0.0472656
2 0.0542488 0.648055 0.0974648 0.0520156
3 0.433498 0.684625 0.0419718 0.040875
3 0.294413 0.653164 0.0333803 0.0305781
0 0.174002 0.747922 0.156268 0.278125
