1 0.0937146 0.405797 0.0324837 0.0502812
0 0.367331 0.561289 0.386819 0.709672
0 0.632908 0.318242 0.0242919 0.0237344
0 0.606427 0.320562 0.0294989 0.0267812
0 0.625926 0.393594 0.0995643 0.0995625
0 0.77476 0.325891 0.0330501 0.0586563
0 0.931688 0.308898 0.0214597 0.0534844
0 0.0931373 0.383688 0.0414815 0.0611563
0 0.551797 0.326766 0.0272113 0.0263437
36 0.455414 0.899547 0.336885 0.0939688
0 0.696481 0.325359 0.0106972 0.0485312
0 0.651525 0.324281 0.0118083 0.0125
0 0.055915 0.376 0.0252505 0.0561875
0 0.180839 0.364953 0.0301743 0.0454062
