33 0.489078 0.464379 0.0640312 0.0893208
33 0.703055 0.228548 0.0336406 0.0518501
33 0.179563 0.476967 0.0394688 0.0391803
33 0.0650312 0.51774 0.0442813 0.0280328
33 0.0592656 0.660445 0.0462187 0.0531148
33 0.15532 0.642201 0.0406406 0.057377
33 0.583273 0.0428689 0.0375469 0.0328571
33 0.438273 0.322857 0.0227031 0.0138642
33 0.667844 0.649087 0.0813438 0.0360187
33 0.290078 0.329087 0.021 0.0166276
0 0.193547 0.860468 0.0654062 0.266323
0 0.644164 0.777178 0.0294844 0.117822
0 0.616664 0.760644 0.0177969 0.0583841
33 0.353008 0.581721 0.00923437 0.0147307
0 0.0812031 0.839496 0.0607812 0.278009
0 0.502805 0.752447 0.0161406 0.068829
0 0.556891 0.747623 0.0122813 0.0510773
0 0.715109 0.740433 0.0103125 0.0390398
0 0.691625 0.737728 0.0199375 0.04
0 0.581172 0.753431 0.021875 0.0672365
0 0.734281 0.728817 0.0050625 0.027377
0 0.721102 0.737178 0.00867187 0.0465808
0 0.606352 0.753115 0.0127344 0.0608431
26 0.170383 0.819274 0.0256094 0.0718501
33 0.147539 0.73356 0.0288281 0.0988759
0 0.738406 0.720199 0.00571875 0.0110773
33 0.284414 0.549286 0.0117969 0.0159953
