32 0.475805 0.427717 0.00770312 0.00911007
34 0.612812 0.286347 0.0305625 0.04
35 0.537859 0.434778 0.0189375 0.0196721
0 0.607844 0.414122 0.0679687 0.212037
0 0.571719 0.432529 0.0678125 0.137705
0 0.523961 0.438185 0.0936406 0.127424
0 0.707711 0.304075 0.0322969 0.0522717
0 0.758484 0.304075 0.041875 0.0464637
0 0.392687 0.542459 0.117687 0.20459
0 0.153703 0.289368 0.0356563 0.0516628
0 0.747227 0.226803 0.0391406 0.0652693
0 0.879094 0.156499 0.0251563 0.0477518
0 0.370117 0.241417 0.0413281 0.105176
0 0.285453 0.281897 0.0495937 0.0567213
24 0.213492 0.306101 0.0315469 0.0191335
0 0.754898 0.749438 0.103453 0.298876
0 0.184633 0.371077 0.0271719 0.0523653
35 0.42443 0.494426 0.0251719 0.0251991
