53 0.498328 0.78257 0.323594 0.115423
53 0.243812 0.931455 0.478656 0.114601
53 0.601687 0.674296 0.112969 0.0458216
53 0.604266 0.620775 0.15625 0.0297183
53 0.661023 0.578862 0.0823906 0.01223
53 0.669523 0.554531 0.111984 0.0276995
53 0.31207 0.281678 0.0270156 0.0191315
53 0.799156 0.338028 0.0245 0.0226761
26 0.257859 0.440317 0.113937 0.189178
26 0.0554531 0.567042 0.104875 0.358498
0 0.444992 0.434448 0.106203 0.456174
0 0.50632 0.40412 0.103203 0.435939
0 0.659492 0.363415 0.0927656 0.228333
0 0.879883 0.521009 0.185422 0.666244
0 0.976203 0.495082 0.0472187 0.631573
24 0.474508 0.393568 0.115547 0.227981
41 0.776328 0.485481 0.0174375 0.0217606
41 0.750984 0.486796 0.0184062 0.02223
53 0.491305 0.666045 0.132984 0.0467371
53 0.693781 0.529589 0.0731875 0.0115728
41 0.688844 0.491209 0.018625 0.0355634
41 0.731687 0.494425 0.0229062 0.0373474
41 0.710984 0.493451 0.0282813 0.0366667
41 0.634281 0.486972 0.0094375 0.0279812
41 0.620211 0.506655 0.0244844 0.0572066
53 0.0167031 0.162418 0.033375 0.0312207
0 0.303453 0.465035 0.110625 0.536737
53 0.54818 0.338392 0.0228594 0.0198826
53 0.658469 0.30662 0.0152187 0.00962441
41 0.819102 0.492195 0.0227344 0.0330751
41 0.797477 0.489401 0.0224219 0.0283803
41 0.668992 0.489331 0.0177656 0.030446
41 0.648898 0.49135 0.0200469 0.0348592
