3 0.379969 0.81644 0.0693125 0.119578
3 0.374984 0.338689 0.0856875 0.0838876
0 0.382539 0.358911 0.0327656 0.0722951
0 0.293953 0.400445 0.060375 0.0697424
0 0.505227 0.331323 0.0227344 0.0838642
0 0.490062 0.783665 0.0327812 0.0896253
0 0.983953 0.732482 0.0056875 0.0383138
0 0.972234 0.724356 0.00765625 0.0242155
0 0.964406 0.721897 0.00984375 0.0254333
0 0.372578 0.798583 0.0535625 0.106628
3 0.491531 0.299262 0.0681875 0.0989461
3 0.318266 0.370492 0.0694063 0.127728
3 0.489039 0.782916 0.0362031 0.0881733
0 0.995313 0.732319 0.009375 0.0466042
