36 0.345883 0.722319 0.103391 0.203934
36 0.910766 0.287974 0.0544687 0.167799
24 0.718961 0.0230679 0.0469844 0.0400937
24 0.974734 0.109742 0.0266562 0.0577986
24 0.210656 0.0764052 0.0704687 0.139321
0 0.221141 0.561803 0.328344 0.48089
0 0.322617 0.113782 0.0679531 0.216979
0 0.442828 0.111628 0.0678438 0.213419
0 0.842523 0.14041 0.0901094 0.28082
0 0.94268 0.186405 0.0763281 0.343162
0 0.671664 0.0378923 0.0473281 0.0757845
36 0.134727 0.125281 0.0590469 0.07637
0 0.177961 0.0660422 0.0340781 0.131288
0 0.881586 0.134614 0.0740469 0.263372
0 0.810383 0.120152 0.0724531 0.240304
0 0.404227 0.0842389 0.0367969 0.168478
0 0.763133 0.0819555 0.0318281 0.161944
0 0.116148 0.888478 0.232297 0.223044
36 0.348797 0.0711007 0.0627188 0.130913
0 0.726516 0.0841335 0.05275 0.165597
