16 0.17966 0.518735 0.13904 0.212229
18 0.78036 0.558072 0.14648 0.445964
18 0.61801 0.343373 0.13674 0.168494
18 0.64645 0.544488 0.24174 0.493554
0 0.57171 0.110617 0.10022 0.195633
0 0.49647 0.129729 0.08366 0.186807
0 0.43991 0.0968976 0.06042 0.163916
0 0.38348 0.117982 0.13132 0.186506
0 0.80291 0.10759 0.1039 0.190723
0 0.9096 0.0868072 0.05476 0.173614
0 0.70488 0.0934789 0.0872 0.169849
0 0.25337 0.0992771 0.08434 0.198554
0 0.10589 0.0939759 0.0539 0.187952
0 0.84774 0.0757831 0.04656 0.148434
16 0.16032 0.113599 0.06456 0.155994
0 0.95552 0.101446 0.08708 0.201024
