8 0.201359 0.727479 0.402719 0.409917
8 0.591953 0.50831 0.139437 0.204488
8 0.171703 0.926953 0.301781 0.146094
8 0.108336 0.31644 0.215891 0.101247
8 0.371719 0.27705 0.206969 0.0591413
8 0.562164 0.641579 0.391672 0.226981
0 0.327766 0.495499 0.0790625 0.17892
0 0.657227 0.671537 0.100141 0.251662
0 0.925789 0.592784 0.146672 0.809834
0 0.550008 0.208269 0.0255781 0.109889
0 0.51943 0.192382 0.0379219 0.0492521
0 0.75668 0.148837 0.0181719 0.0669806
0 0.659984 0.194363 0.0153125 0.0779224
0 0.432336 0.0699446 0.0267969 0.0777839
25 0.402328 0.120332 0.0972187 0.0559557
25 0.365695 0.206274 0.0855469 0.146066
25 0.683109 0.133006 0.0814062 0.0415789
13 0.08175 0.0786565 0.153375 0.0943767
13 0.256422 0.109141 0.0915312 0.0424377
13 0.244 0.0773407 0.0498125 0.014072
46 0.235039 0.588532 0.00982813 0.0103047
46 0.190195 0.61903 0.0197969 0.0317452
0 0.511313 0.54097 0.0570312 0.17385
0 0.770859 0.392258 0.0611563 0.109058
0 0.891805 0.422839 0.0444531 0.100416
8 0.555172 0.239861 0.134656 0.0720776
8 0.789117 0.400194 0.146297 0.136066
8 0.670742 0.237147 0.0983906 0.0416066
8 0.847469 0.205914 0.0783438 0.0440166
25 0.0213047 0.104017 0.0410781 0.0703047
46 0.124227 0.703102 0.0369531 0.0501385
46 0.138391 0.669654 0.0240625 0.0393075
46 0.223219 0.698324 0.0078125 0.0162604
8 0.953422 0.199335 0.0491562 0.04
46 0.209164 0.695928 0.0257969 0.0491413
46 0.192281 0.673255 0.02 0.0367036
46 0.238414 0.678172 0.0262656 0.0451524
46 0.222758 0.676967 0.0103906 0.0327147
46 0.197328 0.657188 0.0217812 0.0268975
46 0.196922 0.644197 0.0114062 0.0150416
47 0.850156 0.605582 0.0538125 0.044072
0 0.361742 0.256357 0.0282656 0.0501108
0 0.961039 0.091482 0.0237031 0.0656787
8 0.938688 0.205249 0.0305625 0.0408033
47 0.833742 0.458324 0.0217031 0.0378116
25 0.563937 0.114072 0.0768438 0.0578947
25 0.615187 0.125222 0.043875 0.0337119
45 0.709477 0.744003 0.0581719 0.048338
