5 0.740664 0.773361 0.105078 0.192807
0 0.1535 0.899988 0.0465 0.139505
0 0.294023 0.913255 0.102484 0.173491
0 0.38107 0.915979 0.0743906 0.167146
0 0.53932 0.833667 0.0510156 0.101297
0 0.67593 0.7973 0.253672 0.385118
0 0.547883 0.907229 0.0575781 0.185542
0 0.491664 0.883785 0.0348281 0.215024
0 0.467039 0.889788 0.0559219 0.220425
0 0.0863516 0.866297 0.119109 0.262925
0 0.268977 0.894387 0.0382656 0.0884434
0 0.218906 0.913538 0.0565625 0.171415
0 0.421336 0.903962 0.0468906 0.185142
26 0.196687 0.932052 0.0133437 0.0686792
26 0.439008 0.875059 0.0136719 0.038467
9 0.559453 0.626698 0.0171563 0.065566
9 0.45168 0.607606 0.0120781 0.0204481
9 0.534547 0.627264 0.0180937 0.0708962
9 0.676406 0.380248 0.17175 0.227146
9 0.674547 0.0415566 0.10325 0.0779245
0 0.166609 0.9425 0.0455313 0.113821
