0 0.858719 0.572458 0.282562 0.542319
0 0.558117 0.358831 0.0315156 0.105195
0 0.618789 0.34321 0.0358594 0.128571
0 0.656539 0.341085 0.0443281 0.124174
0 0.261172 0.321354 0.16275 0.503377
0 0.758516 0.331048 0.0445625 0.136568
0 0.708359 0.336837 0.0388437 0.145881
23 0.367844 0.452208 0.0574063 0.252987
45 0.205797 0.58103 0.11425 0.0624675
26 0.657344 0.334128 0.0229062 0.057718
26 0.743805 0.358052 0.0152031 0.0393692
26 0.713937 0.32282 0.0393437 0.0689425
56 0.809859 0.562607 0.199969 0.068256
