56 0.54299 0.333423 0.151438 0.270114
56 0.886201 0.297418 0.106291 0.233856
0 0.244371 0.501127 0.488742 0.752255
0 0.838619 0.264069 0.158056 0.280196
0 0.654248 0.228415 0.143922 0.213268
0 0.484273 0.28442 0.204493 0.307859
41 0.755212 0.520711 0.0911438 0.110114
53 0.55344 0.654673 0.47348 0.273203
41 0.841773 0.58723 0.130801 0.160572
42 0.404935 0.493717 0.109314 0.0583824
43 0.888235 0.772721 0.214216 0.153023
60 0.280899 0.330343 0.453922 0.0853922
41 0.839052 0.471814 0.0882353 0.0808824
56 0.663472 0.341348 0.085768 0.0268464
56 0.347132 0.835172 0.200801 0.0754085
60 0.639853 0.644804 0.720294 0.470294
60 0.781185 0.290065 0.216095 0.231732
0 0.912108 0.377565 0.17268 0.216667
0 0.0592565 0.257279 0.113578 0.259265
