74 0.491019 0.357539 0.161101 0.103922
2 0.797459 0.624383 0.118056 0.0543594
2 0.739169 0.618641 0.0570258 0.0462813
2 0.700164 0.611992 0.0611241 0.0469844
2 0.656417 0.609516 0.0338173 0.0246875
2 0.628419 0.604727 0.0258314 0.0184531
2 0.613934 0.602508 0.0111475 0.0122656
0 0.657646 0.690914 0.0748244 0.143391
0 0.594778 0.695836 0.0776581 0.127859
0 0.12623 0.698633 0.0853864 0.181297
0 0.420386 0.649602 0.0242857 0.0759531
2 0.86692 0.607031 0.0845199 0.0440938
0 0.888326 0.625078 0.0454567 0.0645312
0 0.631663 0.640805 0.0358782 0.0482969
24 0.0923419 0.677273 0.0232787 0.0581719
0 0.3613 0.653266 0.0474707 0.0824063
0 0.295925 0.644875 0.0340515 0.086875
0 0.399227 0.622758 0.0304918 0.0542656
0 0.420012 0.608773 0.0174005 0.0211719
2 0.921569 0.612234 0.114239 0.0473125
0 0.363115 0.614055 0.0247307 0.0194844
