50 0.661312 0.89465 0.078125 0.144486
53 0.735719 0.148645 0.528562 0.281542
53 0.546266 0.639322 0.903187 0.698879
50 0.311336 0.674042 0.0522031 0.0842991
50 0.627422 0.505245 0.064625 0.121332
50 0.336789 0.470479 0.0524531 0.110117
50 0.481438 0.750946 0.0521875 0.0768925
50 0.797758 0.869778 0.0735156 0.133294
50 0.70932 0.735958 0.0901719 0.101121
50 0.756547 0.6659 0.0764375 0.0717991
50 0.946023 0.674124 0.0613906 0.110911
50 0.604125 0.789509 0.117219 0.231449
50 0.770734 0.510946 0.076 0.0944626
50 0.925961 0.943528 0.101016 0.106028
53 0.0455781 0.184848 0.0766563 0.158201
69 0.5 0.5 1 1
50 0.817313 0.581706 0.0754062 0.0766822
