27 0.349831 0.624719 0.297995 0.485406
56 0.231227 0.291758 0.338266 0.293891
56 0.318153 0.0529297 0.233739 0.0810781
56 0.335642 0.363625 0.239482 0.171437
56 0.714189 0.226969 0.0980631 0.215781
56 0.0308333 0.239867 0.0486937 0.175672
0 0.78634 0.182664 0.391959 0.359547
0 0.933288 0.0594922 0.133423 0.118141
0 0.0890766 0.130336 0.16518 0.256172
56 0.862241 0.330734 0.275518 0.289062
56 0.90375 0.734297 0.1925 0.351969
56 0.0588288 0.489313 0.101757 0.329437
56 0.256137 0.127453 0.247815 0.0731563
56 0.510991 0.0358047 0.15482 0.0663906
56 0.901014 0.692484 0.0747297 0.169563
56 0.222793 0.0738672 0.118829 0.0299844
41 0.293953 0.0743516 0.0396622 0.0225781
0 0.463356 0.520477 0.924234 0.959047
41 0.144291 0.249938 0.0532207 0.0589688
