76 0.790477 0.616862 0.0482344 0.137799
0 0.447539 0.350562 0.0944531 0.260656
0 0.579477 0.535948 0.442297 0.6
0 0.69418 0.242693 0.158922 0.368525
0 0.928063 0.326967 0.140937 0.249438
0 0.670906 0.461323 0.11075 0.288595
0 0.227711 0.5 0.455422 1
0 0.841812 0.677775 0.313 0.511101
0 0.970563 0.221721 0.058875 0.30377
0 0.768805 0.277963 0.150234 0.298782
0 0.961836 0.12596 0.0735156 0.164707
39 0.488719 0.814965 0.0798438 0.266136
39 0.788648 0.428911 0.0324531 0.133279
0 0.98132 0.527646 0.0373594 0.292717
