2 0.410156 0.838525 0.525281 0.249087
2 0.961562 0.755609 0.0402813 0.114965
0 0.838516 0.793396 0.061625 0.257237
26 0.82543 0.753115 0.0349531 0.0715222
0 0.720805 0.693794 0.0289219 0.0878689
26 0.868828 0.836429 0.0402813 0.0641452
26 0.713281 0.679005 0.00696875 0.024192
26 0.732523 0.695843 0.0106406 0.0343091
2 0.896742 0.682904 0.0816094 0.0979859
2 0.95043 0.724274 0.0192656 0.0451288
2 0.775008 0.666007 0.0126094 0.0173068
10 0.9565 0.833033 0.0420625 0.105082
7 0.900852 0.675129 0.0731719 0.0847307
