2 0.96207 0.485363 0.0758594 0.130632
2 0.919039 0.474333 0.161453 0.112927
0 0.299102 0.669274 0.0593906 0.369742
0 0.727023 0.718607 0.113703 0.477588
0 0.629188 0.691288 0.113062 0.438501
0 0.843328 0.695726 0.140875 0.465597
0 0.547672 0.597623 0.0448438 0.223115
37 0.594914 0.671663 0.0469531 0.162342
37 0.751766 0.681991 0.0504687 0.135129
37 0.887016 0.655504 0.105844 0.216768
2 0.825945 0.473864 0.0650156 0.0748478
0 0.529938 0.503115 0.0167187 0.0404215
0 0.60575 0.519028 0.0178125 0.0596956
0 0.351617 0.581874 0.0284844 0.0165808
2 0.753688 0.459286 0.0233437 0.0141686
2 0.800609 0.46733 0.0823438 0.0571897
0 0.166656 0.641569 0.0221875 0.0122248
0 0.219711 0.692963 0.128891 0.365316
0 0.0573203 0.5976 0.00717187 0.022459
0 0.59157 0.500445 0.0105781 0.0417799
2 0.767766 0.4674 0.0330312 0.0332553
0 0.479492 0.588689 0.0506719 0.259485
