56 0.132258 0.661921 0.125922 0.210169
56 0.295984 0.686318 0.132438 0.242844
56 0.453711 0.663757 0.0835781 0.205405
56 0.629398 0.665659 0.140484 0.210603
56 0.795273 0.65968 0.136922 0.241808
56 0.716133 0.678437 0.0468281 0.162938
0 0.257875 0.506761 0.463438 0.975217
0 0.891195 0.528955 0.159109 0.605141
65 0.189992 0.18855 0.0499219 0.0508475
65 0.959625 0.329049 0.0134375 0.0254426
65 0.278297 0.150603 0.05925 0.0773635
74 0.901984 0.1742 0.0519375 0.0741996
0 0.0925938 0.52613 0.185188 0.561789
39 0.743133 0.530942 0.0151719 0.0285122
60 0.806992 0.545461 0.386016 0.0775141
