17 0.474586 0.643173 0.325328 0.713653
17 0.677953 0.624883 0.265437 0.711827
2 0.851562 0.574192 0.136313 0.210773
0 0.379016 0.206546 0.116562 0.3974
0 0.494672 0.285246 0.116781 0.24356
0 0.973 0.620234 0.054 0.380796
0 0.168961 0.198841 0.130516 0.237681
0 0.0742188 0.617951 0.148438 0.745363
0 0.944992 0.481897 0.0196719 0.0866042
0 0.874891 0.521323 0.0359375 0.0359953
0 0.0802188 0.378653 0.0503125 0.189625
0 0.103813 0.377763 0.0385313 0.168876
0 0.820758 0.526382 0.0164531 0.0336534
0 0.257344 0.158443 0.109187 0.254543
9 0.868133 0.414227 0.0241094 0.0591803
