39 0.591281 0.7312 0.025875 0.148
39 0.621867 0.747318 0.0332656 0.121835
41 0.876484 0.318012 0.0177813 0.0380941
43 0.764711 0.304776 0.126516 0.0287059
43 0.770563 0.337929 0.126094 0.0244235
71 0.380984 0.849024 0.409219 0.1252
40 0.928648 0.0569176 0.0326406 0.110824
40 0.948883 0.0467294 0.0110469 0.0907765
41 0.896117 0.311259 0.0169844 0.0287765
41 0.909188 0.299976 0.0139063 0.0389176
43 0.77457 0.362235 0.136609 0.0189647
43 0.771109 0.384094 0.136719 0.0332235
43 0.76507 0.411294 0.0972656 0.0215059
43 0.748398 0.210353 0.0957031 0.0569412
43 0.762625 0.260741 0.105438 0.0467529
43 0.799727 0.672259 0.0218906 0.0731294
45 0.887023 0.747553 0.0721406 0.156
45 0.372477 0.414141 0.0554219 0.0413647
45 0.316617 0.634541 0.0799531 0.0912471
41 0.932141 0.295835 0.0174687 0.0263059
40 0.12968 0.460235 0.0401094 0.115106
40 0.0959609 0.458494 0.0391406 0.120094
40 0.0921172 0.0759647 0.0398594 0.103788
40 0.128891 0.2852 0.0414375 0.105929
40 0.0952734 0.264165 0.0414531 0.117553
40 0.125516 0.112588 0.0470313 0.103388
40 0.0787031 0.289682 0.0064375 0.0566824
