0 0.879586 0.410385 0.0156406 0.0442292
0 0.954594 0.430917 0.0600313 0.102708
0 0.64707 0.621 0.256078 0.362792
0 0.40632 0.765802 0.169297 0.444687
20 0.565031 0.893021 0.663844 0.193708
0 0.949484 0.566812 0.088125 0.167542
0 0.743297 0.440458 0.0378125 0.0477083
0 0.896789 0.411281 0.0245156 0.0482708
0 0.893508 0.382823 0.0270781 0.0393958
0 0.974437 0.779833 0.051125 0.3335
24 0.71168 0.560323 0.0767344 0.0779375
20 0.914086 0.793417 0.136172 0.379792
20 0.884844 0.454208 0.043125 0.05125
20 0.832758 0.538667 0.0618906 0.126625
0 0.942047 0.370708 0.0136875 0.023125
13 0.78425 0.76425 0.146031 0.111417
13 0.921836 0.515417 0.150047 0.0804583
20 0.927375 0.394833 0.0489375 0.041125
0 0.708258 0.698698 0.309734 0.416063
