2 0.793961 0.665258 0.0382656 0.0532319
4 0.463109 0.292518 0.496031 0.275433
0 0.718438 0.75952 0.0389062 0.126721
0 0.812617 0.770785 0.0359844 0.161803
0 0.905578 0.888724 0.05425 0.222553
0 0.682258 0.774637 0.0486406 0.147775
0 0.346859 0.796405 0.0142187 0.0690632
0 0.376555 0.798888 0.0275781 0.0826464
0 0.759633 0.674742 0.0174219 0.0920609
0 0.391023 0.987049 0.0512031 0.0251054
0 0.667094 0.905703 0.0372813 0.188595
0 0.880086 0.6876 0.0166094 0.0988993
7 0.628703 0.671429 0.103906 0.0464637
0 0.622547 0.681101 0.0164687 0.067541
2 0.702648 0.677155 0.0475469 0.0397892
0 0.959461 0.867119 0.0796406 0.240984
2 0.579898 0.655621 0.0543281 0.0359251
2 0.721148 0.660714 0.0524844 0.0596487
2 0.583148 0.670164 0.0722344 0.050445
0 0.64807 0.673618 0.0160156 0.068829
2 0.626031 0.672494 0.0948125 0.0503279
56 0.501984 0.678642 0.0363125 0.0230913
56 0.470844 0.676382 0.0282187 0.0234895
56 0.432875 0.673009 0.03925 0.021897
56 0.362461 0.674344 0.0129531 0.0140749
56 0.348891 0.679157 0.0229062 0.0209836
56 0.331383 0.671628 0.0154531 0.0157611
56 0.494289 0.675972 0.0272969 0.0232319
56 0.463641 0.673806 0.0188125 0.0226932
56 0.479148 0.677658 0.0335469 0.0192974
56 0.450656 0.673665 0.0253437 0.0236768
56 0.436664 0.670211 0.0145781 0.0160656
56 0.339414 0.675574 0.0272031 0.0201405
