39 0.214555 0.504354 0.00832813 0.0217606
39 0.234078 0.505986 0.014 0.0247887
53 0.392898 0.494096 0.0342031 0.0191315
24 0.142008 0.387359 0.0447969 0.0831221
0 0.808469 0.350563 0.0762812 0.287653
0 0.276992 0.258932 0.0175469 0.0439202
0 0.311789 0.328838 0.0296406 0.12946
0 0.253906 0.317958 0.0587188 0.177512
0 0.348555 0.400082 0.131891 0.339836
0 0.585617 0.366033 0.0436094 0.240892
0 0.717836 0.342312 0.0595469 0.250211
0 0.407766 0.342336 0.0659687 0.213967
0 0.979977 0.290657 0.0400469 0.163146
0 0.942539 0.267852 0.0447656 0.142934
0 0.487266 0.402171 0.08675 0.337723
39 0.22382 0.503897 0.00960937 0.0211737
53 0.429758 0.467969 0.0538906 0.0185211
0 0.911273 0.278392 0.0356406 0.142653
0 0.213719 0.376737 0.07525 0.229343
39 0.368531 0.5277 0.0112812 0.0452113
39 0.315914 0.605998 0.0123281 0.0275822
39 0.29432 0.621643 0.00842187 0.0596714
39 0.346969 0.594718 0.0131562 0.03
39 0.324992 0.629284 0.0122031 0.0441549
39 0.324375 0.597277 0.0103438 0.0223944
53 0.264367 0.432347 0.114266 0.06
39 0.391453 0.570188 0.00878125 0.0139906
39 0.33675 0.598556 0.0109687 0.0289906
