27 0.403219 0.731778 0.125406 0.0938254
2 0.978227 0.724231 0.0334531 0.0228898
2 0.901016 0.725988 0.0378437 0.0170894
2 0.913078 0.726611 0.03075 0.0178378
2 0.95993 0.724854 0.0323594 0.0196466
2 0.811586 0.716549 0.0236406 0.0168815
2 0.785273 0.716445 0.0266719 0.0169231
2 0.762805 0.716788 0.0196094 0.0113721
2 0.714836 0.713462 0.0301094 0.012578
0 0.287117 0.65842 0.574234 0.651684
2 0.942195 0.715717 0.0179219 0.0140541
2 0.842312 0.718628 0.0579063 0.0289397
2 0.735898 0.714044 0.0191406 0.0140748
2 0.988312 0.726403 0.023375 0.0209148
2 0.667687 0.713576 0.01275 0.0120166
