39 0.698227 0.711039 0.0234219 0.104249
27 0.850969 0.84746 0.0905625 0.269376
56 0.434062 0.858048 0.217406 0.26067
56 0.0457109 0.802367 0.0914219 0.395266
0 0.22257 0.589827 0.248859 0.820346
0 0.412891 0.531501 0.147437 0.325266
0 0.714828 0.561744 0.258844 0.304873
43 0.585438 0.857148 0.037375 0.0293995
60 0.56418 0.852171 0.522672 0.295658
39 0.726156 0.714376 0.0327812 0.0954503
41 0.638102 0.832794 0.0431719 0.0722402
41 0.831445 0.787275 0.0342969 0.0586143
41 0.589055 0.727229 0.0248281 0.048037
41 0.653406 0.791282 0.0442188 0.0724018
41 0.602602 0.791605 0.0355469 0.102286
43 0.754102 0.836928 0.0490469 0.035612
0 0.867172 0.732575 0.265656 0.512356
0 0.966859 0.961409 0.0621875 0.075612
0 0.103109 0.61649 0.108312 0.424758
27 0.727 0.617413 0.031875 0.110947
42 0.740383 0.833811 0.0487656 0.0298845
56 0.948992 0.888314 0.102016 0.192194
41 0.406703 0.705797 0.0350312 0.0663279
41 0.773719 0.738233 0.0315625 0.0874134
41 0.794031 0.764111 0.0302812 0.090254
41 0.820359 0.74948 0.0263437 0.0424249
41 0.599016 0.696617 0.0307812 0.0730947
41 0.703828 0.795439 0.0533438 0.058037
41 0.347898 0.735878 0.0312969 0.0875982
43 0.635172 0.711975 0.0325937 0.0200231
