39 0.665492 0.175469 0.0750469 0.248187
39 0.719062 0.14674 0.0529375 0.214938
39 0.398102 0.30526 0.0490781 0.149938
39 0.452937 0.297542 0.0614688 0.177458
39 0.605461 0.180281 0.0382969 0.111271
39 0.769906 0.0926771 0.0312187 0.0653958
43 0.258047 0.293771 0.0453438 0.0825417
51 0.201172 0.516469 0.289406 0.261188
51 0.242773 0.638604 0.151453 0.271458
51 0.318867 0.626333 0.0729531 0.263292
51 0.536805 0.536302 0.0632031 0.0893125
51 0.511492 0.683927 0.0393281 0.186313
43 0.193359 0.20275 0.0356563 0.0726667
43 0.208492 0.304167 0.0669531 0.0807917
43 0.194555 0.246771 0.0377031 0.0334167
51 0.577758 0.637375 0.0907031 0.144125
43 0.260211 0.21876 0.0451406 0.124646
51 0.473812 0.603938 0.068625 0.205042
51 0.506437 0.614479 0.0389375 0.152542
51 0.36507 0.5545 0.0432031 0.156958
51 0.189617 0.662302 0.0513594 0.125104
51 0.345719 0.683854 0.131781 0.180625
