62 0.889328 0.370781 0.221344 0.314604
57 0.264992 0.467021 0.0931406 0.0985
56 0.528227 0.548531 0.162891 0.215063
0 0.391008 0.716854 0.289891 0.561792
0 0.122188 0.50225 0.244375 0.9955
0 0.761805 0.80899 0.438203 0.355063
63 0.818023 0.585698 0.193828 0.155354
73 0.974117 0.66849 0.0136719 0.0649375
73 0.962836 0.665458 0.00876563 0.0599583
45 0.225758 0.661573 0.0148594 0.0151875
58 0.640352 0.330135 0.0454844 0.0651875
73 0.966531 0.735375 0.0115 0.068125
73 0.771633 0.596073 0.0123594 0.0505625
0 0.254484 0.605281 0.09525 0.193521
64 0.948094 0.846354 0.0240938 0.030125
64 0.885547 0.892969 0.0354375 0.0246042
56 0.53225 0.822583 0.0907813 0.354833
73 0.957633 0.664375 0.0139531 0.0656667
57 0.267219 0.55774 0.0854688 0.111896
