25 0.668641 0.483813 0.136125 0.069375
56 0.486805 0.557625 0.0432344 0.0317917
0 0.327242 0.867094 0.109297 0.0547708
0 0.247609 0.875187 0.0841563 0.21875
0 0.0858516 0.893542 0.167703 0.0502917
0 0.8805 0.913896 0.0665937 0.166667
0 0.685328 0.784677 0.10825 0.0987708
0 0.875062 0.693906 0.0625313 0.0823542
0 0.186922 0.385281 0.0145 0.0219792
0 0.410508 0.439792 0.0180781 0.0769583
0 0.799844 0.711552 0.0829375 0.0578542
0 0.974422 0.6865 0.0511563 0.0933333
0 0.605352 0.403583 0.0215781 0.0795
0 0.637703 0.408635 0.02025 0.0819792
25 0.815672 0.413917 0.110125 0.0454167
25 0.902367 0.392948 0.102672 0.0654792
25 0.944539 0.567073 0.110859 0.124437
25 0.69643 0.394802 0.0954531 0.0571458
25 0.856609 0.35351 0.0165625 0.0662292
56 0.78375 0.493229 0.0802812 0.057375
56 0.842805 0.488927 0.0577344 0.0483542
56 0.728766 0.454854 0.0509375 0.0531667
56 0.556227 0.50375 0.0947344 0.0550417
56 0.638695 0.576375 0.0582969 0.05325
56 0.679516 0.443948 0.0384688 0.0188125
56 0.781836 0.457937 0.0434844 0.0335
56 0.964555 0.412083 0.0502344 0.0446667
25 0.4735 0.475344 0.136281 0.0501875
25 0.826984 0.538677 0.164219 0.0749375
25 0.961734 0.385469 0.0765312 0.0934792
25 0.797492 0.681625 0.148359 0.160417
25 0.528516 0.435354 0.0970938 0.0624167
25 0.774414 0.371906 0.0986406 0.0598125
