39 0.66766 0.660973 0.02004 0.0784267
25 0.63667 0.337653 0.08562 0.144373
25 0.55297 0.327173 0.08034 0.0968
25 0.42231 0.283693 0.08822 0.0334133
25 0.13382 0.288413 0.10344 0.0332533
39 0.75308 0.556427 0.01916 0.0749333
39 0.88195 0.707427 0.01794 0.0723467
36 0.50579 0.83944 0.19426 0.11488
36 0.85829 0.780293 0.19654 0.0614933
36 0.21082 0.685933 0.07336 0.09
24 0.96886 0.67136 0.06228 0.134933
0 0.36198 0.284253 0.04592 0.0902133
0 0.50794 0.448667 0.1152 0.33232
0 0.27248 0.54504 0.10508 0.568373
0 0.19307 0.56672 0.10358 0.261173
0 0.75085 0.556173 0.15674 0.343813
0 0.8631 0.60728 0.1682 0.341387
0 0.93944 0.35992 0.02496 0.101707
0 0.42145 0.570933 0.21114 0.666667
0 0.68289 0.355627 0.05758 0.193013
0 0.85432 0.359747 0.02968 0.0938933
0 0.06419 0.394547 0.01666 0.0554933
0 0.60923 0.56312 0.13122 0.281813
58 0.79831 0.39336 0.05178 0.0518933
58 0.79862 0.39348 0.0516 0.0511733
0 0.14111 0.361413 0.03514 0.11232
25 0.34162 0.299173 0.03912 0.0301867
36 0.28325 0.824187 0.18022 0.0702933
