16 0.494445 0.793293 0.0332031 0.107549
58 0.175961 0.564902 0.0453906 0.0890153
58 0.209844 0.540963 0.0395313 0.108709
58 0.0282109 0.563512 0.0554844 0.249956
25 0.41925 0.750919 0.0175 0.207834
58 0.911188 0.718687 0.038125 0.0622757
74 0.206672 0.305777 0.0511563 0.0735667
26 0.49332 0.621368 0.0307031 0.0500438
0 0.367516 0.660963 0.127031 0.401794
0 0.483734 0.57907 0.0548438 0.237484
0 0.70082 0.691488 0.114234 0.359606
0 0.672164 0.545438 0.0572344 0.138972
0 0.775211 0.567746 0.0798906 0.297243
0 0.563555 0.51267 0.0345469 0.138162
0 0.451047 0.558698 0.0653125 0.258315
0 0.406508 0.474103 0.0180156 0.0540263
0 0.599117 0.493053 0.0186406 0.0861926
0 0.580727 0.506915 0.0177656 0.112473
24 0.327062 0.601696 0.0474687 0.153589
24 0.446625 0.521007 0.0529063 0.102801
56 0.244492 0.529847 0.0251094 0.0388621
56 0.315867 0.549759 0.0668281 0.0782932
58 0.937016 0.722549 0.0437813 0.0819475
60 0.33032 0.507987 0.0309219 0.00603939
73 0.819953 0.697593 0.037 0.028709
73 0.822578 0.633884 0.0372188 0.0368709
73 0.832883 0.573687 0.0200156 0.0327133
73 0.83457 0.543425 0.0159844 0.0301751
0 0.623031 0.501838 0.0203438 0.125295
56 0.329305 0.516127 0.0171719 0.0236324
56 0.267852 0.544004 0.0351094 0.0898468
56 0.318586 0.50384 0.0134531 0.0278556
56 0.341375 0.500711 0.0160625 0.0121882
56 0.237273 0.547341 0.0370781 0.0759519
58 0.240281 0.500109 0.0194062 0.0300656
60 0.284047 0.5557 0.0556562 0.0623414
73 0.830461 0.510405 0.0298281 0.0328009
73 0.834234 0.484223 0.0229375 0.0284026
73 0.83157 0.60407 0.0204844 0.0310284
73 0.852266 0.541422 0.024375 0.0314223
73 0.853633 0.602987 0.0258594 0.0341575
73 0.850977 0.692199 0.0222969 0.0312254
0 0.433555 0.481794 0.0144531 0.0227571
0 0.507156 0.478643 0.028875 0.0662582
58 0.0881016 0.551827 0.0642031 0.209344
