2 0.947758 0.517904 0.0372656 0.0277986
2 0.992867 0.523173 0.0142656 0.0218501
2 0.648617 0.489426 0.0185781 0.0167447
2 0.974297 0.518267 0.02375 0.0308197
2 0.850539 0.504543 0.0154219 0.0172365
2 0.820461 0.504801 0.0435156 0.0251522
0 0.501156 0.651417 0.105531 0.432295
0 0.0947969 0.497939 0.034375 0.125761
0 0.07475 0.486944 0.034625 0.139555
33 0.381758 0.294251 0.146828 0.30911
33 0.623945 0.0427166 0.164203 0.0608431
24 0.170742 0.548513 0.0244219 0.0306557
0 0.0307344 0.53596 0.0524687 0.267424
0 0.747977 0.537822 0.0283594 0.116066
0 0.154812 0.501663 0.022125 0.110117
0 0.940297 0.597857 0.0220938 0.0833489
0 0.934094 0.572389 0.0264062 0.0979391
0 0.969578 0.590527 0.0217812 0.0377283
0 0.83982 0.582143 0.0242031 0.066534
2 0.747727 0.498244 0.0221406 0.0185948
13 0.937187 0.56445 0.0411562 0.0323185
13 0.703094 0.533419 0.0176563 0.0264637
33 0.896359 0.62267 0.0328437 0.0250117
0 0.874703 0.591417 0.0249688 0.0589461
0 0.889328 0.588021 0.0106563 0.0547775
2 0.882273 0.511909 0.0361719 0.022459
2 0.680305 0.489754 0.0236094 0.01637
2 0.912383 0.516745 0.0127969 0.011897
2 0.707156 0.490796 0.0279375 0.0186885
0 0.459508 0.54541 0.0592344 0.249227
13 0.733031 0.527447 0.0221875 0.0159719
13 0.666727 0.532412 0.00879687 0.0145667
13 0.902914 0.55911 0.0181719 0.0321311
