17 0.385758 0.797753 0.135797 0.377529
17 0.137805 0.770318 0.272766 0.432259
17 0.124937 0.620094 0.0492187 0.154682
0 0.395664 0.580518 0.147047 0.405553
0 0.322328 0.506588 0.0575937 0.156471
0 0.285328 0.496388 0.02725 0.0613882
0 0.126039 0.531224 0.0504844 0.155718
0 0.0932656 0.651682 0.186531 0.696635
0 0.232555 0.504988 0.0528281 0.116424
0 0.208719 0.494412 0.0240625 0.0731529
17 0.563039 0.505188 0.0410469 0.0511294
17 0.290156 0.783847 0.0721563 0.359035
0 0.48718 0.503776 0.0239219 0.0659529
0 0.610836 0.471706 0.0127031 0.0295294
0 0.713031 0.491729 0.0164063 0.0388
0 0.250008 0.511047 0.0265781 0.103647
0 0.564281 0.493706 0.0248438 0.0549412
17 0.484172 0.518353 0.0446875 0.0408
17 0.639336 0.503247 0.0503906 0.0382118
17 0.709961 0.501294 0.0384219 0.0381176
17 0.282133 0.562812 0.0301406 0.0840706
