74 0.200594 0.250859 0.0680208 0.0587812
74 0.325708 0.272727 0.0348333 0.0463281
74 0.227104 0.732125 0.0280833 0.0219688
74 0.323437 0.768391 0.0314583 0.0476875
2 0.699885 0.936258 0.600229 0.127484
0 0.640167 0.850539 0.0275417 0.0408281
0 0.593177 0.849883 0.0427708 0.0508281
0 0.840708 0.854203 0.08175 0.0553438
0 0.758031 0.846047 0.0264375 0.0515938
0 0.890021 0.852719 0.033125 0.0688125
0 0.915833 0.846828 0.0415833 0.071625
0 0.674031 0.822023 0.0094375 0.00867187
0 0.360135 0.916125 0.147729 0.1585
0 0.37675 0.850813 0.024625 0.050625
0 0.247312 0.930828 0.175667 0.138344
0 0.419677 0.855438 0.0255208 0.0519687
0 0.529552 0.849719 0.0142708 0.0538438
0 0.505125 0.85593 0.0271667 0.0520781
