74 0.458109 0.327646 0.09675 0.134917
0 0.566297 0.717979 0.1955 0.429208
0 0.278383 0.702313 0.0567344 0.316417
0 0.522344 0.632031 0.0479375 0.237646
0 0.631477 0.572906 0.0644844 0.158688
0 0.393836 0.646698 0.0514219 0.270562
0 0.293812 0.549188 0.0269688 0.075
0 0.472953 0.58051 0.0399687 0.177354
24 0.590344 0.639542 0.0560625 0.10925
24 0.41475 0.60349 0.0538438 0.0866458
28 0.337344 0.824719 0.0919688 0.172312
28 0.503336 0.804833 0.0651094 0.212333
28 0.43332 0.75975 0.0342969 0.112833
28 0.452086 0.742396 0.0509219 0.146125
0 0.495227 0.616375 0.0383594 0.199083
28 0.291211 0.788833 0.0467031 0.139375
0 0.274211 0.523021 0.0118281 0.044
0 0.353359 0.722469 0.0941875 0.312062
0 0.444805 0.579854 0.0286719 0.160167
0 0.775617 0.51574 0.0102969 0.0591042
0 0.322453 0.515625 0.0242188 0.0772083
