62 0.36046 0.248465 0.22432 0.370787
57 0.73496 0.793543 0.32612 0.412913
0 0.73834 0.679068 0.144 0.135249
15 0.11519 0.807087 0.03654 0.067769
73 0.17112 0.577756 0.03248 0.0661155
73 0.12787 0.472533 0.01686 0.0660105
73 0.15754 0.328202 0.02552 0.0759843
73 0.24261 0.325039 0.01126 0.0630971
73 0.11725 0.596299 0.03034 0.0736483
73 0.21991 0.560066 0.02566 0.0628609
73 0.17209 0.333241 0.01578 0.0679003
73 0.07578 0.726654 0.03056 0.0825459
73 0.14765 0.695367 0.02758 0.0762992
73 0.14189 0.699751 0.02714 0.0676903
73 0.55479 0.371207 0.09658 0.0788451
73 0.19003 0.455735 0.14334 0.0992913
73 0.22002 0.450906 0.01052 0.0613386
