50 0.135484 0.584954 0.270969 0.212831
50 0.0839844 0.437645 0.152125 0.141183
50 0.83232 0.372401 0.275203 0.184339
50 0.391383 0.22471 0.117266 0.134107
50 0.173078 0.134084 0.0894062 0.0880742
51 0.61718 0.429408 0.0617969 0.138817
53 0.499406 0.511241 0.989719 0.950557
50 0.692063 0.555244 0.219656 0.173457
51 0.873781 0.578318 0.129125 0.136961
51 0.366039 0.130928 0.129703 0.208353
51 0.31257 0.431821 0.0748281 0.0492575
50 0.716172 0.251624 0.153812 0.116195
51 0.228352 0.25551 0.0417656 0.0834571
51 0.915781 0.251415 0.153094 0.201949
