2 0.120648 0.705379 0.237703 0.201809
2 0.857766 0.637053 0.058125 0.0931712
2 0.895414 0.627004 0.0325469 0.0713619
5 0.563086 0.526975 0.545047 0.649436
24 0.989961 0.625428 0.0113281 0.0237743
24 0.164844 0.607189 0.0144375 0.0218482
0 0.408086 0.603171 0.0707031 0.101829
0 0.169031 0.600584 0.0238438 0.0368093
0 0.95843 0.649319 0.0247344 0.101284
0 0.981187 0.644076 0.0204063 0.0874903
0 0.976516 0.827821 0.0469687 0.334708
0 0.152227 0.593638 0.0215781 0.0415175
0 0.259234 0.616216 0.0176563 0.0788521
0 0.372828 0.360175 0.0505938 0.0627237
0 0.421383 0.351693 0.0530469 0.0684436
0 0.666508 0.643444 0.0287656 0.0438132
0 0.234406 0.614553 0.0194062 0.0839689
0 0.533828 0.340885 0.068375 0.0797471
2 0.919086 0.619232 0.0277344 0.0530545
2 0.931164 0.609553 0.00814063 0.0229961
2 0.935656 0.605126 0.008 0.0226654
