17 0.22407 0.78524 0.0183594 0.0750208
17 0.246211 0.78099 0.0200781 0.0873958
17 0.298789 0.796729 0.0154531 0.057375
17 0.319039 0.796083 0.0247969 0.0585
0 0.223719 0.75725 0.021 0.040375
0 0.29975 0.770458 0.02325 0.0606667
0 0.247023 0.768271 0.0246719 0.0567917
0 0.359437 0.765427 0.0157188 0.0431875
0 0.342234 0.766708 0.0189687 0.0457917
0 0.319102 0.756802 0.0174219 0.0301875
0 0.332133 0.758156 0.0109844 0.0295625
17 0.341391 0.794312 0.0160625 0.0630417
17 0.357977 0.797437 0.0145469 0.053625
17 0.366617 0.784885 0.00782813 0.0216042
