0 0.501092 0.34875 0.634624 0.496625
0 0.958768 0.729008 0.0623239 0.115391
0 0.897242 0.733969 0.0350939 0.109281
0 0.845458 0.745437 0.0523239 0.0779688
0 0.795775 0.742258 0.0743662 0.0920781
0 0.659988 0.725117 0.0364085 0.0591094
36 0.687101 0.598422 0.381573 0.120906
0 0.294953 0.711148 0.0595305 0.0929844
0 0.633474 0.743914 0.0407512 0.100484
0 0.921526 0.711023 0.0246009 0.0596719
0 0.214648 0.711008 0.100469 0.0779531
0 0.596725 0.746625 0.0517606 0.101125
0 0.751643 0.755586 0.0348357 0.0470469
0 0.702782 0.768523 0.0761268 0.0438281
