56 0.193555 0.589565 0.0863594 0.313906
60 0.557367 0.805624 0.595422 0.361788
0 0.37 0.548212 0.314156 0.773553
0 0.528703 0.402753 0.161437 0.555529
0 0.743398 0.521976 0.403391 0.956047
0 0.0343281 0.529847 0.0644687 0.187318
0 0.963258 0.505765 0.0701406 0.471906
42 0.334031 0.912988 0.0406875 0.0792471
42 0.344859 0.918788 0.0326562 0.0893412
55 0.621125 0.742871 0.371062 0.237224
27 0.799672 0.281976 0.040375 0.0685647
27 0.642695 0.331471 0.0171406 0.0658118
27 0.313891 0.353988 0.0158438 0.0238824
43 0.515023 0.620153 0.0188594 0.0579059
60 0.0597188 0.757012 0.115844 0.196376
0 0.41407 0.480918 0.164984 0.627012
0 0.624711 0.383953 0.242672 0.530871
56 0.101961 0.573918 0.110141 0.264918
