32 0.788953 0.528125 0.0116875 0.00929167
34 0.511289 0.516875 0.0475156 0.0119583
35 0.457383 0.563979 0.0224844 0.049875
0 0.402531 0.54175 0.13275 0.153583
0 0.274977 0.521188 0.169172 0.204625
0 0.0707031 0.0443021 0.0648125 0.0704792
0 0.4385 0.246469 0.0226562 0.0958958
0 0.514406 0.206375 0.0499062 0.1265
0 0.502008 0.0239271 0.0494531 0.0478542
0 0.710352 0.20224 0.0851406 0.171937
0 0.109945 0.211302 0.0722656 0.190062
0 0.561109 0.524687 0.166656 0.25925
0 0.928992 0.197323 0.0662969 0.129271
0 0.128125 0.0344688 0.0531875 0.0689375
0 0.659352 0.214302 0.0247969 0.153104
0 0.414312 0.0253021 0.0454062 0.0496875
