16 0.706992 0.8798 0.0885469 0.208071
67 0.163406 0.416941 0.0133125 0.0110118
24 0.378789 0.835294 0.0820781 0.155059
0 0.151063 0.476553 0.088375 0.425576
0 0.278305 0.609424 0.129828 0.649435
0 0.323313 0.483353 0.0516875 0.331318
0 0.420273 0.534906 0.0867344 0.423412
0 0.476086 0.4888 0.0863281 0.427529
0 0.559602 0.515353 0.110422 0.438188
0 0.692602 0.531318 0.123047 0.489976
0 0.209602 0.381824 0.0662656 0.1604
0 0.798336 0.584306 0.119141 0.5456
7 0.749125 0.277529 0.43575 0.555059
24 0.514539 0.543965 0.0279219 0.0772941
26 0.427477 0.437094 0.0535469 0.104824
26 0.123703 0.491094 0.0725 0.162659
56 0.25343 0.7372 0.143234 0.307153
0 0.377445 0.4646 0.0656406 0.393294
0 0.894578 0.587894 0.152656 0.663365
24 0.309578 0.426035 0.0398437 0.0991765
0 0.0381953 0.495024 0.0763906 0.364494
26 0.530383 0.551012 0.0576094 0.0751059
26 0.312461 0.425576 0.0382344 0.0944941
0 0.0631875 0.444682 0.0449062 0.264235
