25 0.277508 0.386979 0.126609 0.0987822
25 0.458945 0.480808 0.102266 0.0838642
25 0.35657 0.476358 0.138141 0.0745433
26 0.427406 0.600433 0.0330937 0.0742623
26 0.351313 0.635328 0.0409375 0.101054
26 0.4535 0.592084 0.0164063 0.127869
0 0.34732 0.664532 0.0700469 0.323302
0 0.48943 0.622775 0.0537656 0.296557
0 0.621945 0.494215 0.0147656 0.0759251
0 0.816148 0.53356 0.0516406 0.187728
0 0.596594 0.497916 0.0157813 0.0759251
0 0.839937 0.52678 0.0265937 0.156885
0 0.92393 0.567752 0.0789219 0.271569
25 0.873164 0.44233 0.0522656 0.0263934
25 0.368469 0.449145 0.0930312 0.0277986
0 0.390937 0.625445 0.0464062 0.228595
0 0.436703 0.619391 0.082875 0.262155
0 0.64518 0.485878 0.0136406 0.0555504
0 0.582234 0.488759 0.016125 0.0737237
0 0.532414 0.496745 0.0198594 0.0771897
58 0.746227 0.333888 0.0332031 0.0661827
58 0.649391 0.334286 0.03225 0.0487588
58 0.692008 0.379391 0.0550469 0.0416862
58 0.73968 0.430492 0.0271094 0.0509133
58 0.826852 0.402541 0.0525781 0.0778689
58 0.92925 0.406159 0.0398125 0.0343794
58 0.974711 0.404625 0.0461406 0.0507494
58 0.779922 0.402307 0.0297812 0.0518267
58 0.884477 0.379403 0.0537344 0.0800234
0 0.275094 0.62459 0.0869687 0.368384
