0 0.620398 0.546881 0.0577031 0.275911
0 0.483992 0.548189 0.104672 0.368762
0 0.579906 0.551752 0.03325 0.107477
0 0.454125 0.596554 0.0361563 0.0861916
0 0.299953 0.69347 0.0775937 0.130304
0 0.81725 0.569743 0.111594 0.10215
0 0.0253359 0.459708 0.0497656 0.145631
0 0.706172 0.451542 0.0769062 0.139486
29 0.353125 0.386425 0.0180312 0.0502804
0 0.0741562 0.429311 0.0313125 0.130164
0 0.0431719 0.445105 0.0486875 0.154977
8 0.896148 0.0906893 0.0218281 0.0183411
8 0.205047 0.108528 0.0139375 0.0335047
8 0.0211406 0.130491 0.0108438 0.0215888
56 0.711305 0.58396 0.0766094 0.105631
56 0.56932 0.542255 0.0562656 0.101846
56 0.542422 0.604661 0.0397813 0.0905374
0 0.562 0.598259 0.0761563 0.133949
0 0.155953 0.436086 0.038125 0.154509
0 0.04 0.358808 0.0351562 0.0691589
8 0.00571094 0.145444 0.0111094 0.00911215
29 0.850547 0.330654 0.0113125 0.00560748
