0 0.672667 0.63371 0.500373 0.43146
0 0.29064 0.52179 0.58128 0.82922
65 0.839773 0.62845 0.11912 0.12458
73 0.880547 0.1268 0.0209867 0.07472
73 0.872853 0.23294 0.02816 0.0942
73 0.9286 0.23981 0.0158667 0.08074
73 0.938213 0.23448 0.016 0.09164
57 0.363213 0.31549 0.726427 0.2093
73 0.907587 0.24083 0.0316533 0.08026
73 0.96636 0.3592 0.02296 0.07652
73 0.938587 0.35729 0.0151467 0.0685
73 0.95132 0.35704 0.0233867 0.071
73 0.923867 0.35616 0.02048 0.07092
73 0.933307 0.44435 0.03584 0.01718
73 0.965733 0.2272 0.0458133 0.09644
73 0.74748 0.23534 0.00909333 0.08808
39 0.543533 0.36109 0.0349067 0.08826
73 0.83204 0.43878 0.0204533 0.07976
