7 0.267172 0.742138 0.112125 0.0896538
9 0.801688 0.642118 0.0300312 0.0863136
9 0.0775078 0.675041 0.0207344 0.0544399
9 0.356891 0.659308 0.0230625 0.0620774
0 0.37882 0.769919 0.0273906 0.0995519
0 0.334352 0.778839 0.0188594 0.0792668
0 0.355766 0.770499 0.0190312 0.0935031
74 0.0670078 0.45891 0.0155469 0.0267413
74 0.0116797 0.457749 0.0123906 0.0260489
0 0.310273 0.776517 0.00992188 0.0246843
0 0.289305 0.77553 0.0190469 0.0772912
0 0.107609 0.755784 0.014375 0.0526273
0 0.301492 0.775947 0.0116406 0.0740937
2 0.314422 0.753299 0.0636875 0.0695316
