36 0.556773 0.582168 0.143703 0.231676
36 0.183859 0.350231 0.0438438 0.0720809
0 0.316133 0.283699 0.0497656 0.199017
0 0.873234 0.62789 0.181906 0.566185
0 0.244805 0.262066 0.0342969 0.228353
0 0.164133 0.267529 0.0586406 0.220723
0 0.0625 0.27539 0.0558125 0.225231
0 0.526016 0.636257 0.133937 0.513497
0 0.216797 0.243916 0.0338437 0.178121
0 0.273961 0.276402 0.0255156 0.166272
0 0.431758 0.352399 0.0345156 0.0819653
0 0.41707 0.328454 0.0493281 0.13078
0 0.468258 0.269711 0.0489219 0.262312
36 0.243352 0.354581 0.0460156 0.057659
36 0.310984 0.310708 0.027 0.139393
36 0.0759297 0.365318 0.0132969 0.0313295
36 0.468719 0.408136 0.0259688 0.0171387
0 0.11775 0.262645 0.040375 0.173266
