36 0.58228 0.76189 0.156187 0.02154
36 0.65064 0.3497 0.117867 0.04268
24 0.79448 0.24014 0.0531733 0.04808
24 0.877693 0.67006 0.08088 0.07164
0 0.754893 0.68024 0.21864 0.36112
0 0.54232 0.41507 0.09088 0.11782
0 0.27572 0.73963 0.164613 0.34122
0 0.232173 0.28476 0.0936267 0.21536
0 0.633733 0.26248 0.123093 0.19024
0 0.877853 0.23993 0.106 0.25594
0 0.568587 0.64017 0.135627 0.26214
13 0.1184 0.7757 0.173333 0.06532
13 0.74548 0.28345 0.12552 0.05458
13 0.12284 0.32746 0.07432 0.04712
24 0.13584 0.28682 0.0539733 0.04672
24 0.185453 0.72519 0.0685067 0.06042
24 0.697533 0.26104 0.0685067 0.04224
24 0.679933 0.66209 0.0854133 0.06938
24 0.0660133 0.74854 0.0731467 0.05744
36 0.129787 0.81226 0.127947 0.03176
36 0.0887867 0.37736 0.0807733 0.03912
36 0.0344267 0.84872 0.0558933 0.03744
36 0.76236 0.31149 0.111493 0.02154
36 0.81496 0.76005 0.0831467 0.03898
36 0.135627 0.3527 0.0698133 0.01948
0 0.0239467 0.80629 0.0343467 0.09786
0 0.0652533 0.35369 0.1224 0.13194
0 0.0316933 0.45425 0.0603467 0.08538
13 0.765267 0.71863 0.220987 0.07518
24 0.0692133 0.30645 0.0615733 0.04014
