39 0.10143 0.251677 0.0466719 0.178646
39 0.133688 0.246094 0.0417812 0.177187
39 0.0663203 0.259479 0.0412344 0.180333
39 0.158859 0.739583 0.0475938 0.151292
39 0.197445 0.750948 0.0563594 0.148688
39 0.221258 0.734521 0.0485156 0.176958
39 0.19282 0.647979 0.0176094 0.0889167
39 0.505289 0.494802 0.0290156 0.105021
39 0.524086 0.492281 0.0305781 0.108688
72 0.83557 0.575156 0.298672 0.809854
69 0.241008 0.869667 0.458422 0.233708
71 0.278844 0.631729 0.147219 0.0834583
39 0.248297 0.74176 0.03675 0.117813
