0 0.575562 0.674031 0.200563 0.651938
0 0.256516 0.509333 0.0781563 0.143125
0 0.870375 0.494125 0.032375 0.133875
0 0.927828 0.491417 0.0325 0.136792
0 0.0389375 0.715771 0.077875 0.0760833
0 0.960492 0.487521 0.0348281 0.137167
67 0.594016 0.435177 0.0224375 0.0378542
9 0.232398 0.315958 0.0123594 0.0375417
9 0.294203 0.3115 0.0115312 0.0339167
10 0.817836 0.606219 0.0389219 0.149729
24 0.234727 0.516271 0.0635469 0.0706667
0 0.989977 0.531198 0.0199844 0.203396
0 0.888453 0.493844 0.0213438 0.131271
0 0.843539 0.458698 0.0240156 0.0820208
0 0.471328 0.429302 0.013625 0.0151042
0 0.373641 0.597969 0.0589063 0.0862708
2 0.412078 0.707865 0.820781 0.404479
2 0.757102 0.536365 0.224828 0.209396
5 0.173859 0.429458 0.0545937 0.0804583
5 0.333789 0.431542 0.100578 0.122417
9 0.178047 0.295635 0.016125 0.0430208
9 0.242078 0.357052 0.0130625 0.0206458
24 0.924531 0.456573 0.0129688 0.0324375
2 0.0449141 0.465729 0.0428594 0.0435833
2 0.222258 0.452375 0.0658281 0.0547917
2 0.243078 0.459323 0.0418437 0.0528542
2 0.138422 0.459271 0.0475 0.0404583
2 0.28025 0.432312 0.0146563 0.00708333
2 0.10382 0.459906 0.0337969 0.0367292
2 0.422922 0.476458 0.0415937 0.0570417
2 0.0661484 0.464542 0.0148906 0.0404167
7 0.326734 0.433167 0.0928125 0.12625
7 0.480719 0.470042 0.122844 0.080125
9 0.28 0.356531 0.0075 0.0242708
9 0.168766 0.374052 0.00609375 0.00714583
9 0.278984 0.408396 0.0071875 0.0202917
9 0.226437 0.383094 0.00625 0.0257708
9 0.189062 0.386177 0.00625 0.00864583
9 0.078375 0.304083 0.0146875 0.0345833
0 0.978258 0.548604 0.0434844 0.0478333
12 0.900992 0.520938 0.0132031 0.0424583
12 0.647344 0.460615 0.0095 0.0305208
