2 0.0182891 0.571378 0.0327969 0.289551
5 0.608 0.4764 0.762469 0.81797
5 0.170375 0.530897 0.126875 0.156453
0 0.197078 0.570534 0.022375 0.097265
0 0.168055 0.576026 0.0320469 0.090812
0 0.109563 0.587543 0.0395625 0.108205
0 0.0783594 0.581132 0.0341562 0.0900427
0 0.0614688 0.573932 0.0181562 0.0982051
0 0.454578 0.212276 0.0409375 0.0541239
1 0.841508 0.846143 0.161797 0.307714
0 0.659414 0.256677 0.0373281 0.0514744
0 0.673664 0.535737 0.0369531 0.0538248
26 0.078875 0.58765 0.019 0.0154274
26 0.951562 0.676538 0.038 0.0392735
0 0.134773 0.582457 0.0400781 0.10688
0 0.326477 0.508162 0.100828 0.106966
0 0.962484 0.662949 0.0618437 0.249658
24 0.178172 0.562233 0.0102813 0.0298077
24 0.111711 0.563825 0.0118281 0.0268803
1 0.882797 0.751239 0.0763125 0.141709
0 0.583414 0.240791 0.0507031 0.0569658
0 0.387219 0.214316 0.0305625 0.0276068
