74 0.557805 0.141909 0.0521406 0.0732266
0 0.958344 0.969951 0.0129375 0.0600985
0 0.919578 0.979446 0.020375 0.0411084
0 0.28257 0.962007 0.0239844 0.0759852
0 0.23175 0.964717 0.022125 0.0705665
0 0.692617 0.956909 0.0182031 0.0781527
0 0.666156 0.969569 0.0215938 0.0608621
0 0.336047 0.963276 0.032 0.0734483
0 0.356961 0.968079 0.0183594 0.0630049
0 0.650789 0.970985 0.0250156 0.0580296
0 0.851125 0.966761 0.0364063 0.0664778
0 0.477891 0.951367 0.0153125 0.0318473
0 0.773781 0.966256 0.0242188 0.0674877
0 0.0811328 0.960603 0.0153906 0.0749507
