23 0.268414 0.594388 0.407422 0.676406
14 0.110633 0.321084 0.00289062 0.00389558
14 0.769594 0.796094 0.0235 0.0496586
14 0.110156 0.328454 0.0021875 0.00305221
14 0.107586 0.300301 0.00545313 0.00457831
14 0.899898 0.806817 0.0240781 0.0536747
14 0.102383 0.336034 0.00285937 0.00331325
14 0.10082 0.319257 0.00307813 0.00570281
14 0.101102 0.307771 0.00523438 0.00361446
23 0.578336 0.634006 0.357516 0.662149
14 0.121609 0.292299 0.0018125 0.00439759
14 0.0745625 0.351235 0.00440625 0.00451807
14 0.0803594 0.338655 0.00209375 0.00433735
14 0.0656016 0.351044 0.00389063 0.00618474
