27 0.569102 0.492417 0.0305469 0.137444
27 0.723672 0.378694 0.0138437 0.0808333
27 0.204508 0.714222 0.0756406 0.340889
67 0.578867 0.776875 0.0589844 0.0655278
60 0.58525 0.826972 0.829219 0.319111
0 0.578266 0.454042 0.316562 0.504472
0 0.791297 0.506375 0.227531 0.442694
0 0.338766 0.544264 0.184563 0.492139
0 0.147898 0.618722 0.288203 0.739333
41 0.620016 0.88125 0.034625 0.109833
42 0.361039 0.812792 0.0677344 0.0481389
44 0.486992 0.721944 0.0388906 0.0426667
44 0.775164 0.794986 0.0857344 0.0321389
55 0.745227 0.897306 0.142609 0.204611
26 0.95 0.377708 0.1 0.174694
40 0.659289 0.691181 0.0451719 0.18325
40 0.708484 0.7165 0.0473125 0.170889
41 0.285383 0.854097 0.0837969 0.0934722
41 0.579594 0.690875 0.0489687 0.0850833
41 0.787703 0.703611 0.0573438 0.0815
41 0.405719 0.9415 0.0664687 0.116167
44 0.31807 0.968403 0.0279531 0.0468056
56 0.236883 0.529236 0.0612656 0.0729167
56 0.44075 0.517347 0.0241875 0.13325
56 0.671359 0.56475 0.0319063 0.115444
40 0.89982 0.798458 0.0609531 0.213194
40 0.538281 0.760236 0.0519687 0.204972
40 0.406211 0.914375 0.0708594 0.17125
40 0.974516 0.818181 0.04675 0.155861
40 0.831367 0.762944 0.0630156 0.209611
56 0.00751563 0.616847 0.0146875 0.0283611
56 0.00513281 0.658306 0.00920312 0.0582222
40 0.430766 0.833 0.0537188 0.170889
40 0.488945 0.972236 0.0258594 0.0541944
40 0.471914 0.811 0.0403281 0.161833
0 0.773797 0.403292 0.249063 0.536472
