45 0.542852 0.453124 0.197109 0.277855
45 0.769961 0.462832 0.211359 0.295035
45 0.538094 0.0751865 0.225781 0.150373
45 0.786242 0.0676457 0.223141 0.135291
45 0.93307 0.466294 0.133859 0.352821
45 0.952297 0.0690909 0.0954062 0.138182
47 0.724047 0.52211 0.0561562 0.0774126
47 0.943609 0.439732 0.0545312 0.0913054
47 0.342586 0.489674 0.148984 0.19986
47 0.539258 0.458427 0.174734 0.269674
47 0.0405781 0.0791492 0.0811562 0.158298
47 0.780781 0.472692 0.058625 0.0846387
47 0.342687 0.0584266 0.143094 0.116853
47 0.768219 0.444569 0.207875 0.26965
47 0.188289 0.429207 0.0482031 0.0764103
47 0.223687 0.480897 0.06175 0.0853846
47 0.203555 0.551434 0.0582969 0.0784382
47 0.145687 0.474254 0.0586875 0.0762005
47 0.150797 0.553333 0.0585 0.085035
