60 0.50075 0.557453 0.9985 0.844953
0 0.796055 0.126963 0.407891 0.249439
41 0.743695 0.21979 0.0644531 0.10528
41 0.527937 0.425748 0.0985313 0.236028
42 0.311109 0.925888 0.158656 0.148224
53 0.63343 0.749439 0.476391 0.339346
53 0.190531 0.456086 0.350938 0.189182
53 0.688289 0.349439 0.228422 0.146075
43 0.835336 0.308715 0.157516 0.0606542
42 0.425445 0.234942 0.0201094 0.0629206
42 0.832695 0.335047 0.163609 0.11785
42 0.578102 0.209778 0.116391 0.0320327
42 0.410875 0.563762 0.0813125 0.161869
42 0.82832 0.264463 0.110203 0.0307009
56 0.521367 0.0927336 0.190047 0.181262
