56 0.865969 0.589729 0.164219 0.327333
0 0.443422 0.532542 0.184062 0.599667
0 0.663828 0.379854 0.0693125 0.213708
0 0.728344 0.375625 0.0746875 0.216917
28 0.264359 0.850219 0.221281 0.274771
0 0.852578 0.292531 0.00928125 0.0421042
0 0.970406 0.289083 0.0116562 0.0251667
25 0.914781 0.2515 0.0278438 0.013125
25 0.976641 0.259833 0.03975 0.0475417
56 0.964438 0.603917 0.071125 0.260083
0 0.951242 0.293292 0.0137344 0.03425
25 0.825922 0.256229 0.0313125 0.010125
25 0.853031 0.261927 0.02675 0.0261458
25 0.950461 0.254583 0.0379531 0.016375
28 0.744062 0.658896 0.0767188 0.09125
56 0.490359 0.493521 0.0239688 0.0435833
56 0.794445 0.45725 0.0670156 0.02875
56 0.85718 0.433146 0.0505469 0.0391667
25 0.889992 0.255365 0.0450469 0.0120625
25 0.843305 0.261177 0.0139844 0.00527083
56 0.575859 0.49375 0.0829688 0.0354583
