0 0.44418 0.78618 0.159274 0.238859
0 0.637951 0.498062 0.0157143 0.0240313
0 0.563782 0.438125 0.00925059 0.0139375
0 0.430234 0.520016 0.0181733 0.0137813
30 0.393126 0.896937 0.230094 0.0360313
0 0.644485 0.403789 0.00723653 0.0128281
0 0.52041 0.415133 0.00840749 0.0115156
0 0.4613 0.404461 0.00672131 0.0132031
0 0.665632 0.409164 0.0175878 0.0221406
0 0.444895 0.403383 0.00641686 0.0159219
0 0.510211 0.404367 0.00875878 0.0165156
0 0.89582 0.487945 0.0125293 0.0246094
0 0.874005 0.408305 0.010726 0.0132656
0 0.589063 0.403062 0.00969555 0.0133437
