40 0.0580391 0.769287 0.0608594 0.157453
40 0.0863125 0.74014 0.0409375 0.157103
40 0.0233594 0.788633 0.0465313 0.113248
43 0.552023 0.894533 0.0865156 0.0623832
55 0.678516 0.865175 0.205875 0.238201
0 0.435305 0.514206 0.544734 0.971589
0 0.75818 0.637442 0.213016 0.416519
0 0.625172 0.408621 0.168313 0.570794
0 0.559047 0.0876402 0.0300625 0.121355
0 0.931305 0.511238 0.137391 0.793271
0 0.39293 0.129463 0.0776719 0.163271
0 0.371187 0.107815 0.0481875 0.194276
0 0.0390703 0.388762 0.0751406 0.593271
0 0.144273 0.346063 0.195359 0.485397
0 0.529672 0.461133 0.092875 0.309089
41 0.121414 0.350175 0.0240469 0.103435
26 0.653125 0.541157 0.112813 0.244416
40 0.11407 0.70882 0.0448906 0.146192
40 0.124422 0.346624 0.0221562 0.0976402
40 0.0453438 0.730619 0.0334375 0.101612
40 0.0205469 0.740164 0.0314063 0.0656075
40 0.127781 0.69146 0.0344062 0.122313
40 0.007375 0.777301 0.0103125 0.0342757
41 0.0756406 0.683353 0.0310937 0.0615654
41 0.0419219 0.651273 0.0302812 0.0689019
41 0.0717109 0.641682 0.0296719 0.032243
74 0.639219 0.410643 0.005875 0.0100701
74 0.937805 0.317699 0.0102031 0.0159112
74 0.589586 0.728575 0.0188594 0.0367757
