23 0.781602 0.685389 0.401953 0.521344
23 0.295297 0.45704 0.0671875 0.375165
23 0.108719 0.528019 0.211719 0.508868
23 0.300125 0.488608 0.152938 0.276604
23 0.559406 0.406368 0.0419062 0.0858491
14 0.55632 0.123998 0.0122031 0.0111557
14 0.387844 0.0277476 0.00775 0.0105425
14 0.280195 0.191427 0.00804688 0.0092217
14 0.600016 0.0288679 0.00775 0.00985849
14 0.537562 0.198998 0.0041875 0.00629717
14 0.302445 0.142866 0.00417188 0.0071934
14 0.539047 0.260566 0.00371875 0.00481132
14 0.944063 0.222771 0.00465625 0.00464623
14 0.895344 0.281167 0.00353125 0.00426887
14 0.782273 0.195814 0.0106406 0.0126179
14 0.651578 0.25092 0.013375 0.00490566
14 0.531484 0.276167 0.0056875 0.0104481
14 0.5045 0.263561 0.003875 0.00433962
