56 0.890938 0.896698 0.164437 0.200104
56 0.508273 0.838354 0.177203 0.247042
56 0.324109 0.925542 0.262875 0.129208
0 0.742414 0.576406 0.261234 0.573021
0 0.486484 0.414417 0.195938 0.360375
0 0.232062 0.633667 0.437219 0.688333
45 0.889734 0.620771 0.0217188 0.0178333
46 0.335008 0.588646 0.0467656 0.0287917
68 0.92607 0.424948 0.121891 0.187354
41 0.298102 0.593094 0.0418594 0.0916875
41 0.343867 0.553594 0.0289531 0.0372708
44 0.490195 0.509375 0.0263281 0.04
45 0.620961 0.614573 0.0655156 0.0308542
71 0.582437 0.52226 0.041625 0.0206458
41 0.293539 0.49874 0.0235469 0.0233542
45 0.5055 0.545094 0.064125 0.0556042
56 0.630859 0.885427 0.207031 0.200521
56 0.944805 0.776625 0.109078 0.0935
56 0.807766 0.867677 0.180656 0.243771
58 0.417484 0.321948 0.0588437 0.0767292
69 0.931336 0.421615 0.137328 0.204437
69 0.555195 0.597958 0.190453 0.045
