0 0.462164 0.34939 0.0815469 0.254554
0 0.553891 0.249894 0.06975 0.109178
25 0.575187 0.203216 0.359437 0.0811737
25 0.075875 0.138439 0.1475 0.171526
0 0.0471172 0.408298 0.0942344 0.49439
0 0.360391 0.389988 0.0765938 0.327066
0 0.832859 0.26723 0.0292187 0.046385
0 0.608047 0.280469 0.0435 0.0643662
25 0.385594 0.220892 0.059375 0.111127
46 0.702273 0.843146 0.513047 0.289906
46 0.102422 0.720915 0.179844 0.157934
46 0.674477 0.574308 0.148391 0.233357
46 0.902758 0.695446 0.108297 0.0780282
46 0.547695 0.552265 0.111516 0.118615
46 0.601227 0.508908 0.0956094 0.120681
46 0.833219 0.672523 0.0348437 0.0603521
0 0.286109 0.292441 0.0594688 0.124131
0 0.790094 0.231749 0.0283125 0.0999765
2 0.502391 0.265 0.058625 0.0716901
2 0.872961 0.287289 0.0767344 0.0985211
7 0.668937 0.244624 0.194188 0.102864
25 0.170313 0.251232 0.156906 0.162465
46 0.741961 0.436455 0.0383281 0.0728169
46 0.426336 0.741784 0.127484 0.197324
46 0.561688 0.343028 0.0889687 0.0788263
46 0.540281 0.418192 0.126219 0.0883099
46 0.478086 0.558181 0.0225469 0.069507
0 0.324367 0.440141 0.0764531 0.193192
7 0.499609 0.262453 0.0498437 0.0656573
0 0.423109 0.398885 0.0423125 0.158897
0 0.936008 0.269613 0.115203 0.277629
