5 0.469375 0.516069 0.468125 0.753917
5 0.191531 0.673319 0.098375 0.151639
0 0.824641 0.763514 0.069875 0.329639
0 0.810836 0.668097 0.0465156 0.142639
0 0.894773 0.749431 0.0727031 0.342417
0 0.960813 0.741653 0.073375 0.372139
0 0.729141 0.735597 0.0434688 0.323194
26 0.97268 0.72225 0.0352969 0.0991667
26 0.864695 0.836042 0.0288594 0.108028
26 0.710187 0.739389 0.0158125 0.0596111
26 0.941602 0.702403 0.0322656 0.109194
28 0.781023 0.851917 0.0445781 0.1125
0 0.597383 0.635542 0.0421719 0.135806
0 0.236906 0.727764 0.0161563 0.151194
0 0.0702266 0.713083 0.0128594 0.0557778
0 0.121195 0.7 0.00570312 0.0244444
0 0.133937 0.705667 0.011625 0.0361111
26 0.901812 0.692625 0.0446562 0.147139
0 0.654414 0.659861 0.0273906 0.0716111
0 0.495023 0.589056 0.0754531 0.105222
