16 0.784294 0.36819 0.0732222 0.0389206
18 0.442905 0.343563 0.0680635 0.0603968
18 0.240857 0.326881 0.0688254 0.0473175
18 0.0872222 0.300048 0.0442857 0.0573333
18 0.38646 0.34027 0.068254 0.0444444
18 0.468976 0.333452 0.0516349 0.0516349
18 0.327683 0.335817 0.0593651 0.052619
18 0.346492 0.301063 0.0648889 0.026127
18 0.30054 0.299119 0.0426032 0.0310635
18 0.162286 0.296563 0.0645397 0.0232222
18 0.155595 0.315278 0.0699524 0.0421746
18 0.207135 0.289556 0.0575714 0.0395873
18 0.423889 0.306389 0.0626032 0.0274127
18 0.254968 0.319341 0.0500952 0.0544603
