34 0.381312 0.47903 0.022 0.0426869
0 0.413391 0.622897 0.141375 0.201916
0 0.308492 0.685794 0.0797969 0.138645
0 0.180336 0.650561 0.138266 0.195514
0 0.36368 0.0648598 0.0367656 0.0506542
0 0.615867 0.143937 0.0392344 0.16236
0 0.205758 0.209042 0.0285469 0.0841121
0 0.360047 0.234299 0.0442188 0.133318
0 0.287836 0.249907 0.0523281 0.126682
0 0.257445 0.252033 0.0450469 0.127991
0 0.19982 0.287208 0.0728594 0.106752
0 0.0427344 0.287815 0.0608437 0.144556
0 0.211836 0.0789486 0.0343281 0.0509346
13 0.140992 0.296145 0.109234 0.080514
35 0.337641 0.695549 0.0133437 0.0251168
56 0.681914 0.139439 0.0239531 0.0284579
56 0.65743 0.15625 0.0296094 0.0390421
56 0.613766 0.194661 0.0278438 0.0829206
0 0.319891 0.243435 0.0480312 0.139393
