32 0.683219 0.65199 0.0264375 0.0355208
0 0.102758 0.503646 0.0987344 0.306917
0 0.502516 0.548417 0.102344 0.317667
0 0.28568 0.59101 0.109547 0.359563
0 0.607383 0.66801 0.0973281 0.221479
0 0.712055 0.524615 0.0871094 0.293771
0 0.876109 0.650469 0.0873125 0.204479
0 0.733742 0.300719 0.0263281 0.0755625
0 0.76393 0.310896 0.0329219 0.06775
0 0.654844 0.300063 0.0277813 0.0332083
0 0.135492 0.222802 0.0190156 0.0384792
0 0.864375 0.320823 0.0255312 0.0315625
0 0.437578 0.287406 0.0216875 0.0284792
0 0.464641 0.306281 0.028 0.0292292
