2 0.600086 0.909988 0.113734 0.104567
2 0.295766 0.91774 0.136625 0.0708431
2 0.157766 0.922166 0.0932813 0.0634895
2 0.0917734 0.916698 0.0710469 0.0389227
2 0.347141 0.916054 0.0786875 0.0774941
0 0.434211 0.911628 0.0158281 0.0614286
0 0.946523 0.895667 0.0204531 0.0570492
0 0.417937 0.911639 0.0176563 0.0664637
0 0.704836 0.90733 0.0145469 0.0678689
0 0.207898 0.920785 0.0196094 0.0606792
0 0.442633 0.926112 0.0142031 0.037377
13 0.0756172 0.96719 0.127016 0.0645433
0 0.409133 0.906546 0.00651562 0.0278923
0 0.39143 0.926276 0.0117344 0.0296019
33 0.365516 0.566382 0.0443438 0.0278923
0 0.712992 0.906979 0.0120469 0.0652459
0 0.716984 0.886593 0.005875 0.0198829
33 0.4935 0.387986 0.0389688 0.0206089
33 0.876367 0.413571 0.0501719 0.0213349
33 0.674188 0.623466 0.0607188 0.0238876
33 0.958617 0.727096 0.0154531 0.161593
33 0.629062 0.152471 0.0207813 0.03637
33 0.519117 0.302319 0.113578 0.0546136
33 0.628195 0.15767 0.0294531 0.03637
33 0.142609 0.522026 0.0157188 0.0136066
33 0.97525 0.710773 0.0146563 0.149227
33 0.852898 0.220691 0.0147656 0.0231148
33 0.150656 0.603864 0.0154375 0.0221546
33 0.457094 0.491768 0.183312 0.0318735
0 0.0571328 0.894145 0.00601563 0.0128806
7 0.0290625 0.924848 0.058125 0.0792037
7 0.307781 0.917471 0.160125 0.0794379
