7 0.558492 0.70562 0.813922 0.566277
0 0.109742 0.698966 0.0353906 0.235888
0 0.0589063 0.68781 0.0736563 0.242433
0 0.0230937 0.667409 0.0404062 0.20674
0 0.133844 0.656168 0.0306563 0.173601
0 0.172344 0.682457 0.052125 0.237421
0 0.187602 0.598723 0.0278594 0.0824574
0 0.773109 0.560304 0.101437 0.0957908
2 0.948359 0.636946 0.102062 0.186204
0 0.0989922 0.598662 0.0137031 0.0311436
0 0.0385703 0.623102 0.0174531 0.0822141
0 0.0913438 0.673516 0.0140937 0.17618
7 0.948961 0.636217 0.102078 0.193844
0 0.0802031 0.639501 0.0187812 0.150097
