43 0.947719 0.554684 0.0300938 0.0902108
43 0.962492 0.573583 0.0171094 0.0525059
43 0.967773 0.548115 0.0194844 0.103115
45 0.0775547 0.777869 0.149453 0.12904
45 0.141156 0.749227 0.155969 0.115129
45 0.0253906 0.821909 0.0507812 0.124754
53 0.847453 0.776628 0.302562 0.085808
55 0.296859 0.365164 0.326844 0.465176
43 0.973828 0.571347 0.014625 0.0561827
54 0.704406 0.331323 0.0515 0.0242857
54 0.751242 0.32322 0.0538906 0.0320609
54 0.647414 0.328115 0.0580469 0.0183372
60 0.5 0.837073 1 0.303372
77 0.306195 0.302728 0.130109 0.135152
44 0.966656 0.521019 0.0184687 0.0522014
44 0.0109609 0.72911 0.0219219 0.0283841
55 0.471961 0.864567 0.129734 0.139063
55 0.362039 0.852623 0.103766 0.115972
55 0.332508 0.8287 0.0983594 0.11815
55 0.392641 0.774742 0.0733437 0.0553396
55 0.456711 0.75808 0.0751406 0.0522248
55 0.520438 0.767904 0.06025 0.0593677
55 0.596477 0.858841 0.124484 0.143864
44 0.978437 0.569379 0.0165625 0.0637237
44 0.0584297 0.676733 0.0750469 0.0643794
