5 0.772797 0.788646 0.081375 0.188
5 0.212258 0.796875 0.0288594 0.0348333
0 0.849906 0.893083 0.042375 0.167958
0 0.897188 0.860333 0.0511875 0.105583
0 0.945703 0.875458 0.0721563 0.134542
0 0.823555 0.926875 0.0788906 0.14625
0 0.920117 0.848229 0.0258281 0.0493333
0 0.23782 0.813302 0.0166406 0.0602292
0 0.0960312 0.822146 0.0233125 0.076625
0 0.262211 0.816917 0.0191406 0.0555417
0 0.137445 0.823583 0.0204844 0.0632917
0 0.329945 0.813365 0.0111719 0.0450625
0 0.355711 0.814146 0.0108906 0.044
26 0.85025 0.948406 0.0534063 0.103188
26 0.937617 0.909427 0.0338281 0.0660625
0 0.379781 0.816646 0.0130938 0.041625
0 0.981445 0.881521 0.0371094 0.140625
