2 0.281875 0.49201 0.0706875 0.159896
0 0.875516 0.685052 0.0916875 0.310396
0 0.0471875 0.678656 0.094375 0.620229
0 0.174422 0.69201 0.1605 0.440188
0 0.348094 0.613229 0.0975312 0.42375
0 0.243492 0.662583 0.0899531 0.267208
0 0.432437 0.61374 0.0574375 0.295063
0 0.699898 0.618781 0.0492656 0.254063
0 0.806727 0.566333 0.0362969 0.150792
0 0.61282 0.611313 0.0809531 0.304542
0 0.746539 0.630177 0.0457656 0.202104
0 0.763344 0.536417 0.0450313 0.122625
0 0.154531 0.454729 0.0332188 0.0391667
2 0.463461 0.530625 0.0285469 0.0761667
2 0.773883 0.504292 0.118203 0.088
33 0.177742 0.263708 0.158609 0.254875
56 0.791336 0.624198 0.0619531 0.0613125
0 0.54093 0.614271 0.118391 0.449292
33 0.0903984 0.0329583 0.104453 0.0644583
