39 0.173115 0.589141 0.0686458 0.184406
0 0.687271 0.512367 0.625458 0.687641
0 0.219635 0.336414 0.273938 0.337641
40 0.392573 0.644141 0.0598958 0.123469
45 0.296312 0.734828 0.107708 0.0678438
45 0.0245938 0.707805 0.0491875 0.0522031
45 0.3295 0.695969 0.108375 0.0460313
45 0.225229 0.66768 0.10275 0.0425781
52 0.573104 0.952562 0.168333 0.07
52 0.713802 0.889937 0.0731458 0.071125
52 0.559385 0.866063 0.116062 0.0373125
52 0.463177 0.88943 0.0835208 0.0518281
52 0.661833 0.935789 0.0747917 0.0797344
42 0.130927 0.847875 0.0272708 0.0723125
42 0.135885 0.774883 0.136813 0.0303281
42 0.133698 0.766266 0.114771 0.032625
42 0.16101 0.766648 0.0906875 0.0397969
42 0.223073 0.842719 0.0368542 0.0574063
42 0.268646 0.83725 0.0215833 0.0520938
43 0.524115 0.738063 0.180521 0.0183125
45 0.332969 0.616016 0.0996042 0.0330625
45 0.31375 0.621969 0.062 0.0201875
45 0.316469 0.584453 0.0871042 0.0329688
45 0.330521 0.631445 0.100792 0.0221719
45 0.273302 0.616289 0.0198958 0.0257344
45 0.329604 0.645117 0.0867083 0.0144531
52 0.855208 0.953531 0.10325 0.0613125
42 0.14375 0.811531 0.034375 0.0275
42 0.294719 0.832477 0.0306875 0.0522031
42 0.17225 0.857336 0.0190833 0.0497969
42 0.197198 0.857555 0.0271042 0.0502656
42 0.215656 0.804117 0.0394375 0.0420469
42 0.248688 0.839047 0.0225833 0.0582187
45 0.226969 0.71257 0.113438 0.0487031
52 0.503094 0.974844 0.0728542 0.0503125
52 0.837469 0.901703 0.118354 0.0620313
52 0.752792 0.881008 0.0465833 0.0361719
42 0.165573 0.762109 0.0341042 0.0252812
0 0.0963333 0.332758 0.192667 0.178453
52 0.69599 0.814633 0.0606875 0.0687969
52 0.871948 0.979383 0.138313 0.0411094
52 0.440771 0.939523 0.0635 0.0822031
52 0.543635 0.898188 0.0963542 0.0326562
52 0.622021 0.991422 0.145542 0.0165
52 0.606323 0.915375 0.0667708 0.0739687
