62 0.725073 0.811797 0.331892 0.19325
0 0.325146 0.394148 0.326632 0.677922
73 0.908493 0.572047 0.0177339 0.0859375
73 0.147651 0.502523 0.0213306 0.0926406
73 0.121975 0.286727 0.0160915 0.0816406
73 0.0782121 0.285672 0.0232848 0.0805312
73 0.804667 0.28482 0.0335759 0.0813594
73 0.876476 0.477055 0.0192723 0.0771719
73 0.902557 0.689227 0.0194595 0.0797969
73 0.839667 0.0979141 0.0196258 0.0682969
73 0.825873 0.482266 0.0207277 0.0658438
73 0.084262 0.612734 0.0362578 0.0919062
73 0.886247 0.291055 0.0192308 0.0710469
73 0.075395 0.0668984 0.0238877 0.0777656
73 0.87027 0.389055 0.0181289 0.0725469
