8 0.233414 0.774028 0.191766 0.0381733
8 0.17168 0.741054 0.221984 0.0838876
0 0.384781 0.701967 0.0119688 0.0276347
0 0.260008 0.724321 0.00885937 0.017541
0 0.4485 0.712014 0.0156875 0.0193911
0 0.901195 0.710621 0.0198906 0.0263934
8 0.0297344 0.733009 0.0594688 0.0233958
58 0.602078 0.737658 0.0338437 0.0320843
58 0.50168 0.73459 0.0302969 0.0241686
58 0.438742 0.734075 0.0279219 0.0214988
58 0.384117 0.729965 0.0216406 0.02363
58 0.342414 0.725059 0.0274531 0.0257611
58 0.723531 0.740878 0.0376563 0.0285948
58 0.882258 0.747518 0.0567344 0.0290867
58 0.39875 0.709941 0.0095625 0.0112178
