56 0.100227 0.315258 0.103453 0.07
56 0.209953 0.319155 0.107375 0.0699061
56 0.171461 0.450915 0.113328 0.0668075
56 0.801469 0.421772 0.114719 0.0634977
56 0.677234 0.411432 0.116844 0.0671362
56 0.14207 0.190869 0.101641 0.0497183
56 0.0996172 0.51473 0.114703 0.0725587
56 0.571539 0.107887 0.0921719 0.0532394
56 0.243617 0.37838 0.0944531 0.051784
56 0.623648 0.493239 0.0839531 0.0562911
0 0.399227 0.538169 0.300641 0.923662
0 0.959547 0.546221 0.0792812 0.179765
38 0.314719 0.534707 0.0443438 0.161385
0 0.496844 0.497488 0.0983125 0.177042
0 0.250469 0.595469 0.132406 0.194225
56 0.75475 0.362711 0.0925625 0.0734977
0 0.732187 0.514284 0.188437 0.187019
