0 0.908602 0.687911 0.0424531 0.137136
0 0.22775 0.690634 0.035 0.13338
0 0.195141 0.693486 0.043625 0.162324
0 0.884102 0.684448 0.0309219 0.125845
33 0.92543 0.127864 0.0915156 0.128685
33 0.839664 0.358498 0.0253906 0.0216901
33 0.758086 0.763721 0.0790469 0.0503521
33 0.393461 0.750516 0.0602344 0.0503756
0 0.174391 0.6902 0.0303438 0.150775
0 0.627687 0.619683 0.0075 0.0175352
0 0.651586 0.620469 0.00704687 0.0160094
0 0.595297 0.617171 0.0091875 0.0164554
0 0.576688 0.622852 0.0110312 0.0179577
33 0.706836 0.732758 0.0598906 0.0447653
33 0.844508 0.405892 0.0114531 0.018216
33 0.879734 0.352371 0.00884375 0.0162441
33 0.898438 0.327406 0.0108438 0.0134977
33 0.389258 0.500153 0.460047 0.63162
33 0.919117 0.306608 0.0108594 0.0131221
33 0.862141 0.3775 0.0080625 0.0174883
33 0.963086 0.265939 0.0116406 0.0215493
33 0.826758 0.429131 0.00560937 0.0134272
