54 0.772648 0.505135 0.152453 0.0942292
54 0.939992 0.503646 0.120016 0.104833
54 0.869695 0.413448 0.129203 0.116771
54 0.717289 0.41224 0.135984 0.116979
54 0.547234 0.402208 0.141781 0.116583
54 0.369117 0.391656 0.148047 0.130854
54 0.225211 0.39175 0.138172 0.119167
54 0.551937 0.499906 0.161187 0.110521
54 0.0658984 0.490906 0.131797 0.106521
54 0.216289 0.494062 0.173578 0.108
54 0.385883 0.495646 0.165172 0.108208
54 0.09025 0.391531 0.140625 0.129896
55 0.939445 0.669406 0.0692656 0.0804792
