58 0.329203 0.290317 0.100188 0.13608
39 0.66593 0.315563 0.0203594 0.0548826
39 0.923422 0.154789 0.0238438 0.102817
39 0.489023 0.30892 0.0265469 0.0780282
39 0.389477 0.350528 0.0197656 0.0638732
39 0.341977 0.366303 0.0187031 0.0827934
39 0.55382 0.311878 0.0540156 0.0277934
39 0.366094 0.726056 0.0324688 0.158028
39 0.389594 0.68838 0.0254375 0.109624
39 0.433234 0.707676 0.0261875 0.0666667
39 0.302117 0.706291 0.0229844 0.061784
39 0.287641 0.675775 0.0247188 0.0802817
74 0.467164 0.101185 0.0494844 0.0805399
41 0.409203 0.40507 0.0273438 0.0410798
41 0.464508 0.390939 0.0237969 0.0785446
44 0.953367 0.593803 0.0405781 0.0380282
47 0.635789 0.42669 0.0169219 0.0283099
47 0.591047 0.43507 0.0219688 0.0249765
47 0.593273 0.428052 0.0661094 0.0330986
71 0.345461 0.431995 0.0829844 0.0341784
39 0.415547 0.697477 0.025875 0.0909624
44 0.98332 0.605505 0.0232344 0.0311502
45 0.701242 0.411843 0.0745781 0.0670657
45 0.228187 0.390012 0.0715 0.0396479
45 0.230195 0.427171 0.0614219 0.0463146
75 0.248125 0.290704 0.0164063 0.0947887
41 0.432969 0.408052 0.0221875 0.0533333
41 0.0689141 0.52446 0.0382969 0.0842723
45 0.134984 0.473075 0.064875 0.0225822
45 0.134875 0.466244 0.05675 0.00769953
45 0.540258 0.341502 0.0801406 0.0529108
39 0.271453 0.768134 0.0188437 0.150775
