1 0.522359 0.763228 0.0621875 0.06777
33 0.292813 0.30196 0.585625 0.351479
33 0.490266 0.453603 0.0817187 0.0411033
0 0.543891 0.743908 0.0292812 0.114249
0 0.580148 0.739284 0.0211719 0.129977
0 0.657594 0.740469 0.0366563 0.0517371
0 0.859422 0.727934 0.0763125 0.264319
0 0.715984 0.709554 0.0244375 0.0299531
0 0.967648 0.631667 0.0131094 0.0716901
0 0.647656 0.618779 0.0321562 0.0328638
0 0.671141 0.617324 0.0120938 0.0292958
0 0.29043 0.581538 0.0125781 0.0375352
0 0.326508 0.586784 0.0137656 0.0304225
0 0.567273 0.740704 0.0233281 0.125305
0 0.576781 0.578803 0.0137813 0.0315023
16 0.6315 0.79108 0.0348125 0.0253991
1 0.19425 0.775458 0.0659687 0.0778638
0 0.764594 0.712383 0.0179687 0.0246244
1 0.791117 0.703052 0.0281094 0.0418779
1 0.822125 0.698897 0.030125 0.0503286
