58 0.754234 0.632635 0.0517813 0.0712178
58 0.60807 0.692412 0.107516 0.15452
57 0.369891 0.63897 0.282344 0.187166
40 0.443617 0.616311 0.0130156 0.0591335
41 0.424242 0.644824 0.0155781 0.0162998
41 0.397039 0.628419 0.0112031 0.0155269
57 0.148914 0.733021 0.211391 0.296628
58 0.816469 0.623536 0.055375 0.120281
62 0.676172 0.591792 0.072125 0.140351
73 0.550211 0.391511 0.0281719 0.0356674
73 0.561078 0.349262 0.029375 0.0377752
73 0.550977 0.418618 0.0195156 0.00548009
73 0.554023 0.425141 0.0177969 0.0075644
73 0.550125 0.442307 0.0269062 0.0282201
73 0.549914 0.477237 0.0234844 0.0382201
75 0.607734 0.738782 0.0655625 0.0710539
75 0.804172 0.659133 0.0270937 0.0488525
56 0.601063 0.652178 0.178125 0.151054
41 0.288953 0.642447 0.0169063 0.0295785
73 0.539016 0.583396 0.00403125 0.0294145
57 0.885539 0.805925 0.228922 0.386792
