33 0.608484 0.105646 0.0455 0.0328404
33 0.546992 0.0214789 0.0566719 0.0429577
0 0.355586 0.669554 0.141984 0.530516
0 0.438109 0.609754 0.094375 0.49946
0 0.526437 0.642066 0.102625 0.492488
0 0.970734 0.70608 0.0585312 0.279296
0 0.859641 0.497641 0.11625 0.341056
0 0.0881484 0.704859 0.138953 0.493052
0 0.178406 0.750364 0.0592188 0.263545
0 0.240641 0.729589 0.0694375 0.291432
0 0.569445 0.494472 0.0884219 0.331526
0 0.693547 0.505141 0.0605 0.27723
33 0.7305 0.136808 0.0520938 0.0278404
33 0.243898 0.441749 0.109297 0.122981
0 0.637391 0.433357 0.0275938 0.113756
26 0.372461 0.562911 0.0878906 0.161127
