44 0.290734 0.233021 0.578094 0.229208
50 0.815484 0.707115 0.0947187 0.115271
51 0.455281 0.559688 0.067375 0.0652083
51 0.669422 0.438281 0.0643438 0.0671458
51 0.361859 0.587875 0.0898125 0.0604583
45 0.608953 0.4955 0.778719 0.98875
51 0.344781 0.518958 0.0475313 0.080875
51 0.60157 0.56975 0.0572969 0.0677917
51 0.692023 0.367115 0.0199219 0.0382708
51 0.43768 0.752781 0.0363906 0.109729
50 0.877156 0.287927 0.062875 0.114271
51 0.552492 0.855917 0.0492656 0.0454583
51 0.493867 0.642031 0.0249219 0.0388958
