56 0.84449 0.86744 0.31102 0.244107
57 0.71452 0.665587 0.57096 0.483867
59 0.40389 0.455493 0.04346 0.07984
73 0.10161 0.373853 0.01598 0.0699467
73 0.09127 0.17616 0.06294 0.07424
73 0.17405 0.376493 0.04606 0.0590133
73 0.1035 0.2818 0.01756 0.0651467
73 0.09792 0.540333 0.04744 0.02664
73 0.11366 0.470573 0.04172 0.0737333
73 0.01835 0.168387 0.0277 0.09016
73 0.02137 0.369307 0.04274 0.0950933
73 0.01026 0.483547 0.01696 0.0664533
73 0.01986 0.58384 0.03972 0.0165333
73 0.18307 0.45736 0.05434 0.0748267
73 0.12153 0.377507 0.01598 0.05896
73 0.88204 0.64948 0.0696 0.0207733
