41 0.616344 0.845722 0.0544687 0.130611
53 0.595461 0.737028 0.124891 0.0675
0 0.502484 0.731069 0.329219 0.537861
0 0.421594 0.628972 0.100906 0.275778
0 0.228828 0.732181 0.0660312 0.39675
0 0.332211 0.782097 0.0830469 0.409417
0 0.638883 0.647514 0.0247656 0.192694
0 0.740516 0.703528 0.056125 0.250389
0 0.951898 0.771361 0.0962031 0.414611
0 0.618922 0.634181 0.05975 0.207694
0 0.382789 0.653444 0.0517031 0.1275
26 0.752062 0.681944 0.0283125 0.124556
0 0.372344 0.584236 0.042875 0.126528
0 0.701547 0.718486 0.02925 0.191583
0 0.110797 0.537778 0.0456562 0.118
0 0.294195 0.735694 0.0746719 0.371389
26 0.339281 0.750514 0.0454375 0.127861
