67 0.58915 0.341383 0.06678 0.0360781
67 0.379955 0.197055 0.0422222 0.0102031
0 0.698027 0.54943 0.266213 0.762859
0 0.468333 0.284375 0.212132 0.44675
0 0.410771 0.1285 0.123129 0.171156
0 0.867166 0.213227 0.204989 0.325109
0 0.331893 0.232945 0.109909 0.294547
0 0.333175 0.212508 0.11356 0.339422
26 0.395794 0.28182 0.0654195 0.0824219
28 0.549478 0.805422 0.172245 0.245406
26 0.620249 0.439086 0.0828571 0.0810781
0 0.57458 0.214398 0.0902494 0.214516
0 0.922834 0.45432 0.154331 0.548141
26 0.037619 0.29307 0.0603175 0.140266
0 0.0899887 0.222969 0.172948 0.315437
