44 0.198813 0.417792 0.394625 0.833341
44 0.483289 0.0825117 0.0735156 0.165023
45 0.592852 0.657301 0.710828 0.662921
51 0.43543 0.533995 0.0744219 0.0943458
45 0.865859 0.13778 0.268281 0.271308
51 0.541766 0.871916 0.100687 0.0943925
51 0.541172 0.553037 0.0787188 0.0811682
51 0.53093 0.6091 0.0401719 0.0554439
51 0.612266 0.705806 0.0915 0.116752
51 0.688125 0.395853 0.0883125 0.0948832
51 0.5915 0.390888 0.0700937 0.101963
51 0.728984 0.551694 0.0735625 0.0662383
51 0.868625 0.678657 0.0841563 0.0943692
51 0.455922 0.633925 0.0938438 0.0892991
45 0.451766 0.212231 0.537531 0.421939
51 0.694922 0.864439 0.165031 0.116542
51 0.548969 0.7991 0.0949375 0.0946495
60 0.498523 0.493505 0.993578 0.981822
51 0.459086 0.51611 0.167109 0.218388
