73 0.92618 0.465842 0.0223594 0.0898081
73 0.983391 0.493657 0.0170313 0.0630917
73 0.941922 0.470704 0.0259062 0.0909168
73 0.974773 0.908507 0.0241094 0.0771855
73 0.0531016 0.26661 0.0417031 0.0527505
73 0.0219219 0.359531 0.0307187 0.058081
73 0.99382 0.488571 0.0123594 0.0540725
73 0.93425 0.468859 0.02575 0.0882942
75 0.429898 0.554808 0.0914531 0.223305
58 0.324125 0.523262 0.13425 0.263028
58 0.275734 0.390746 0.131281 0.210107
58 0.841992 0.448881 0.0945469 0.203945
58 0.897703 0.29581 0.0890937 0.166333
73 0.0342969 0.312164 0.0389375 0.0497441
73 0.946766 0.483198 0.0168437 0.0667804
75 0.236109 0.539829 0.0508438 0.146866
75 0.918773 0.340522 0.0458906 0.0788273
