32 0.522813 0.124549 0.0832187 0.102983
56 0.444289 0.353177 0.0784844 0.0221179
13 0.456836 0.169733 0.0603281 0.0430018
0 0.812211 0.578656 0.282172 0.631455
0 0.933656 0.307652 0.129531 0.128748
0 0.150617 0.588766 0.282172 0.768545
0 0.674805 0.302993 0.123516 0.126501
0 0.261203 0.455055 0.163969 0.528085
0 0.390711 0.129365 0.0833906 0.101492
0 0.121805 0.211621 0.136266 0.220921
0 0.871695 0.2857 0.0636719 0.117808
0 0.714305 0.277468 0.0585781 0.116151
0 0.959586 0.116823 0.0808281 0.12768
0 0.204758 0.118775 0.0890156 0.108195
13 0.971094 0.172928 0.0578125 0.0267772
13 0.258992 0.162357 0.0312031 0.0245304
56 0.420523 0.332339 0.0661094 0.0425783
56 0.0657734 0.324715 0.0552969 0.0381952
56 0.487 0.333112 0.0674375 0.0353959
0 0.519008 0.514705 0.380484 0.484512
13 0.660156 0.171657 0.0765625 0.0365378
56 0.761437 0.340912 0.0395937 0.056814
0 0.458375 0.179217 0.903531 0.358435
