3 0.906867 0.83248 0.186266 0.265524
7 0.476547 0.65377 0.28725 0.314315
7 0.190625 0.760403 0.178281 0.158508
2 0.0723125 0.755665 0.144625 0.238185
2 0.810703 0.719103 0.120156 0.121351
2 0.635727 0.573165 0.0561094 0.0860081
2 0.74325 0.345242 0.0650937 0.0658871
2 0.782312 0.281855 0.039 0.0493548
2 0.832219 0.180534 0.0262188 0.033004
2 0.841211 0.170302 0.0238594 0.0340726
2 0.674258 0.703942 0.116516 0.121391
2 0.94382 0.630161 0.111078 0.0732258
2 0.950719 0.583548 0.0985625 0.0566935
7 0.944609 0.299657 0.037875 0.0277016
2 0.942711 0.54122 0.114578 0.0697379
3 0.918438 0.835292 0.163125 0.204012
2 0.289148 0.744123 0.116609 0.133367
