56 0.912555 0.617953 0.109891 0.224047
56 0.536961 0.851153 0.299891 0.277412
57 0.649281 0.621706 0.346562 0.251553
72 0.359867 0.438 0.0622656 0.248235
75 0.650141 0.2594 0.0175313 0.0405882
75 0.97007 0.347624 0.0598594 0.224706
75 0.713422 0.247718 0.0185312 0.0635294
75 0.625758 0.258941 0.0226406 0.0456
45 0.5775 0.6594 0.07925 0.0489176
56 0.286516 0.804494 0.265625 0.364047
73 0.476695 0.654341 0.0637656 0.0324941
73 0.480461 0.666776 0.0713906 0.0285176
75 0.0868047 0.279318 0.0246094 0.106918
75 0.945047 0.371882 0.01875 0.110118
75 0.680258 0.251882 0.0218594 0.0551059
71 0.273008 0.423153 0.0460781 0.0126588
16 0.249922 0.304412 0.0589375 0.0902824
