60 0.500781 0.493208 0.998437 0.976581
53 0.496852 0.492939 0.930922 0.985878
50 0.526461 0.714133 0.0497344 0.0568384
50 0.519648 0.898314 0.0487656 0.0716159
50 0.837258 0.703326 0.0450781 0.0390632
50 0.758922 0.407588 0.0860937 0.0892272
50 0.297281 0.208899 0.067 0.124215
50 0.468461 0.362494 0.0466719 0.0800703
50 0.515578 0.394028 0.0571875 0.064918
50 0.65925 0.195749 0.040875 0.0574473
50 0.383117 0.0734309 0.0614219 0.0605855
50 0.446641 0.54267 0.04375 0.0712412
50 0.297187 0.45541 0.0337812 0.07363
50 0.325875 0.702002 0.102781 0.079274
50 0.255469 0.796077 0.107 0.0626464
