0 0.866539 0.484556 0.266922 0.740514
0 0.664875 0.5 0.170531 0.464065
0 0.539195 0.504124 0.141359 0.291752
0 0.263742 0.502687 0.524484 0.95729
0 0.431687 0.471659 0.0953125 0.156776
0 0.479898 0.456589 0.0447969 0.114439
45 0.86775 0.908621 0.2645 0.181449
63 0.353078 0.686098 0.203469 0.270701
40 0.426523 0.771157 0.0779219 0.186098
60 0.484938 0.881507 0.380312 0.236986
63 0.80668 0.90889 0.295734 0.18222
63 0.313586 0.685047 0.0821094 0.0641121
74 0.791805 0.531647 0.0315156 0.050257
0 0.274344 0.584755 0.0891875 0.104042
40 0.543211 0.684428 0.0846719 0.20465
40 0.560344 0.870327 0.133688 0.259346
40 0.450758 0.56104 0.0434219 0.0831075
40 0.386023 0.666484 0.0843281 0.172313
40 0.366141 0.586343 0.052875 0.0820327
40 0.316953 0.547336 0.0274687 0.0596262
40 0.455875 0.832336 0.189562 0.335327
40 0.717383 0.818189 0.132016 0.228575
40 0.474945 0.637231 0.0540156 0.078528
60 0.320711 0.635315 0.0550781 0.0283411
0 0.0251328 0.402979 0.0467344 0.146472
