39 0.14534 0.933363 0.07232 0.133275
0 0.48727 0.481413 0.46726 0.820225
68 0.78297 0.36305 0.22754 0.2016
41 0.94418 0.150312 0.03768 0.086475
41 0.91803 0.149863 0.0311 0.087925
41 0.89493 0.149325 0.02978 0.0865
41 0.84077 0.147138 0.04594 0.086475
44 0.26239 0.26485 0.02662 0.08215
45 0.04376 0.471812 0.08752 0.139525
69 0.89461 0.731463 0.21078 0.505625
41 0.86039 0.0214625 0.02626 0.042925
41 0.88234 0.0225125 0.03008 0.043025
41 0.90879 0.021 0.02782 0.04
41 0.93862 0.020775 0.02644 0.03945
41 0.87445 0.148487 0.03242 0.089975
44 0.24804 0.221275 0.0206 0.04235
44 0.22874 0.277362 0.03864 0.054475
44 0.79147 0.470263 0.05542 0.033525
69 0.77363 0.3549 0.2347 0.2164
41 0.96924 0.0202 0.02884 0.0404
