62 0.864195 0.207823 0.271609 0.415646
56 0.272945 0.840375 0.178203 0.292458
56 0.0272969 0.540479 0.0296563 0.110833
0 0.255336 0.630344 0.453359 0.716854
0 0.847734 0.702677 0.193812 0.310104
0 0.7955 0.888771 0.296625 0.1955
0 0.0184531 0.615427 0.0335625 0.299771
65 0.450883 0.46174 0.0514531 0.0326875
0 0.266859 0.607146 0.0605 0.136167
56 0.951687 0.9 0.096625 0.173042
73 0.52143 0.617635 0.0593281 0.0282292
73 0.225883 0.818198 0.0792656 0.0412708
56 0.0223906 0.913906 0.0447813 0.170313
56 0.51 0.617927 0.145906 0.290271
56 0.407906 0.554115 0.0753125 0.161062
