46 0.31988 0.51832 0.488187 0.2942
47 0.671813 0.3763 0.19248 0.14748
47 0.367627 0.42591 0.179467 0.12674
47 0.244707 0.37803 0.200613 0.15046
49 0.462267 0.2217 0.42768 0.16744
50 0.162893 0.75828 0.319547 0.32568
51 0.617387 0.90566 0.176587 0.0446
51 0.614387 0.94222 0.177573 0.04336
51 0.339347 0.93076 0.168987 0.03636
51 0.672987 0.64309 0.0569067 0.04574
51 0.4954 0.64698 0.04376 0.02664
51 0.517173 0.86685 0.36384 0.19282
47 0.564133 0.42767 0.160107 0.11786
51 0.32932 0.64119 0.03768 0.03506
60 0.5 0.75259 1 0.4689
51 0.632093 0.83899 0.09576 0.04142
