4 0.468337 0.645102 0.915891 0.232797
4 0.467924 0.528023 0.711239 0.100891
4 0.490598 0.473805 0.591935 0.121047
4 0.473022 0.421477 0.466913 0.100141
4 0.430315 0.381469 0.44037 0.0682187
0 0.615424 0.497172 0.0258913 0.0331875
0 0.579446 0.385469 0.0185435 0.021375
4 0.400641 0.205859 0.313413 0.0619375
4 0.421543 0.284633 0.386087 0.0690469
4 0.394815 0.246297 0.331543 0.0648438
4 0.503457 0.333914 0.276261 0.0572344
0 0.632848 0.585344 0.0341304 0.0426875
0 0.533304 0.35107 0.0191739 0.0226406
