0 0.721097 0.569664 0.491361 0.658422
0 0.958014 0.235984 0.0839722 0.0743438
0 0.113056 0.194758 0.0930556 0.0895781
0 0.0730972 0.173883 0.0966389 0.129891
0 0.961792 0.179297 0.0756944 0.0849688
0 0.12575 0.102586 0.103556 0.0842969
0 0.364097 0.14475 0.107361 0.112781
0 0.659069 0.237711 0.105083 0.0642344
0 0.156431 0.247656 0.128694 0.0881875
38 0.389083 0.21493 0.165278 0.0707344
38 0.779167 0.695906 0.213389 0.202594
0 0.221556 0.0978594 0.0906111 0.0876563
0 0.459194 0.342102 0.372611 0.424422
0 0.315458 0.199578 0.0829167 0.0735937
