0 0.513516 0.528841 0.340344 0.910094
0 0.684602 0.461194 0.0210781 0.114379
0 0.902656 0.454297 0.0255 0.0603981
0 0.953352 0.424555 0.0166719 0.0703279
0 0.748641 0.414988 0.00934375 0.0327869
33 0.167367 0.560363 0.0582031 0.0638173
33 0.801625 0.0543911 0.0770625 0.0557611
0 0.814055 0.447658 0.0201719 0.0744731
0 0.835469 0.432143 0.0165625 0.0967447
0 0.249633 0.520222 0.0284844 0.119087
5 0.805734 0.401464 0.0835313 0.0392272
5 0.322539 0.420269 0.0547344 0.0267681
25 0.243727 0.407799 0.0340156 0.0170023
33 0.283852 0.104052 0.0152031 0.0169555
33 0.0591406 0.541674 0.054625 0.0186651
0 0.822977 0.481651 0.0212344 0.0912178
0 0.914672 0.480574 0.00340625 0.00569087
0 0.979484 0.4337 0.0140937 0.0732084
0 0.0164531 0.520948 0.0329062 0.145504
25 0.110672 0.414204 0.0302187 0.0119672
25 0.07725 0.415972 0.0308125 0.01363
25 0.972469 0.379157 0.0550312 0.0347541
33 0.934789 0.370972 0.0147031 0.0239578
33 0.913078 0.361956 0.00953125 0.019555
0 0.800625 0.430187 0.0195312 0.0668852
