14 0.123656 0.559125 0.0598125 0.0625
14 0.577945 0.464167 0.0335156 0.0387083
14 0.674727 0.542094 0.0583594 0.0422708
14 0.463023 0.674698 0.0501406 0.112021
14 0.482703 0.491927 0.0432813 0.0413542
14 0.289977 0.398646 0.0241406 0.0210417
14 0.592227 0.531146 0.0568594 0.043625
13 0.318539 0.349437 0.0606719 0.096625
13 0.19593 0.397104 0.109547 0.141583
14 0.752156 0.465708 0.015625 0.034875
14 0.456773 0.524906 0.0439219 0.0645625
14 0.595992 0.552156 0.0317656 0.0758542
14 0.773445 0.517573 0.0328594 0.0642708
14 0.617977 0.408688 0.0222031 0.038
14 0.448039 0.441156 0.0200469 0.0260208
