0 0.83268 0.310021 0.0354531 0.140917
0 0.748172 0.289635 0.032125 0.0932292
0 0.709813 0.269125 0.0362813 0.0687917
0 0.719297 0.244406 0.0233125 0.0301875
0 0.714102 0.223208 0.0173281 0.0309583
0 0.664891 0.236083 0.0104688 0.0330417
23 0.467484 0.46749 0.642375 0.692813
0 0.501453 0.199198 0.0099375 0.0165625
0 0.87675 0.253344 0.0105 0.0447708
45 0.0662891 0.66025 0.0907969 0.0748333
0 0.724875 0.259656 0.0139063 0.0777708
0 0.48382 0.203937 0.00639062 0.029375
0 0.86543 0.26301 0.0168594 0.0721042
0 0.695984 0.230292 0.0126875 0.033625
0 0.966656 0.387896 0.0656562 0.252917
