39 0.758797 0.618501 0.0624062 0.124356
40 0.973555 0.771311 0.0528906 0.273021
40 0.897641 0.67315 0.048 0.203021
40 0.917109 0.694122 0.0553438 0.212693
45 0.82725 0.225328 0.0568438 0.0605386
69 0.543672 0.699906 0.116187 0.197471
71 0.293055 0.653794 0.142766 0.0653864
40 0.950586 0.789344 0.0530469 0.153911
40 0.976523 0.609532 0.0469531 0.0500703
45 0.896875 0.934649 0.1165 0.110703
45 0.828328 0.255609 0.0534687 0.0244262
0 0.978211 0.48219 0.0435781 0.241616
0 0.0167813 0.89466 0.0335625 0.210679
39 0.720102 0.608021 0.0401406 0.142272
0 0.816789 0.528829 0.135016 0.271335
40 0.981812 0.721323 0.036375 0.230984
44 0.256344 0.147927 0.0262188 0.0458314
44 0.262906 0.192986 0.0354375 0.0304215
