0 0.182164 0.813759 0.239016 0.372482
33 0.583844 0.0741335 0.0512188 0.0457845
33 0.243211 0.231593 0.119297 0.0932553
33 0.512719 0.679649 0.572063 0.371569
33 0.594344 0.545164 0.017625 0.0212881
33 0.512367 0.417799 0.0761094 0.0801874
33 0.801461 0.589496 0.391016 0.582272
33 0.79268 0.334578 0.414641 0.442974
33 0.345586 0.746604 0.0237969 0.0154098
33 0.506602 0.953852 0.0426094 0.0460187
33 0.578453 0.932518 0.0354375 0.0355269
0 0.0316484 0.957283 0.0221094 0.0297892
33 0.289484 0.828888 0.137563 0.18185
33 0.584633 0.791604 0.133516 0.113841
33 0.35168 0.949016 0.0704531 0.0490398
