42 0.147469 0.474156 0.0994375 0.453937
43 0.278172 0.0236563 0.215 0.0473125
45 0.579219 0.20151 0.374156 0.401771
51 0.873078 0.867635 0.0912813 0.143187
51 0.601297 0.524271 0.0963437 0.123083
51 0.602969 0.579698 0.0985938 0.105646
51 0.568883 0.672448 0.0944844 0.0471042
51 0.705477 0.515052 0.0817656 0.115937
51 0.54557 0.756969 0.115984 0.0598125
51 0.852758 0.624458 0.0372656 0.152125
51 0.685742 0.94601 0.117953 0.0751042
51 0.813523 0.757646 0.0917656 0.136458
55 0.258516 0.414927 0.155187 0.173229
42 0.384273 0.587646 0.215734 0.096625
51 0.778258 0.755021 0.0204844 0.0374167
60 0.5 0.5 1 1
