74 0.155852 0.317167 0.0347031 0.0582821
0 0.147063 0.797 0.0435938 0.191179
0 0.443227 0.703231 0.00929687 0.0583077
0 0.287477 0.674769 0.00557812 0.0335897
0 0.387586 0.654923 0.00532813 0.0278462
0 0.628031 0.684538 0.0164687 0.0368205
0 0.402055 0.667013 0.0137969 0.0674615
7 0.829492 0.700359 0.252141 0.184872
0 0.234555 0.705321 0.00907812 0.0336154
2 0.666789 0.746231 0.117891 0.0954872
2 0.295789 0.739769 0.0575156 0.0651795
2 0.78743 0.760795 0.110797 0.130513
2 0.325523 0.700603 0.0246406 0.0277179
2 0.797977 0.783 0.0788594 0.151333
0 0.433344 0.696859 0.0125938 0.0286923
2 0.0976875 0.760833 0.0528438 0.0945385
2 0.870727 0.880885 0.140422 0.181205
2 0.180094 0.760141 0.135594 0.166897
2 0.346906 0.678128 0.0213438 0.0288718
2 0.966437 0.9 0.067125 0.175333
7 0.576188 0.717705 0.0673125 0.110487
0 0.302445 0.683833 0.00948437 0.0402821
0 0.449656 0.699885 0.01 0.0521282
2 0.322484 0.664359 0.01675 0.0305128
7 0.873195 0.757769 0.120609 0.145538
7 0.349578 0.636026 0.0169063 0.0332308
9 0.276977 0.644718 0.00892187 0.0250769
0 0.462969 0.718859 0.0159375 0.067359
0 0.0196953 0.772962 0.0379844 0.13541
