43 0.266875 0.914069 0.0828125 0.118724
43 0.239773 0.904801 0.0810781 0.085795
44 0.215805 0.852343 0.298734 0.112008
45 0.127227 0.637354 0.182172 0.0696862
75 0.353742 0.274069 0.0155156 0.0227406
0 0.124156 0.4284 0.0630938 0.209686
0 0.346523 0.619362 0.383516 0.560816
0 0.345742 0.418421 0.0667031 0.168975
0 0.384914 0.341266 0.0524531 0.0987657
0 0.870234 0.669665 0.219875 0.624728
0 0.651211 0.525847 0.238328 0.633703
39 0.0443516 0.595586 0.0213594 0.110084
39 0.179875 0.521496 0.0290938 0.100565
39 0.274664 0.616046 0.0257344 0.0864854
71 0.259789 0.675973 0.0927656 0.0378033
0 0.977492 0.49477 0.0450156 0.138787
0 0.0441875 0.415303 0.088375 0.306046
41 0.249453 0.585732 0.0415312 0.0349372
41 0.2735 0.629571 0.0259688 0.053159
41 0.133883 0.56887 0.0331094 0.0237657
43 0.226 0.297531 0.020625 0.00543933
43 0.152781 0.278787 0.036375 0.0115063
43 0.0775156 0.262667 0.0339375 0.00650628
43 0.293484 0.262458 0.0104375 0.0148326
43 0.292172 0.32681 0.0105625 0.0135774
69 0.184273 0.793797 0.368547 0.265251
0 0.328484 0.353044 0.0504687 0.0927406
