27 0.514766 0.529838 0.0160313 0.0893117
27 0.232352 0.367379 0.00942187 0.0497368
34 0.571195 0.840587 0.0505469 0.0955061
34 0.518508 0.826346 0.0239219 0.143259
34 0.556789 0.813482 0.211609 0.0898785
35 0.904703 0.565294 0.0408437 0.104555
35 0.212484 0.611569 0.0571875 0.0670243
35 0.350711 0.581791 0.0316719 0.0483603
35 0.773813 0.628968 0.0320937 0.0575709
0 0.111258 0.493249 0.142547 0.569818
0 0.223195 0.368209 0.0996094 0.206174
0 0.32875 0.360455 0.128906 0.235162
0 0.440086 0.34746 0.106422 0.213502
0 0.544461 0.364018 0.109422 0.224838
0 0.648914 0.376366 0.125766 0.206377
0 0.749633 0.375 0.0877656 0.223482
0 0.850445 0.527601 0.152266 0.555972
0 0.72318 0.609028 0.133453 0.420567
0 0.620828 0.602794 0.116531 0.42081
0 0.207445 0.598148 0.168516 0.414717
0 0.331805 0.556134 0.124953 0.322308
27 0.751711 0.384038 0.0134844 0.0705061
34 0.421961 0.846265 0.106703 0.104028
34 0.487883 0.85496 0.0145781 0.0660324
34 0.445961 0.852702 0.0719219 0.0847166
34 0.435992 0.852085 0.0793281 0.0836032
35 0.348891 0.770921 0.063875 0.0324899
35 0.328305 0.585263 0.0483281 0.0507692
35 0.309016 0.734575 0.0607812 0.0723482
35 0.680766 0.464393 0.0275313 0.0440081
0 0.432211 0.59247 0.102391 0.442186
