0 0.513125 0.565634 0.317781 0.782066
0 0.485789 0.719002 0.123984 0.383685
0 0.866156 0.777523 0.267687 0.329883
45 0.373617 0.891831 0.112641 0.0987793
45 0.235172 0.878509 0.119188 0.112042
65 0.370039 0.342418 0.0598906 0.0831455
41 0.591578 0.904495 0.043375 0.0876291
41 0.939102 0.596467 0.0375469 0.039554
49 0.271813 0.868932 0.0251563 0.0228873
56 0.253531 0.744413 0.109406 0.27892
65 0.916477 0.606397 0.0175781 0.0283803
77 0.241937 0.712453 0.0535312 0.0953286
41 0.752203 0.963333 0.0610625 0.0698592
41 0.12568 0.962312 0.0836406 0.0753756
56 0.919445 0.820012 0.161109 0.309366
65 0.468844 0.816291 0.0259062 0.054507
65 0.66693 0.978333 0.0872969 0.0426761
49 0.2355 0.854131 0.0344062 0.0511737
49 0.209297 0.838063 0.03275 0.0280986
77 0.279289 0.734566 0.0236094 0.0442488
