0 0.737914 0.901531 0.0687344 0.182021
0 0.573781 0.906979 0.130875 0.186042
0 0.449828 0.913552 0.0969688 0.172896
13 0.289555 0.919063 0.152453 0.087875
13 0.450719 0.906198 0.126719 0.0783958
0 0.932938 0.914135 0.0401562 0.171229
0 0.274234 0.835656 0.0316875 0.0896458
0 0.263328 0.878927 0.030125 0.0952292
0 0.180641 0.870302 0.0389375 0.119688
0 0.0974531 0.836917 0.0240625 0.0396667
0 0.681898 0.891354 0.0392031 0.0845417
33 0.255922 0.529177 0.0197188 0.0160625
33 0.0430547 0.433708 0.0565469 0.059375
33 0.404219 0.476813 0.0275938 0.0346667
33 0.470297 0.516292 0.0584375 0.0337083
33 0.873703 0.53424 0.0265312 0.0213125
33 0.737469 0.500729 0.0117813 0.0322917
0 0.837617 0.856073 0.0287656 0.119479
33 0.741937 0.546781 0.0080625 0.00714583
33 0.683578 0.20474 0.011375 0.00772917
33 0.2305 0.476292 0.021375 0.00691667
33 0.041375 0.362083 0.00996875 0.00941667
33 0.578766 0.539437 0.00328125 0.00479167
33 0.731938 0.555375 0.0157813 0.0134167
0 0.853672 0.850115 0.02325 0.107771
0 0.805484 0.837438 0.028 0.0565
0 0.648109 0.842708 0.0153437 0.0653333
