74 0.53368 0.139271 0.0328906 0.0395833
2 0.593984 0.785885 0.111875 0.0620625
2 0.679211 0.78651 0.0943906 0.0539375
2 0.123766 0.77625 0.0708125 0.048875
2 0.868563 0.772979 0.0360625 0.0365
2 0.907438 0.770271 0.036875 0.0339167
2 0.276938 0.776542 0.0707812 0.035625
7 0.193812 0.7575 0.0948438 0.0834583
0 0.475445 0.773771 0.0131719 0.04275
0 0.499 0.775802 0.008375 0.0359792
0 0.516047 0.777604 0.01475 0.045125
0 0.526641 0.779771 0.01075 0.040375
0 0.428789 0.775062 0.0112969 0.04175
0 0.444945 0.771906 0.0202344 0.0561875
0 0.487398 0.778312 0.0101406 0.046875
0 0.462781 0.774 0.014125 0.0519583
2 0.760266 0.781948 0.0765625 0.0497708
2 0.822875 0.772552 0.0556562 0.0561458
2 0.348953 0.779823 0.0295 0.0280208
2 0.0618516 0.777396 0.0493594 0.0309583
7 0.971945 0.77624 0.0547031 0.0658125
7 0.0677969 0.758031 0.053375 0.0356042
2 0.956563 0.901104 0.0861563 0.150583
0 0.508781 0.780875 0.00828125 0.04225
2 0.0243281 0.775635 0.04275 0.0311458
0 0.371781 0.770365 0.0086875 0.0340625
0 0.323344 0.757521 0.0083125 0.00529167
0 0.63718 0.758198 0.00851563 0.0162708
