19 0.327625 0.446355 0.120969 0.419763
19 0.548422 0.635487 0.358812 0.711816
19 0.0472187 0.354513 0.09375 0.333763
19 0.268555 0.290697 0.0601094 0.215026
0 0.913547 0.502184 0.172906 0.416474
0 0.3775 0.215158 0.0358125 0.182684
0 0.41843 0.209066 0.0354219 0.158447
0 0.4855 0.245855 0.057625 0.122553
0 0.457062 0.25175 0.0316875 0.101132
0 0.339891 0.203816 0.0490312 0.160526
0 0.441617 0.209882 0.0148281 0.0701316
0 0.654266 0.248395 0.0410313 0.120316
0 0.806594 0.537474 0.124156 0.483211
60 0.833445 0.626684 0.110547 0.259158
7 0.566141 0.223658 0.0909375 0.168474
0 0.287086 0.158855 0.0319531 0.103763
13 0.902969 0.808671 0.194062 0.267132
