0 0.769172 0.112075 0.461656 0.210279
0 0.918344 0.196546 0.163312 0.293203
0 0.169484 0.494652 0.338969 0.98663
41 0.675156 0.275836 0.155094 0.464206
41 0.373117 0.188203 0.136141 0.352786
42 0.975219 0.967423 0.0495625 0.0427019
48 0.503086 0.550682 0.256578 0.295961
48 0.405258 0.748315 0.427328 0.422479
60 0.779836 0.639652 0.440328 0.686936
0 0.626484 0.0977577 0.446219 0.191003
42 0.777969 0.769875 0.17975 0.460251
45 0.506031 0.388802 0.115906 0.135989
45 0.950766 0.575153 0.0984688 0.193649
