17 0.803164 0.794929 0.208047 0.410141
17 0.693836 0.5818 0.0412656 0.128306
0 0.753836 0.540929 0.139828 0.364635
0 0.687156 0.492094 0.0414062 0.161506
17 0.637852 0.484871 0.0176094 0.0530353
17 0.607492 0.458847 0.00945312 0.0146353
17 0.574812 0.461376 0.01275 0.0193647
0 0.711664 0.477365 0.0615781 0.135576
0 0.668445 0.449106 0.0147344 0.0349647
0 0.654805 0.492729 0.0165156 0.0836706
0 0.638227 0.459988 0.0128594 0.0516941
0 0.633656 0.4536 0.0088125 0.0397647
17 0.555461 0.458282 0.0141406 0.0177412
17 0.666289 0.4926 0.0167969 0.0380941
17 0.627359 0.4734 0.00659375 0.0321176
0 0.624547 0.458718 0.00940625 0.0461412
0 0.0192656 0.490071 0.0300938 0.0403765
0 0.0234688 0.484694 0.0145 0.0284471
