56 0.171773 0.53226 0.340328 0.230104
56 0.974766 0.432667 0.0504687 0.0355417
60 0.430148 0.810865 0.781766 0.378271
0 0.551961 0.497063 0.783703 0.928083
0 0.229359 0.445094 0.192344 0.371979
0 0.338562 0.350802 0.0964688 0.219562
0 0.519648 0.347917 0.0922344 0.166625
0 0.522695 0.264375 0.106828 0.284875
27 0.59193 0.592156 0.168172 0.423771
42 0.253328 0.726625 0.0433438 0.05125
43 0.117508 0.731594 0.145984 0.0655208
44 0.0909062 0.679771 0.157 0.028375
45 0.0463203 0.864646 0.0926406 0.136667
41 0.362984 0.438854 0.0280625 0.0606667
41 0.424172 0.451104 0.0345937 0.0660833
41 0.467625 0.448344 0.0280625 0.0606458
41 0.445891 0.45751 0.0220312 0.0536458
56 0.943453 0.414458 0.03725 0.0202083
60 0.402703 0.463594 0.185375 0.112937
60 0.975242 0.456979 0.0491719 0.0217083
60 0.421281 0.416135 0.0862187 0.0554792
56 0.839953 0.931479 0.164062 0.137042
56 0.945516 0.574146 0.0306875 0.116792
58 0.479266 0.242229 0.291719 0.0827083
