0 0.629758 0.405852 0.154484 0.298108
0 0.553 0.439407 0.0274687 0.106757
0 0.501227 0.444719 0.0247969 0.0876507
36 0.650273 0.5642 0.117047 0.0704782
0 0.753008 0.43474 0.0220781 0.100291
0 0.81743 0.457682 0.0291094 0.0557796
0 0.924102 0.447713 0.0172031 0.0653222
0 0.13443 0.433306 0.0320781 0.0918503
2 0.443016 0.4479 0.019625 0.0115177
2 0.572883 0.450863 0.0144219 0.0113306
0 0.0707031 0.457162 0.0264375 0.0490852
2 0.392211 0.452775 0.00926562 0.00995842
0 0.350844 0.501237 0.0295 0.0814761
0 0.904609 0.428992 0.0217188 0.0786071
0 0.525836 0.434054 0.0338281 0.104532
0 0.777977 0.4371 0.0245781 0.0959459
2 0.279148 0.44738 0.0211719 0.0136798
36 0.500539 0.466778 0.0220469 0.0396258
36 0.747414 0.464948 0.0107344 0.0370062
36 0.950656 0.48158 0.01625 0.0246154
36 0.807031 0.469605 0.00721875 0.0313514
36 0.534641 0.483898 0.0188125 0.00987526
0 0.205586 0.414979 0.0236719 0.0767775
