34 0.342594 0.264313 0.237125 0.425417
0 0.694383 0.571917 0.515734 0.833708
0 0.511672 0.20075 0.193375 0.398458
0 0.396906 0.205615 0.173594 0.411229
0 0.817461 0.0524167 0.183578 0.1015
0 0.245148 0.145542 0.0960469 0.223458
56 0.935172 0.355396 0.129656 0.122875
56 0.883953 0.412406 0.163906 0.0656458
56 0.41982 0.246656 0.0542656 0.333521
56 0.493797 0.329031 0.104062 0.155896
56 0.219969 0.279979 0.055875 0.0399583
56 0.0148281 0.334583 0.0296563 0.0980833
56 0.191992 0.1435 0.0545156 0.284542
56 0.119711 0.0671458 0.0867344 0.134292
56 0.588773 0.0542604 0.104297 0.102688
56 0.872625 0.263958 0.104531 0.116083
56 0.308117 0.1 0.0481094 0.146208
0 0.302219 0.301187 0.260031 0.300667
0 0.0893203 0.307979 0.159516 0.295167
0 0.0580078 0.158896 0.107016 0.311875
0 0.682102 0.122792 0.181172 0.244167
0 0.806492 0.266229 0.206484 0.361042
0 0.910063 0.127271 0.179875 0.254542
0 0.968422 0.221875 0.0631562 0.160667
0 0.145109 0.288771 0.100906 0.324458
