39 0.473023 0.099 0.0357344 0.149667
39 0.448266 0.0983021 0.02825 0.153771
61 0.449156 0.72325 0.342125 0.5535
71 0.875563 0.691094 0.248875 0.250937
39 0.289586 0.588313 0.0387031 0.128083
39 0.943234 0.56 0.0476562 0.122333
39 0.443852 0.740531 0.0383906 0.148021
39 0.465898 0.73899 0.0367344 0.140563
39 0.391852 0.73075 0.0270781 0.125125
39 0.325156 0.555688 0.0274687 0.113875
39 0.642352 0.804563 0.0485781 0.145708
39 0.122727 0.54675 0.0350781 0.116875
39 0.343398 0.560167 0.0216719 0.0938333
39 0.423125 0.714385 0.040125 0.170229
39 0.774813 0.816094 0.0272812 0.0823542
