74 0.433341 0.501 0.119655 0.08675
2 0.0876185 0.835219 0.122823 0.0903438
26 0.772026 0.867766 0.08 0.105688
26 0.44722 0.890172 0.047069 0.0716875
26 0.806649 0.899898 0.041444 0.0535469
0 0.259601 0.865547 0.0707974 0.171219
0 0.378459 0.889977 0.0977802 0.217516
0 0.513567 0.88132 0.124289 0.237359
0 0.704407 0.893273 0.0728664 0.213234
0 0.789828 0.885031 0.102155 0.229937
0 0.898459 0.883555 0.116703 0.232891
0 0.727004 0.78018 0.0562069 0.0737344
0 0.761552 0.80218 0.0702155 0.119703
0 0.0292565 0.875133 0.0544181 0.246422
0 0.331843 0.887914 0.0917457 0.224172
0 0.877575 0.785086 0.0806681 0.103859
0 0.462877 0.908148 0.0703233 0.181984
2 0.303028 0.806188 0.0848922 0.042
26 0.510603 0.841898 0.0304741 0.0848594
26 0.241034 0.843219 0.0578879 0.0739375
0 0.973922 0.866633 0.0521552 0.240203
26 0.970442 0.859766 0.0307112 0.0419375
