62 0.851266 0.389865 0.297469 0.531646
39 0.567055 0.367146 0.0332656 0.122583
39 0.52418 0.369833 0.0257031 0.100625
39 0.500539 0.392229 0.0279219 0.0904167
56 0.333133 0.142083 0.263922 0.2815
56 0.624734 0.29849 0.153562 0.439646
0 0.237867 0.288375 0.475734 0.573375
0 0.242117 0.735281 0.478078 0.416729
0 0.239328 0.821354 0.468531 0.334833
65 0.26668 0.476312 0.165766 0.115958
65 0.184516 0.673094 0.101937 0.0738125
65 0.289195 0.7745 0.100672 0.0935833
65 0.187273 0.384042 0.0417031 0.0207917
39 0.472828 0.377 0.0291875 0.110417
60 0.399602 0.123167 0.168578 0.203292
