2 0.602609 0.727377 0.436344 0.385199
2 0.336594 0.665328 0.190406 0.242693
2 0.0884609 0.625843 0.110953 0.141569
2 0.0549453 0.806862 0.104953 0.386276
2 0.523953 0.521487 0.099125 0.0440515
2 0.405547 0.531721 0.106656 0.0538407
2 0.226547 0.540094 0.0940312 0.0468384
2 0.0540937 0.692576 0.108187 0.234239
2 0.145141 0.605035 0.0515 0.0795785
9 0.44225 0.401089 0.0210938 0.0569789
9 0.433828 0.441557 0.00784375 0.0285948
9 0.156117 0.45281 0.0114219 0.0377049
0 0.625578 0.604356 0.0566875 0.0733958
0 0.664086 0.500867 0.0112969 0.0102576
0 0.340906 0.523138 0.0122813 0.048103
0 0.234906 0.624496 0.0249688 0.0831382
2 0.658656 0.509883 0.116031 0.0680094
2 0.242852 0.610585 0.0287031 0.114754
9 0.0746875 0.490808 0.0101875 0.023911
9 0.0370859 0.428244 0.0177031 0.0474473
2 0.150922 0.574578 0.0778438 0.0962295
2 0.543227 0.487576 0.0617344 0.0344965
9 0.167516 0.453946 0.00675 0.0442857
