59 0.137891 0.548208 0.275781 0.311667
56 0.322141 0.193052 0.153875 0.362479
56 0.80225 0.45775 0.353938 0.741583
73 0.594789 0.258427 0.0196719 0.118021
73 0.626602 0.270615 0.0542031 0.127771
73 0.700102 0.282771 0.151141 0.11825
73 0.929063 0.16174 0.0522813 0.0387292
73 0.820117 0.554854 0.166984 0.0715833
73 0.874156 0.193687 0.0354688 0.117125
73 0.580414 0.261302 0.0157656 0.121312
73 0.665172 0.115604 0.0273125 0.092
73 0.699633 0.13201 0.0202969 0.115146
73 0.723727 0.144 0.0433594 0.124417
73 0.645 0.116021 0.0155 0.0920417
