16 0.356896 0.453555 0.111333 0.0557656
39 0.27626 0.286109 0.0753958 0.09425
60 0.501563 0.735797 0.996875 0.5
0 0.168885 0.271641 0.337771 0.5335
7 0.484573 0.30818 0.341646 0.176047
41 0.0983437 0.534117 0.0978542 0.0837031
44 0.233667 0.821695 0.104167 0.280859
44 0.401104 0.548586 0.118667 0.0357031
45 0.844927 0.753742 0.305021 0.202203
45 0.37999 0.874062 0.549438 0.251875
45 0.521625 0.564602 0.239833 0.0861094
45 0.237833 0.565102 0.166458 0.0883906
16 0.468188 0.509859 0.117542 0.0485938
2 0.908104 0.289398 0.103792 0.165922
26 0.553021 0.237703 0.201208 0.217656
39 0.746656 0.609117 0.0886458 0.134391
