34 0.438103 0.481367 0.0938642 0.0970156
35 0.617201 0.793109 0.0755738 0.049
0 0.803419 0.807492 0.337564 0.258734
0 0.424391 0.733703 0.350281 0.424719
0 0.736194 0.605031 0.189204 0.157969
0 0.589391 0.59232 0.11377 0.207359
0 0.495351 0.512937 0.0859719 0.0510625
0 0.938056 0.644039 0.123888 0.124078
0 0.282717 0.611719 0.158876 0.0907188
0 0.594625 0.415508 0.0977752 0.0592969
0 0.758255 0.408422 0.0787588 0.0741875
0 0.741347 0.439109 0.0544496 0.0208125
0 0.847389 0.425 0.0832553 0.0569687
0 0.645609 0.379477 0.0613349 0.0695781
13 0.265504 0.629711 0.240422 0.0549844
56 0.624321 0.205008 0.0500937 0.0213594
56 0.6326 0.187109 0.0502576 0.0201875
56 0.780492 0.149836 0.0622951 0.0237031
56 0.798817 0.132297 0.0544496 0.0265
56 0.859731 0.117445 0.0539813 0.0183281
56 0.763244 0.165187 0.0557143 0.0195625
56 0.822014 0.16093 0.0599063 0.0289844
56 0.44541 0.421344 0.0642155 0.0264062
56 0.366429 0.160719 0.0615222 0.0506875
56 0.425351 0.398664 0.0616159 0.0243594
56 0.539848 0.138922 0.0536534 0.0313125
56 0.480527 0.404867 0.0597424 0.0255781
0 0.921136 0.324008 0.0834895 0.0679219
56 0.743349 0.135664 0.0551288 0.0281094
