5 0.0607422 0.646426 0.105641 0.0681544
5 0.908133 0.663322 0.151984 0.109933
5 0.314234 0.661326 0.0711875 0.0568121
0 0.255852 0.677802 0.00689063 0.0117114
0 0.286023 0.683742 0.00526563 0.0105705
74 0.665445 0.189782 0.0262344 0.0789597
0 0.0142891 0.823104 0.0285781 0.187886
0 0.0479219 0.754346 0.0155312 0.0976174
26 0.0254766 0.861409 0.0187969 0.0532886
5 0.406461 0.651812 0.108547 0.0644966
0 0.275367 0.691594 0.00810938 0.040906
0 0.42932 0.681795 0.00860937 0.0115772
2 0.891188 0.711225 0.0333125 0.0209732
2 0.698883 0.699883 0.0307031 0.0154027
2 0.971672 0.712752 0.0252812 0.0154362
0 0.308375 0.680755 0.005625 0.0138591
0 0.231945 0.678893 0.00567187 0.0112081
0 0.324039 0.682349 0.00592188 0.0154362
0 0.384258 0.698993 0.00214063 0.0101342
2 0.847906 0.707483 0.048375 0.0228188
0 0.03775 0.76104 0.0268125 0.0920134
0 0.0488281 0.719648 0.00771875 0.0283557
