17 0.71447 0.504288 0.19318 0.283253
17 0.53713 0.377594 0.14014 0.205672
19 0.37969 0.663212 0.2845 0.299113
19 0.2 0.293548 0.0672 0.0666667
19 0.15236 0.301505 0.0692 0.0755376
19 0.75907 0.350202 0.07558 0.0862097
19 0.88548 0.322715 0.0436 0.0926344
0 0.71 0.405739 0.05996 0.254543
0 0.54383 0.311962 0.05646 0.133172
0 0.63285 0.23621 0.02454 0.0604839
0 0.65743 0.234153 0.02502 0.0655645
19 0.95962 0.362648 0.08076 0.0890054
19 0.59287 0.339328 0.0431 0.077043
19 0.81694 0.334987 0.0414 0.079543
19 0.8544 0.261304 0.02812 0.0453495
19 0.0568 0.302581 0.07856 0.066828
19 0.4174 0.349839 0.04372 0.078871
17 0.4239 0.344247 0.05564 0.0927419
17 0.62481 0.248616 0.0597 0.0478226
17 0.66208 0.239395 0.02416 0.0428763
