57 0.688062 0.494398 0.623875 0.269578
74 0.154938 0.414844 0.0817917 0.066875
56 0.127625 0.445945 0.201208 0.236484
73 0.705417 0.5405 0.0327917 0.0929062
73 0.758292 0.540375 0.0207083 0.0619375
73 0.63575 0.542414 0.0285 0.0865781
73 0.731083 0.550883 0.0210833 0.0708281
73 0.524542 0.722609 0.116875 0.101406
73 0.719271 0.547625 0.02075 0.074
73 0.744656 0.545563 0.0189375 0.0690625
73 0.65251 0.545047 0.0288542 0.07825
41 0.476719 0.555781 0.0428542 0.0265937
73 0.675094 0.548 0.0331458 0.0774375
