0 0.311164 0.750059 0.0494844 0.0787588
33 0.874516 0.284239 0.0750625 0.224122
33 0.865875 0.551066 0.0132812 0.0370258
33 0.594125 0.537553 0.0123125 0.0289696
33 0.196578 0.512752 0.014625 0.0251756
37 0.321734 0.785457 0.03375 0.0114286
33 0.404547 0.511909 0.013375 0.0334192
33 0.30532 0.570222 0.0110781 0.0272834
33 0.272437 0.579578 0.00625 0.0126464
33 0.162375 0.555176 0.0135 0.031007
33 0.269945 0.597658 0.00804688 0.0167213
33 0.0562578 0.519344 0.0111719 0.0219672
0 0.997 0.675679 0.006 0.0272834
0 0.326828 0.665656 0.0088125 0.0197424
0 0.589805 0.678852 0.0128906 0.0276815
0 0.481094 0.66329 0.00321875 0.0124824
0 0.496391 0.66192 0.003 0.00749415
0 0.71143 0.671511 0.00467188 0.0139813
0 0.244477 0.657529 0.00342188 0.00531616
0 0.061375 0.660808 0.00371875 0.00882904
