0 0.496432 0.573203 0.400747 0.563063
0 0.107697 0.59082 0.152863 0.394078
0 0.948807 0.532922 0.101971 0.0922813
0 0.876079 0.440625 0.109502 0.106094
0 0.759927 0.294156 0.0440871 0.0380625
0 0.918579 0.290148 0.105705 0.0637031
38 0.421919 0.318398 0.186369 0.203234
0 0.861691 0.537656 0.119896 0.09075
0 0.743434 0.532563 0.12139 0.0874375
0 0.687334 0.506164 0.07861 0.105078
0 0.743838 0.453969 0.0750622 0.092625
0 0.799004 0.498258 0.083112 0.113109
0 0.684678 0.305563 0.0920539 0.0451875
0 0.957355 0.457266 0.0852905 0.0931875
