4 0.471344 0.648169 0.823906 0.241378
0 0.873781 0.803199 0.110438 0.260886
0 0.922133 0.744606 0.0260781 0.112441
0 0.491719 0.718671 0.0223438 0.0915157
0 0.518273 0.715325 0.0327344 0.0973819
0 0.96307 0.731565 0.0268906 0.078248
0 0.985805 0.72375 0.0187031 0.0563976
0 0.952531 0.721762 0.01625 0.0608858
0 0.538883 0.598602 0.0202969 0.0561811
0 0.546414 0.715148 0.0255469 0.0834843
0 0.569234 0.718986 0.0270312 0.084311
0 0.560109 0.688002 0.0105625 0.0235236
7 0.164719 0.721791 0.102062 0.0988976
0 0.416797 0.733169 0.0331562 0.0812992
7 0.346789 0.721988 0.200891 0.111811
