60 0.491203 0.51749 0.978875 0.913146
45 0.557023 0.525844 0.770234 0.728104
49 0.538234 0.593729 0.232938 0.298833
49 0.654609 0.343063 0.191875 0.248958
49 0.516508 0.415094 0.672172 0.280646
47 0.737359 0.59551 0.187094 0.251688
47 0.491516 0.423167 0.162562 0.198917
47 0.447469 0.236708 0.180344 0.240458
47 0.627641 0.158979 0.162219 0.191833
47 0.545227 0.301125 0.0825781 0.112375
47 0.54225 0.185417 0.0857813 0.134
47 0.308578 0.253583 0.139562 0.154708
49 0.411273 0.356823 0.0654531 0.0813125
47 0.372078 0.610396 0.151938 0.223375
49 0.388906 0.44249 0.0705937 0.130646
