0 0.588562 0.538375 0.457406 0.896875
0 0.0397422 0.565208 0.0370781 0.098875
0 0.213156 0.507615 0.01425 0.0341458
0 0.17632 0.502458 0.0100156 0.0290833
30 0.135086 0.596719 0.0137344 0.00547917
0 0.0966719 0.558281 0.0418125 0.0968542
0 0.0569219 0.507656 0.01175 0.0398125
0 0.0340312 0.512865 0.008625 0.0338542
0 0.388852 0.43126 0.00376563 0.0181042
0 0.0996484 0.498573 0.0111094 0.0317708
0 0.0643984 0.501844 0.0113906 0.0326875
0 0.0433359 0.506823 0.0113594 0.0311458
0 0.306516 0.456625 0.00475 0.0199167
0 0.0695547 0.509698 0.0109219 0.0297708
30 0.102047 0.6015 0.0834375 0.0166667
30 0.0408672 0.605104 0.0653906 0.017375
31 0.2175 0.523167 0.0086875 0.00429167
