16 0.466094 0.534346 0.256688 0.163645
16 0.415797 0.533271 0.261063 0.176262
2 0.470992 0.184019 0.344391 0.160374
0 0.718687 0.138703 0.0289687 0.163388
0 0.691609 0.145058 0.0297812 0.135537
2 0.168328 0.32653 0.248688 0.598621
2 0.857453 0.34729 0.285094 0.353598
2 0.951594 0.135958 0.0968125 0.0966355
2 0.847891 0.111647 0.117281 0.107827
2 0.775484 0.108014 0.0369063 0.0693925
7 0.165313 0.310117 0.237438 0.521355
2 0.440828 0.0755374 0.056375 0.0368224
2 0.378383 0.0918575 0.216359 0.0669393
2 0.521117 0.0679673 0.106109 0.0755607
2 0.406242 0.0514603 0.0429844 0.0243692
9 0.690063 0.00964953 0.017625 0.0192991
9 0.722961 0.0116121 0.0141094 0.0232243
