67 0.561125 0.534234 0.113875 0.0338437
0 0.326594 0.535953 0.653187 0.919094
0 0.605104 0.489859 0.321333 0.558563
0 0.803927 0.397805 0.102396 0.105828
26 0.784302 0.306625 0.0367292 0.0459062
0 0.906573 0.615219 0.186854 0.666156
0 0.0746042 0.411945 0.10275 0.174922
0 0.882646 0.473133 0.083125 0.119297
0 0.197677 0.245852 0.0244375 0.0203594
0 0.788979 0.304953 0.085 0.0915625
0 0.970302 0.294289 0.0593958 0.0795781
0 0.731083 0.383773 0.0714167 0.0777969
0 0.0725417 0.272813 0.047625 0.0609375
0 0.781802 0.359656 0.0474792 0.033625
26 0.239375 0.606648 0.323667 0.256766
0 0.75426 0.281016 0.0217292 0.0200938
