39 0.845156 0.837635 0.141937 0.324729
39 0.105086 0.345635 0.0186719 0.0804375
39 0.858297 0.361063 0.0194062 0.0584583
39 0.873102 0.352635 0.0122344 0.0543958
60 0.593562 0.374469 0.132719 0.0667708
0 0.293258 0.512354 0.485391 0.835958
0 0.641781 0.475604 0.716437 0.266208
0 0.752391 0.34051 0.126469 0.223521
0 0.8325 0.348562 0.091 0.2065
0 0.893055 0.311094 0.0966094 0.0771042
0 0.951312 0.337948 0.0939062 0.181938
0 0.568508 0.287969 0.0225156 0.0473542
60 0.503086 0.889896 0.992703 0.19775
39 0.883688 0.35749 0.013625 0.0336875
39 0.0868047 0.349687 0.0142031 0.0709583
39 0.668414 0.313406 0.00832813 0.0192292
39 0.667305 0.873729 0.135703 0.252542
39 0.868102 0.328604 0.0145469 0.035625
39 0.675141 0.301833 0.0076875 0.0237917
41 0.857563 0.371531 0.019875 0.0515208
42 0.944242 0.867604 0.0856719 0.0703333
43 0.3725 0.860365 0.197344 0.0518542
56 0.474844 0.664177 0.209469 0.268521
56 0.0819219 0.799542 0.160469 0.2455
56 0.679117 0.372208 0.0485781 0.0998333
56 0.0957812 0.318375 0.0603125 0.0739167
41 0.791187 0.348833 0.0195938 0.0467083
43 0.952695 0.90125 0.0946094 0.111792
56 0.0883281 0.42475 0.140437 0.0607917
56 0.299281 0.388188 0.0372188 0.0535
56 0.0754297 0.237365 0.0472031 0.0438125
39 0.877266 0.342667 0.00309375 0.017
0 0.882984 0.256448 0.0442813 0.114188
