0 0.435438 0.458531 0.0991875 0.384854
38 0.436086 0.526396 0.0478906 0.0799583
0 0.356969 0.321271 0.0485938 0.0910417
0 0.172461 0.218594 0.0388906 0.0899792
0 0.266398 0.316885 0.0468594 0.0821458
0 0.285453 0.277844 0.0436563 0.0687292
0 0.702102 0.281229 0.0405781 0.086875
0 0.304039 0.0920833 0.0358281 0.068
0 0.271289 0.0982083 0.0323906 0.0742083
0 0.210617 0.15275 0.0394219 0.0600833
0 0.132359 0.218479 0.0476562 0.0938333
56 0.168305 0.307063 0.0438594 0.0387917
56 0.0877266 0.276365 0.0405156 0.0433542
56 0.130109 0.271615 0.040375 0.0306458
56 0.113727 0.337333 0.0317344 0.0282083
56 0.532438 0.262396 0.0418125 0.0371667
56 0.414938 0.231948 0.039625 0.0273958
56 0.205984 0.305365 0.0345625 0.0373542
56 0.496367 0.227625 0.0404844 0.0310833
0 0.775195 0.330813 0.0523906 0.08275
0 0.738539 0.295187 0.0526406 0.121958
56 0.828125 0.360687 0.0351562 0.0208333
56 0.674586 0.196521 0.0369844 0.034875
56 0.723836 0.200948 0.0438281 0.0453125
56 0.762023 0.197031 0.0355469 0.0294792
0 0.644492 0.33775 0.0535156 0.0575833
56 0.806094 0.163677 0.0364375 0.0306458
