74 0.488302 0.203516 0.0748244 0.05375
74 0.323946 0.218844 0.0446604 0.0540625
74 0.382131 0.786086 0.0393443 0.0308281
0 0.814836 0.955391 0.0452225 0.0889375
0 0.84877 0.953641 0.0375878 0.0788438
0 0.510375 0.960609 0.0402342 0.0787812
0 0.648103 0.959008 0.0306323 0.0819844
0 0.929918 0.949406 0.0611475 0.101188
0 0.765527 0.951937 0.0549883 0.096125
0 0.292237 0.938617 0.0663466 0.0987656
25 0.293958 0.91225 0.0616862 0.04975
0 0.59308 0.935852 0.0344496 0.0625781
0 0.984157 0.952937 0.0309368 0.094125
0 0.682283 0.958648 0.0380562 0.0807969
0 0.465199 0.957461 0.0511007 0.0846719
0 0.712752 0.960359 0.0393677 0.0792812
0 0.625995 0.940687 0.0332084 0.0644687
