2 0.587541 0.308109 0.086 0.04025
2 0.452259 0.325922 0.0586353 0.0415
2 0.682306 0.295242 0.117882 0.0324844
2 0.135047 0.344469 0.113435 0.03075
2 0.791694 0.278844 0.0748706 0.0244375
3 0.549918 0.431773 0.0548471 0.0501094
5 0.569306 0.283047 0.151129 0.0564063
0 0.550094 0.406562 0.0362353 0.0204375
0 0.344624 0.353852 0.00967059 0.0271094
0 0.325576 0.357734 0.0127059 0.0435313
0 0.289388 0.34618 0.0164706 0.0308594
0 0.870847 0.345648 0.0238118 0.0429219
0 0.902988 0.346836 0.0198118 0.0437344
0 0.915729 0.34132 0.0215294 0.0391406
0 0.715918 0.266383 0.0179529 0.0242031
0 0.827153 0.290609 0.0178353 0.0335625
0 0.778788 0.258258 0.0136235 0.0168594
5 0.678671 0.241672 0.0839765 0.0425937
0 0.303071 0.343609 0.0215294 0.0319375
0 0.977941 0.344836 0.0186118 0.0438281
0 0.989318 0.342469 0.0138824 0.0395625
2 0.127082 0.332258 0.129553 0.0337656
2 0.459529 0.284883 0.0704941 0.0273281
