1 0.950273 0.520398 0.0994531 0.137096
0 0.562469 0.499098 0.233375 0.973091
0 0.816781 0.513185 0.269281 0.830117
67 0.526031 0.156698 0.0219688 0.0560656
67 0.829344 0.433126 0.0341562 0.0213349
26 0.699266 0.419344 0.150313 0.488946
26 0.782312 0.379087 0.081375 0.0806089
2 0.0659687 0.335948 0.128937 0.0786417
9 0.0394297 0.202541 0.0167656 0.0496721
13 0.446539 0.730082 0.893078 0.513466
58 0.163648 0.191241 0.322141 0.382482
58 0.313141 0.274953 0.16025 0.20541
0 0.00625781 0.344122 0.0125156 0.0582201
24 0.780859 0.377272 0.0768438 0.0852693
