1 0.15732 0.565549 0.0485156 0.0927073
2 0.153719 0.466695 0.03725 0.0324634
2 0.189852 0.462073 0.0322969 0.0230244
2 0.0493125 0.476671 0.0649687 0.0404634
0 0.719625 0.597793 0.353344 0.778024
0 0.300969 0.543841 0.0745313 0.268463
0 0.0942891 0.62922 0.136766 0.49439
0 0.830242 0.360341 0.0573281 0.148098
0 0.371336 0.453671 0.00873437 0.0374878
26 0.583758 0.72022 0.154047 0.537073
26 0.0787734 0.554317 0.0668906 0.190829
26 0.339008 0.575256 0.0206719 0.0574878
26 0.242742 0.521012 0.0132969 0.021439
2 0.00197656 0.480976 0.00395313 0.0482927
67 0.788523 0.41022 0.0199219 0.0907805
67 0.252094 0.456024 0.00184375 0.00404878
67 0.299008 0.423732 0.00439063 0.0122439
0 0.376922 0.44722 0.00859375 0.0190244
0 0.401016 0.47972 0.01275 0.0836341
0 0.35825 0.496451 0.029625 0.120073
0 0.387484 0.490805 0.03 0.128488
0 0.346117 0.485854 0.00985938 0.0833171
0 0.261438 0.498671 0.030625 0.185049
