67 0.819281 0.579758 0.126312 0.217172
26 0.120573 0.587203 0.109271 0.168437
0 0.416479 0.638203 0.299625 0.701125
0 0.782427 0.614711 0.425479 0.770578
0 0.63026 0.401031 0.0294375 0.0225312
0 0.583156 0.527922 0.133021 0.273875
0 0.288177 0.372539 0.139562 0.130328
0 0.232208 0.656742 0.152792 0.426953
0 0.107625 0.522938 0.0912083 0.133594
0 0.0908333 0.436906 0.0734167 0.0463125
0 0.218302 0.385922 0.136354 0.109187
0 0.0528437 0.455625 0.0278542 0.0620313
0 0.140969 0.473516 0.0563958 0.103688
0 0.57801 0.383336 0.0337708 0.0230469
0 0.314448 0.4545 0.133396 0.082125
