3 0.25388 0.679627 0.44768 0.614358
3 0.04027 0.663985 0.0745 0.47591
3 0.83891 0.47594 0.22174 0.371821
3 0.61949 0.284 0.06158 0.167522
3 0.24993 0.380896 0.16562 0.213493
3 0.11581 0.405537 0.1691 0.346537
3 0.72117 0.300746 0.09602 0.152955
3 0.88355 0.303582 0.09706 0.124836
0 0.41234 0.491866 0.2418 0.562299
0 0.96061 0.43997 0.07878 0.603522
0 0.16683 0.17403 0.10442 0.246866
0 0.91122 0.153239 0.03276 0.0821791
0 0.71599 0.243045 0.06634 0.263701
0 0.65244 0.23206 0.06548 0.284239
0 0.49913 0.390597 0.19186 0.619701
0 0.82579 0.182955 0.06878 0.12394
0 0.78684 0.14397 0.04164 0.0845373
0 0.62143 0.175478 0.03902 0.126179
0 0.31247 0.138791 0.02422 0.0646269
0 0.27912 0.154463 0.03252 0.0898209
77 0.24663 0.505388 0.09382 0.189463
77 0.70366 0.631418 0.26716 0.562896
0 0.73784 0.136731 0.01768 0.0458209
3 0.79641 0.278567 0.09446 0.166328
