5 0.51657 0.792135 0.342141 0.155063
0 0.0583594 0.904469 0.115844 0.190146
0 0.392945 0.774375 0.0119844 0.0277917
2 0.0762656 0.866469 0.151938 0.187979
7 0.0792188 0.85674 0.148313 0.184271
7 0.943781 0.817135 0.0306563 0.0442708
7 0.777375 0.808698 0.0503437 0.0458125
2 0.728617 0.812385 0.0502656 0.0412708
2 0.882172 0.809937 0.0964688 0.08575
2 0.817109 0.81424 0.0365 0.0429375
2 0.158109 0.872969 0.0320625 0.117688
2 0.993414 0.842396 0.0127031 0.0396667
2 0.99282 0.818406 0.0142031 0.0278958
2 0.980734 0.809177 0.0385313 0.0238125
2 0.704336 0.806729 0.0356406 0.0384583
2 0.798961 0.812062 0.0207031 0.0313333
