56 0.458836 0.552564 0.147453 0.23192
36 0.553828 0.65774 0.211406 0.101944
0 0.574773 0.335585 0.284016 0.380632
0 0.312039 0.333009 0.124703 0.514309
0 0.203008 0.374028 0.0829219 0.469508
0 0.0545625 0.230995 0.0915 0.223911
2 0.335492 0.26315 0.232891 0.199977
2 0.703148 0.193326 0.0470156 0.075082
36 0.751 0.527002 0.0444063 0.267307
56 0.347359 0.537494 0.0858125 0.217283
56 0.0431719 0.520913 0.059125 0.256768
0 0.811117 0.365164 0.146922 0.635948
0 0.107203 0.430328 0.118438 0.505621
0 0.0434297 0.412131 0.0639844 0.266183
0 0.40975 0.361054 0.0827813 0.178689
0 0.735406 0.200761 0.0454062 0.201382
