0 0.261625 0.523595 0.268375 0.737073
0 0.788891 0.514649 0.214406 0.503021
0 0.604867 0.57363 0.174484 0.408806
0 0.846273 0.349496 0.0694844 0.194496
46 0.786117 0.815258 0.100234 0.0605386
46 0.738398 0.867412 0.0914531 0.0764169
46 0.528203 0.880082 0.0945 0.0929508
46 0.522625 0.796276 0.0862187 0.0562061
46 0.398344 0.646429 0.118031 0.13267
46 0.680812 0.819087 0.0705937 0.0311944
46 0.654961 0.911464 0.0472969 0.0472365
46 0.175109 0.903419 0.0649062 0.107541
46 0.232672 0.972951 0.053375 0.0492272
46 0.0789688 0.704204 0.157938 0.273466
46 0.683539 0.803337 0.0666719 0.0484543
46 0.44518 0.832061 0.0358281 0.0479157
47 0.0598594 0.459274 0.119719 0.0900703
47 0.450117 0.596253 0.0978281 0.0905386
49 0.153469 0.482096 0.0259375 0.0347307
49 0.0514844 0.299297 0.0523125 0.130351
49 0.123227 0.473782 0.0292969 0.0290632
49 0.121164 0.51959 0.0220156 0.0485948
49 0.08975 0.304813 0.041125 0.116979
49 0.103242 0.259918 0.0457656 0.0999766
49 0.0377813 0.278068 0.0415625 0.0960422
46 0.561406 0.275703 0.0299063 0.0519672
0 0.119047 0.373607 0.0488438 0.0767681
26 0.623219 0.609567 0.14425 0.242319
