62 0.781273 0.208724 0.130609 0.136792
39 0.465242 0.863689 0.0362656 0.194543
39 0.488602 0.853454 0.0307656 0.191452
39 0.517664 0.835152 0.0361719 0.182904
39 0.54407 0.82226 0.0331719 0.175808
39 0.582578 0.800187 0.0276563 0.175457
39 0.56743 0.809906 0.0321406 0.175925
39 0.494742 0.766124 0.0234844 0.111171
39 0.653055 0.760726 0.0310469 0.127026
39 0.651664 0.718548 0.0432656 0.108712
40 0.347414 0.887541 0.0286094 0.103747
41 0.388484 0.900211 0.0332188 0.0743794
0 0.533125 0.548255 0.128375 0.419883
0 0.314859 0.599309 0.203906 0.674169
0 0.161172 0.606733 0.322344 0.759555
0 0.597469 0.531464 0.0704687 0.334824
0 0.734891 0.660867 0.173094 0.678267
0 0.774062 0.428033 0.0320312 0.101358
0 0.813883 0.39466 0.0312969 0.182904
0 0.928391 0.378841 0.0529375 0.0879391
0 0.642391 0.434859 0.04125 0.135293
0 0.0192187 0.466288 0.0378437 0.213232
0 0.963984 0.37048 0.0348125 0.0488759
0 0.883914 0.645105 0.199703 0.709789
39 0.660109 0.658103 0.009125 0.0231382
39 0.674008 0.724941 0.00960937 0.0820141
40 0.654344 0.506803 0.0389375 0.100679
40 0.800117 0.504274 0.0205156 0.100304
56 0.4575 0.653126 0.0452188 0.0948712
26 0.886539 0.602049 0.109672 0.358899
39 0.466969 0.761745 0.0154375 0.146206
60 0.486094 0.820773 0.382969 0.332459
0 0.9705 0.543724 0.059 0.620796
39 0.378078 0.600468 0.0477187 0.134098
40 0.933133 0.731593 0.0407344 0.109649
