49 0.446742 0.416323 0.0903594 0.161058
49 0.33668 0.756504 0.0568281 0.112284
49 0.293992 0.714373 0.0694844 0.115432
49 0.186547 0.53376 0.0838125 0.144011
49 0.327352 0.670251 0.0584219 0.069415
49 0.520953 0.539025 0.081375 0.142507
49 0.600859 0.727967 0.06675 0.12624
49 0.692039 0.696922 0.0757656 0.126546
49 0.587289 0.852591 0.0628594 0.107967
49 0.245227 0.593635 0.0747031 0.12493
49 0.0880312 0.279944 0.112094 0.179666
49 0.414055 0.73032 0.0356094 0.0732312
49 0.79968 0.609011 0.0415156 0.0689972
