16 0.447648 0.535351 0.135297 0.468684
0 0.0840625 0.383147 0.168125 0.757303
0 0.503227 0.45852 0.361047 0.836338
0 0.727711 0.173026 0.206547 0.341579
0 0.837203 0.191118 0.034 0.108772
0 0.888195 0.204167 0.0413906 0.133596
0 0.978734 0.223596 0.0425312 0.173026
3 0.899719 0.311272 0.157281 0.170395
0 0.395039 0.142588 0.0992969 0.263904
0 0.460211 0.189068 0.0355781 0.0561623
0 0.928836 0.202193 0.0681406 0.1825
0 0.0132031 0.0916009 0.0249688 0.102939
3 0.502508 0.556261 0.799734 0.739978
0 0.282031 0.182906 0.125562 0.341118
0 0.657977 0.1683 0.0597656 0.076557
