4 0.5 0.544969 1 0.675729
0 0.420633 0.459719 0.0842656 0.283146
0 0.342977 0.361104 0.0792031 0.166292
0 0.974641 0.791042 0.0507187 0.417917
24 0.130984 0.828188 0.149812 0.269
24 0.334359 0.331104 0.0182187 0.0422917
0 0.479 0.539229 0.0573438 0.150875
0 0.377609 0.454469 0.025625 0.0838958
26 0.547859 0.844302 0.155906 0.260562
27 0.996383 0.682458 0.00723437 0.0495833
67 0.367867 0.309677 0.00404688 0.0117292
0 0.055375 0.825417 0.11075 0.349167
28 0.397062 0.504844 0.0301875 0.0536875
26 0.398227 0.497344 0.0292031 0.0538958
67 0.479086 0.496323 0.00876563 0.0111042
