2 0.939055 0.238906 0.121016 0.111771
2 0.766969 0.212229 0.108875 0.0850833
2 0.87525 0.206323 0.0718437 0.0513958
2 0.834344 0.204656 0.0487812 0.0438958
2 0.922367 0.193865 0.0480156 0.0311875
2 0.854047 0.171125 0.0384688 0.0143333
2 0.835617 0.1825 0.0353906 0.01825
3 0.474437 0.613635 0.696063 0.687646
0 0.524328 0.521469 0.380875 0.787479
0 0.686508 0.193865 0.0446719 0.136604
0 0.525336 0.168948 0.0189531 0.0657292
0 0.489203 0.194812 0.0350312 0.1285
0 0.430531 0.198052 0.0332812 0.128396
0 0.148766 0.184281 0.025625 0.0836875
0 0.303609 0.170896 0.0130938 0.0545
0 0.709383 0.201229 0.0319531 0.163917
0 0.121391 0.183042 0.025125 0.0865833
0 0.457133 0.194719 0.0286094 0.142854
0 0.222156 0.165698 0.0120938 0.0402708
2 0.97307 0.178115 0.0530781 0.0199375
26 0.68457 0.215573 0.0226406 0.0856458
27 0.607227 0.374021 0.0687031 0.163417
0 0.386867 0.18551 0.0242031 0.0368958
7 0.765164 0.210958 0.108766 0.082375
0 0.649727 0.177625 0.0339531 0.08875
3 0.0543594 0.17274 0.0202813 0.0225208
3 0.497445 0.201208 0.0437031 0.0505833
3 0.39193 0.214021 0.0187969 0.0296667
