0 0.86603 0.734339 0.0631 0.196366
0 0.77049 0.747748 0.05262 0.142222
0 0.03742 0.849444 0.07484 0.247177
29 0.51063 0.320946 0.06654 0.0242943
0 0.31355 0.723589 0.03742 0.125856
0 0.97112 0.85988 0.05776 0.28024
0 0.67248 0.733003 0.03404 0.147327
0 0.48522 0.45021 0.13636 0.224024
0 0.11939 0.655165 0.05858 0.241682
26 0.85449 0.738453 0.04122 0.0474174
0 0.52752 0.666051 0.15628 0.659249
0 0.63449 0.673544 0.05662 0.117898
0 0.82133 0.749054 0.04418 0.15006
0 0.23358 0.688168 0.0612 0.192012
