17 0.739656 0.567885 0.4875 0.836202
0 0.553156 0.794339 0.0905 0.299687
0 0.699617 0.412103 0.142984 0.437476
0 0.262766 0.304555 0.101094 0.249447
0 0.185828 0.809724 0.118313 0.269303
0 0.428273 0.365048 0.0787969 0.182548
0 0.0337734 0.553185 0.0675469 0.291563
0 0.789492 0.277536 0.0832656 0.231466
0 0.197633 0.547115 0.0957031 0.313798
0 0.378555 0.268113 0.0877031 0.22238
0 0.395109 0.788762 0.118313 0.314591
0 0.498484 0.53619 0.0861875 0.313918
0 0.47707 0.356911 0.0673906 0.22238
56 0.448039 0.755565 0.0520156 0.150361
56 0.302844 0.75 0.153594 0.163558
56 0.560742 0.749063 0.188328 0.153558
0 0.421195 0.534976 0.100078 0.270481
