39 0.376922 0.365177 0.017125 0.0877123
39 0.632828 0.333373 0.0433438 0.0367925
0 0.381578 0.290755 0.117781 0.171415
0 0.540398 0.301627 0.0884844 0.13283
0 0.665055 0.296828 0.0888594 0.168892
0 0.694484 0.283856 0.145625 0.222759
0 0.158555 0.492571 0.0878281 0.280896
40 0.438 0.463101 0.0228437 0.0911085
41 0.768352 0.476156 0.0202031 0.0617453
43 0.449531 0.547983 0.0155312 0.0266745
44 0.36475 0.503066 0.024125 0.0279245
44 0.770383 0.439316 0.00260937 0.0175
0 0.215867 0.344257 0.0803906 0.182005
0 0.246391 0.316851 0.0699687 0.202241
0 0.111398 0.261722 0.0560469 0.0842925
0 0.148516 0.273408 0.0565625 0.104788
0 0.175031 0.304257 0.0534063 0.161014
0 0.203086 0.225731 0.0228281 0.0474057
40 0.506242 0.350967 0.0177031 0.0276415
40 0.402914 0.372594 0.0169844 0.0528302
40 0.61607 0.351993 0.0158906 0.0380896
40 0.330313 0.388408 0.01925 0.070684
41 0.477766 0.494304 0.0253125 0.0537972
41 0.752594 0.429623 0.0226875 0.0370283
41 0.724359 0.423149 0.018875 0.0467217
41 0.768328 0.399528 0.0151562 0.0448585
41 0.391437 0.38158 0.0126562 0.0306132
43 0.444305 0.544705 0.0213281 0.033184
45 0.731359 0.399835 0.0239688 0.0205189
56 0.835938 0.651686 0.227781 0.597759
56 0.301477 0.665165 0.293297 0.593255
56 0.140234 0.5748 0.148969 0.486958
56 0.0536406 0.458644 0.0706875 0.252335
56 0.597711 0.247842 0.0285156 0.044033
56 0.507516 0.294658 0.023875 0.0540802
56 0.483906 0.30783 0.0392188 0.100472
56 0.612531 0.345248 0.023375 0.0466745
60 0.867375 0.368231 0.0623437 0.111981
60 0.607594 0.308526 0.0542188 0.0659198
60 0.534469 0.515731 0.547875 0.307877
40 0.764875 0.40612 0.0199688 0.0614858
40 0.312977 0.415212 0.0191719 0.0631604
40 0.532133 0.356533 0.0145156 0.0593396
44 0.374867 0.508184 0.0345156 0.017217
56 0.624984 0.69434 0.275687 0.611321
56 0.961469 0.408231 0.0578125 0.223019
56 0.819359 0.323785 0.0575312 0.117429
56 0.308516 0.338868 0.0420312 0.130377
75 0.620375 0.284788 0.0148125 0.0168868
75 0.48843 0.422429 0.0484219 0.0395283
0 0.321555 0.248184 0.0522344 0.0589623
45 0.484609 0.463455 0.02925 0.0245047
56 0.56418 0.300425 0.0471094 0.120472
0 0.784039 0.373632 0.0582031 0.142123
60 0.287094 0.273467 0.0182812 0.0258019
