5 0.851523 0.420398 0.220953 0.155129
0 0.297727 0.567213 0.208047 0.677424
0 0.0732656 0.460539 0.0924062 0.424731
0 0.436812 0.577588 0.353031 0.811663
0 0.972516 0.428794 0.0447813 0.219133
32 0.554008 0.665656 0.0824844 0.117213
0 0.717 0.418384 0.0965938 0.311054
2 0.155961 0.471429 0.0589219 0.059719
2 0.116031 0.465293 0.033125 0.064918
2 0.212555 0.471042 0.0482031 0.0584309
2 0.663734 0.461803 0.063875 0.0670258
2 0.60332 0.464953 0.121453 0.0689696
2 0.239922 0.446593 0.03175 0.032623
