17 0.22532 0.699573 0.244641 0.489271
3 0.602734 0.653937 0.0403125 0.0940833
3 0.579898 0.629792 0.0220469 0.0709167
0 0.388531 0.542073 0.042625 0.0721875
0 0.421531 0.558635 0.121594 0.187646
0 0.954547 0.749865 0.0909062 0.386479
0 0.318266 0.522323 0.0764375 0.110812
0 0.875297 0.601448 0.0223438 0.0878542
0 0.850508 0.63401 0.0185781 0.135146
0 0.607516 0.611667 0.0529375 0.107833
0 0.365664 0.534667 0.0284844 0.08125
2 0.981711 0.601125 0.0365781 0.095875
0 0.88918 0.754771 0.0728594 0.33
2 0.0172734 0.58999 0.0345469 0.108396
3 0.0446172 0.608229 0.0297969 0.0483333
0 0.847117 0.611198 0.0417031 0.0866042
0 0.586164 0.5845 0.0189531 0.0332083
