34 0.221258 0.240981 0.207109 0.228645
34 0.292758 0.191332 0.0770469 0.181822
34 0.425102 0.189474 0.118266 0.211846
34 0.596852 0.166764 0.0320469 0.235818
34 0.504844 0.76396 0.0182187 0.324603
34 0.562523 0.758633 0.0456094 0.306893
34 0.645297 0.703283 0.070375 0.372033
34 0.731156 0.70715 0.0376875 0.295047
0 0.73432 0.595666 0.187953 0.555257
0 0.635695 0.616857 0.225422 0.532593
0 0.525523 0.630327 0.179891 0.529159
0 0.356914 0.669661 0.359172 0.57979
0 0.257727 0.510117 0.139766 0.750561
0 0.453016 0.266659 0.134125 0.335935
0 0.57257 0.450561 0.141266 0.734813
0 0.102945 0.83146 0.196859 0.314603
0 0.13693 0.923154 0.187453 0.151776
0 0.984047 0.869696 0.0319063 0.25972
0 0.334898 0.484778 0.131547 0.765397
