0 0.850273 0.160521 0.0110156 0.0373333
8 0.401414 0.0959063 0.0229531 0.0458958
8 0.278406 0.102427 0.00909375 0.0226042
8 0.165953 0.0963542 0.0209688 0.0360417
52 0.313523 0.479312 0.342516 0.15925
52 0.650133 0.396906 0.308859 0.0946042
52 0.50657 0.453854 0.338797 0.156792
52 0.593875 0.424083 0.305719 0.124958
52 0.701664 0.384771 0.311547 0.092125
52 0.565156 0.438688 0.316625 0.148583
52 0.405406 0.456802 0.329719 0.145812
0 0.70818 0.163594 0.0126406 0.0101042
0 0.305336 0.15799 0.00698437 0.0129375
8 0.491344 0.114396 0.0235 0.00404167
0 0.286211 0.159021 0.00598438 0.0102083
0 0.684133 0.128406 0.00417188 0.0045625
