0 0.488008 0.477477 0.274141 0.389626
63 0.632945 0.57875 0.121516 0.154743
64 0.488195 0.665152 0.0512344 0.0268458
73 0.0375703 0.241273 0.0183281 0.223014
24 0.620563 0.547336 0.0794375 0.153785
73 0.105406 0.269603 0.0348437 0.20729
73 0.125586 0.610806 0.0192031 0.195537
73 0.221109 0.330374 0.0117188 0.151495
73 0.12518 0.588727 0.0627031 0.229042
73 0.186 0.318014 0.015 0.159907
73 0.076125 0.258668 0.021375 0.208832
73 0.179969 0.595444 0.0284375 0.159439
73 0.0581328 0.615152 0.0315156 0.236192
73 0.171656 0.309579 0.0105625 0.156168
73 0.286734 0.369311 0.00984375 0.0960981
73 0.0222891 0.634393 0.0445781 0.241262
73 0.355219 0.133096 0.0371563 0.0668458
