58 0.840625 0.672529 0.121875 0.194379
62 0.520969 0.490972 0.0452813 0.0566979
56 0.818492 0.89363 0.123922 0.192225
56 0.731758 0.811967 0.126266 0.34192
56 0.710578 0.621276 0.0555937 0.0804918
60 0.786211 0.758454 0.206734 0.194848
62 0.21757 0.438044 0.0297656 0.0506557
72 0.637047 0.567166 0.097875 0.318829
72 0.746016 0.537447 0.135781 0.254098
74 0.607773 0.388372 0.00979688 0.0270023
69 0.409305 0.707869 0.164922 0.368525
71 0.103078 0.716792 0.205375 0.144543
41 0.122617 0.682529 0.0277344 0.0385948
41 0.0921875 0.679227 0.0258437 0.0408899
75 0.862641 0.716159 0.0353125 0.0780796
43 0.189102 0.548349 0.0315156 0.0472365
43 0.181625 0.543923 0.017625 0.022459
43 0.177828 0.533396 0.0194062 0.0303513
57 0.261742 0.542248 0.144703 0.0322717
