0 0.206397 0.490992 0.155657 0.204953
0 0.593568 0.490766 0.508498 0.77975
0 0.076115 0.515875 0.144484 0.26175
0 0.175986 0.407516 0.113474 0.0828438
0 0.218451 0.163531 0.228545 0.0984375
0 0.287089 0.329805 0.0950235 0.0490469
0 0.381491 0.0932578 0.135047 0.186516
0 0.312089 0.448266 0.116808 0.168437
0 0.171796 0.345703 0.124812 0.0737187
0 0.112594 0.320719 0.134108 0.101094
0 0.943615 0.224719 0.104648 0.233719
0 0.283732 0.541195 0.16892 0.123922
0 0.0492488 0.277859 0.0984977 0.1365
30 0.559272 0.858805 0.260892 0.154484
