8 0.518758 0.724719 0.203891 0.456183
8 0.835367 0.827412 0.229922 0.116276
8 0.832852 0.974602 0.150609 0.027096
8 0.646703 0.754122 0.0484687 0.0262763
0 0.834148 0.899848 0.0122656 0.0262998
8 0.931328 0.795035 0.070125 0.0220609
8 0.311859 0.755047 0.0659687 0.040445
8 0.178781 0.760726 0.0349375 0.0219672
8 0.227453 0.765105 0.057375 0.0183138
8 0.0517813 0.773712 0.053625 0.012904
8 0.515367 0.747693 0.0326406 0.0459719
8 0.921477 0.7463 0.0353594 0.018267
8 0.922141 0.930246 0.153969 0.139508
8 0.269672 0.953595 0.128719 0.0928103
