39 0.178016 0.42231 0.0344687 0.122892
39 0.0889844 0.420115 0.0393125 0.113175
0 0.649023 0.397751 0.497703 0.480899
0 0.40393 0.363157 0.387109 0.331076
0 0.218 0.279771 0.213031 0.177531
0 0.129305 0.335899 0.0412969 0.0489771
44 0.551875 0.785573 0.150438 0.101446
44 0.0894453 0.781675 0.116297 0.0449735
45 0.269281 0.819991 0.259906 0.236314
45 0.0885937 0.586517 0.129406 0.0943739
45 0.582109 0.532566 0.102 0.0745503
45 0.331477 0.478651 0.0497656 0.0584303
75 0.958492 0.789533 0.0830156 0.350847
41 0.702484 0.834603 0.165187 0.295556
44 0.257266 0.589956 0.05625 0.0418519
44 0.743953 0.650044 0.156844 0.0391358
58 0.869531 0.436067 0.260937 0.531746
60 0.5 0.679109 1 0.641781
75 0.131109 0.45731 0.0261562 0.0650265
75 0.939516 0.644691 0.0545 0.111076
0 0.273797 0.325697 0.029375 0.0518519
0 0.316781 0.334647 0.0844375 0.0875661
0 0.190078 0.379127 0.087875 0.110882
39 0.0458984 0.383977 0.0173906 0.0392769
41 0.736281 0.631182 0.102906 0.140212
41 0.334945 0.622011 0.0828906 0.148007
41 0.167102 0.502249 0.0450781 0.0791358
41 0.393859 0.514312 0.0539687 0.0729277
41 0.210367 0.46642 0.0356719 0.061164
41 0.0464297 0.426887 0.0243281 0.0132804
41 0.0510859 0.409242 0.0147031 0.017425
41 0.330961 0.475459 0.0467656 0.045097
41 0.147617 0.444453 0.0195781 0.0410053
41 0.0609453 0.459832 0.0218594 0.0380071
44 0.809664 0.720388 0.0361719 0.0352028
44 0.121055 0.65634 0.205078 0.0644974
44 0.474641 0.543007 0.11175 0.0142328
44 0.59232 0.980547 0.117453 0.0389065
41 0.583375 0.532681 0.102719 0.0728395
75 0.0394297 0.415688 0.0134844 0.0331746
75 0.112359 0.446755 0.01175 0.0385538
41 0.0166016 0.425467 0.0198594 0.0320635
