74 0.511398 0.5 0.0412344 0.0536667
2 0.218992 0.713292 0.226953 0.136292
2 0.733219 0.635854 0.0476875 0.0301667
2 0.811359 0.634948 0.0180937 0.0250208
0 0.834055 0.731958 0.0677656 0.234917
0 0.503586 0.644187 0.0157031 0.054
0 0.963789 0.637313 0.0108906 0.0376667
0 0.951961 0.63399 0.00957812 0.0423125
0 0.934344 0.634375 0.016 0.040875
73 0.857359 0.719063 0.00971875 0.0246667
7 0.151398 0.660167 0.0967969 0.0774583
2 0.335266 0.646417 0.0621563 0.032
2 0.305906 0.6385 0.0645625 0.0259583
2 0.505359 0.643365 0.0721563 0.0378125
2 0.771109 0.633177 0.0276563 0.0246458
2 0.869914 0.632938 0.0373906 0.03125
2 0.787734 0.631865 0.0177813 0.0228542
3 0.501719 0.655406 0.0145 0.0361458
0 0.563461 0.634 0.0159531 0.0423333
0 0.54007 0.63901 0.0109844 0.0358958
0 0.457914 0.636115 0.0104219 0.0283542
0 0.976867 0.635813 0.00985938 0.0319583
0 0.994148 0.63501 0.0117031 0.0412292
0 0.358914 0.634271 0.00592188 0.0187083
2 0.244664 0.65574 0.154766 0.0556875
