0 0.90857 0.0876347 0.170922 0.175269
54 0.345273 0.837049 0.0855781 0.0938173
54 0.369211 0.772635 0.0781719 0.0693911
54 0.385594 0.722447 0.074875 0.0635831
54 0.431297 0.832635 0.082375 0.0904215
54 0.527367 0.865012 0.0670469 0.075082
54 0.33425 0.666475 0.0696563 0.0701874
54 0.256953 0.663466 0.0719375 0.0647775
54 0.240289 0.707564 0.0747344 0.0546604
54 0.262664 0.824859 0.0780781 0.0756206
54 0.184656 0.821335 0.078 0.0946136
48 0.743875 0.217881 0.109438 0.0762295
54 0.59493 0.869227 0.0668906 0.0808899
54 0.29925 0.756768 0.0742812 0.0884778
48 0.553695 0.213595 0.0982969 0.0837705
54 0.317508 0.71137 0.0682969 0.0605386
48 0.646594 0.211593 0.0935 0.0636534
48 0.751227 0.180281 0.0894844 0.0377049
48 0.85875 0.215644 0.105531 0.0813583
