2 0.488039 0.419902 0.218758 0.100654
2 0.0564951 0.404665 0.11299 0.106487
5 0.876797 0.355948 0.246405 0.381961
25 0.343962 0.397451 0.172271 0.0720588
25 0.466528 0.403652 0.133023 0.102761
25 0.64768 0.396471 0.154935 0.10268
26 0.378848 0.470123 0.0311275 0.0997876
26 0.526266 0.501912 0.0452124 0.050719
26 0.249902 0.484273 0.0593791 0.0929248
0 0.1721 0.571373 0.259167 0.502255
26 0.74884 0.496634 0.0172222 0.0486928
26 0.924788 0.481144 0.0955229 0.130229
0 0.794379 0.517974 0.105621 0.316863
0 0.484812 0.522712 0.0990359 0.216732
0 0.631863 0.520833 0.100752 0.228889
0 0.697606 0.501732 0.0690033 0.213268
0 0.913456 0.522541 0.12031 0.321814
0 0.0493301 0.451585 0.0808497 0.177876
0 0.336658 0.553096 0.103546 0.275114
0 0.295547 0.343047 0.0465196 0.0786438
2 0.90424 0.450858 0.19152 0.174101
9 0.737958 0.148832 0.0298366 0.0574673
9 0.608742 0.317876 0.0130392 0.0227451
26 0.681348 0.50009 0.0417157 0.0716503
0 0.561495 0.379714 0.0149837 0.0264216
9 0.696683 0.15259 0.0270915 0.059134
0 0.24875 0.499257 0.0891667 0.238317
0 0.350237 0.345139 0.0480882 0.0456699
