0 0.486562 0.436854 0.308438 0.3085
0 0.477508 0.680406 0.0132656 0.0358542
0 0.149703 0.66325 0.0197813 0.0338333
0 0.716852 0.716906 0.0187969 0.0677708
31 0.394406 0.56549 0.213531 0.209396
7 0.630586 0.585729 0.0992344 0.0774167
0 0.653656 0.965281 0.0503437 0.0691042
0 0.724719 0.966417 0.0417187 0.0651667
0 0.810469 0.924208 0.0773125 0.129208
0 0.865859 0.962802 0.0503437 0.0742292
0 0.863281 0.914271 0.0397813 0.0402083
0 0.563117 0.969417 0.0583281 0.0611667
7 0.163828 0.438552 0.14125 0.0643125
0 0.517719 0.984729 0.0366875 0.0305417
0 0.466063 0.982281 0.031 0.0354375
0 0.806953 0.976437 0.0491875 0.0454583
7 0.666148 0.508313 0.113172 0.0647083
