62 0.559383 0.180469 0.0759844 0.0942292
39 0.827328 0.31751 0.00446875 0.0270208
56 0.597344 0.503906 0.0787188 0.194146
56 0.489867 0.47326 0.0633594 0.152896
56 0.768352 0.528562 0.0936094 0.219083
56 0.406656 0.452948 0.0575625 0.155354
60 0.78307 0.454 0.296016 0.268875
60 0.629375 0.314771 0.0343437 0.0142917
0 0.609867 0.356385 0.128359 0.321021
0 0.763898 0.370271 0.128984 0.3825
0 0.484008 0.328469 0.103891 0.216479
0 0.390813 0.353875 0.091 0.24475
0 0.670484 0.281417 0.0578438 0.095
0 0.510055 0.246865 0.0504219 0.0781875
0 0.190102 0.256531 0.0156406 0.0472708
39 0.688016 0.299792 0.0137187 0.0557083
56 0.543969 0.451333 0.0405 0.159208
56 0.372242 0.462094 0.0183906 0.0506458
0 0.222844 0.290531 0.0406875 0.0652708
39 0.537797 0.302354 0.0126875 0.0479167
56 0.915555 0.51224 0.106891 0.235104
56 0.912039 0.393063 0.0347656 0.029
41 0.829008 0.307875 0.0170469 0.0438333
60 0.424859 0.332729 0.0247812 0.01675
