39 0.89421 0.624147 0.05534 0.17592
39 0.65545 0.470453 0.03854 0.04304
41 0.77992 0.94468 0.11756 0.110373
41 0.83927 0.84004 0.09534 0.20456
42 0.68446 0.924587 0.04344 0.0776
44 0.51838 0.67964 0.07964 0.0413067
0 0.20889 0.647973 0.38422 0.695947
41 0.67279 0.618187 0.06358 0.151787
41 0.65809 0.574107 0.05218 0.175573
41 0.71741 0.56524 0.06146 0.136827
41 0.68238 0.4548 0.03364 0.0660267
41 0.7065 0.48964 0.0496 0.0310667
41 0.71476 0.44848 0.04436 0.0552533
41 0.68785 0.421653 0.04374 0.02112
41 0.5801 0.40832 0.03876 0.0877867
42 0.50222 0.644493 0.10736 0.0142133
43 0.76626 0.609187 0.04676 0.06392
45 0.76711 0.719453 0.15418 0.15224
53 0.58826 0.76068 0.12612 0.0709067
56 0.25354 0.27556 0.06456 0.180613
56 0.29012 0.252933 0.02188 0.154613
56 0.33097 0.227027 0.05202 0.128027
56 0.08143 0.21528 0.04678 0.0819733
56 0.17717 0.170533 0.04934 0.0687467
56 0.19523 0.282547 0.0555 0.07912
60 0.73238 0.710507 0.53188 0.557067
60 0.47532 0.2156 0.0844 0.06144
0 0.73807 0.302987 0.1595 0.315787
0 0.88345 0.372747 0.2331 0.518027
0 0.56254 0.19068 0.12624 0.20776
0 0.4614 0.165707 0.0726 0.108427
0 0.38148 0.337027 0.17408 0.36296
0 0.36667 0.61728 0.27038 0.73088
0 0.55373 0.31244 0.1877 0.275867
0 0.25554 0.186467 0.06632 0.17448
41 0.65851 0.42064 0.03342 0.09424
41 0.88332 0.77028 0.08376 0.2076
43 0.71637 0.895027 0.02726 0.0710667
43 0.55145 0.647333 0.11302 0.0548267
48 0.64412 0.96656 0.09948 0.06688
56 0.06762 0.395627 0.08348 0.26512
60 0.42588 0.171 0.02968 0.01624
39 0.59869 0.510213 0.04134 0.13584
56 0.02426 0.371627 0.04572 0.172907
56 0.03191 0.251413 0.06322 0.04832
