3 0.470727 0.649363 0.549047 0.650625
8 0.180234 0.33515 0.0736875 0.1161
8 0.102844 0.344925 0.0849063 0.1234
8 0.886539 0.365275 0.226922 0.6443
8 0.795039 0.28965 0.0886406 0.04095
8 0.684 0.2772 0.0425312 0.0287
8 0.644844 0.278363 0.013375 0.014925
0 0.111797 0.349075 0.0127812 0.066
8 0.0413359 0.672875 0.0826719 0.2399
8 0.0218281 0.355913 0.0431563 0.125825
8 0.325773 0.233212 0.124141 0.093525
8 0.685016 0.579225 0.0641875 0.20345
8 0.731422 0.288775 0.0455625 0.0249
8 0.62857 0.19755 0.0371719 0.1596
