33 0.451297 0.559714 0.309781 0.296176
0 0.749992 0.883407 0.157797 0.197319
0 0.523758 0.924571 0.0846406 0.150857
0 0.436117 0.917209 0.0672344 0.165582
0 0.295969 0.917088 0.0448438 0.165824
0 0.212922 0.922374 0.0738125 0.155253
0 0.143313 0.900341 0.0696563 0.199319
0 0.190789 0.914319 0.0348594 0.171363
0 0.0343281 0.910451 0.06225 0.154308
0 0.0714922 0.898934 0.0388594 0.134176
0 0.109305 0.905758 0.0353281 0.188484
0 0.261211 0.913352 0.0360781 0.171758
0 0.462563 0.916066 0.0455313 0.167253
26 0.22975 0.956769 0.0349062 0.0861099
33 0.248992 0.170989 0.484578 0.29011
33 0.187352 0.582352 0.374703 0.435297
33 0.406883 0.363495 0.386359 0.205538
33 0.828031 0.683527 0.130469 0.289429
33 0.915891 0.684341 0.147875 0.242176
2 0.574156 0.865407 0.035125 0.0625055
26 0.73568 0.977967 0.0497031 0.0435824
33 0.631867 0.605637 0.230547 0.30367
33 0.694555 0.645418 0.151953 0.312945
0 0.498859 0.897396 0.0428437 0.142835
