39 0.196526 0.837922 0.105728 0.16325
0 0.614448 0.464195 0.627958 0.707859
45 0.360822 0.946937 0.174131 0.105594
45 0.182629 0.9595 0.190469 0.081
53 0.417242 0.794023 0.360822 0.142328
42 0.732559 0.861039 0.106761 0.0816406
45 0.0649531 0.944586 0.129906 0.110828
45 0.68135 0.946156 0.299789 0.107688
53 0.158263 0.580648 0.308216 0.0767031
0 0.116573 0.493859 0.233146 0.458563
58 0.87966 0.880203 0.240681 0.239594
60 0.506702 0.839023 0.544953 0.181359
69 0.23196 0.504719 0.188756 0.0553438
69 0.191819 0.640086 0.247911 0.134922
39 0.0286737 0.81032 0.0573474 0.172734
