39 0.418859 0.916469 0.0412187 0.137104
39 0.455828 0.920885 0.0404062 0.155354
39 0.532195 0.951208 0.0503281 0.0975833
39 0.310883 0.878812 0.0217656 0.0648333
56 0.70057 0.903125 0.130672 0.19375
0 0.100102 0.798208 0.107359 0.402167
46 0.702297 0.546521 0.194969 0.205917
46 0.529852 0.5585 0.166672 0.199792
46 0.402742 0.522583 0.0425156 0.03925
46 0.376031 0.519479 0.03125 0.0261667
46 0.424047 0.539438 0.0944688 0.142375
46 0.308539 0.532146 0.0377969 0.0445833
39 0.896594 0.86149 0.0390937 0.0910625
46 0.649352 0.472094 0.0890156 0.0625625
46 0.323227 0.495719 0.0340156 0.0330625
47 0.026375 0.940333 0.05275 0.0696667
39 0.373531 0.923813 0.0555937 0.104083
39 0.930898 0.870812 0.0379219 0.0883333
39 0.421844 0.978625 0.0283125 0.0425417
46 0.918992 0.418542 0.161109 0.258917
46 0.345695 0.569062 0.0866406 0.109583
47 0.0169766 0.76124 0.0339531 0.0574792
47 0.0252578 0.775375 0.0487344 0.0635
56 0.361961 0.819042 0.0483906 0.144833
