0 0.712792 0.440852 0.0204583 0.0393281
33 0.384333 0.336641 0.014 0.0094375
33 0.335813 0.387133 0.0121667 0.00692187
33 0.464281 0.389 0.0109792 0.00990625
33 0.51175 0.384898 0.0128333 0.00595313
33 0.695396 0.207313 0.067125 0.0625938
0 0.0405 0.428508 0.00933333 0.0128594
0 0.936 0.438766 0.013875 0.0159688
0 0.239823 0.435445 0.00622917 0.0107656
0 0.4615 0.517359 0.105292 0.186906
0 0.349406 0.438258 0.0071875 0.00792188
0 0.36325 0.433344 0.00304167 0.005875
0 0.947396 0.438758 0.00758333 0.00542188
