58 0.510617 0.514736 0.114078 0.248689
62 0.252219 0.317065 0.0734062 0.0733464
56 0.395781 0.863444 0.255844 0.273112
56 0.623969 0.818014 0.139437 0.363973
56 0.685734 0.759775 0.0905 0.328121
57 0.770109 0.504305 0.406938 0.161292
60 0.473188 0.743072 0.487406 0.46317
40 0.389008 0.605313 0.0349219 0.0916438
45 0.571828 0.647524 0.0835625 0.0552055
45 0.396234 0.616791 0.0814062 0.0445401
45 0.630195 0.587221 0.0656094 0.0370646
45 0.472656 0.575137 0.0359688 0.0472994
40 0.520156 0.627515 0.0441563 0.110607
75 0.524266 0.55091 0.0885625 0.180333
40 0.613789 0.542084 0.0343281 0.0552055
