39 0.409852 0.646505 0.0441406 0.172727
39 0.533008 0.333636 0.0246406 0.0645657
40 0.288813 0.756475 0.0499687 0.147414
40 0.344398 0.784848 0.0714844 0.132848
42 0.561586 0.879545 0.114234 0.052101
42 0.285687 0.537071 0.0922813 0.0335354
43 0.554008 0.747707 0.123391 0.0286667
43 0.187609 0.798434 0.155094 0.040101
43 0.468883 0.851727 0.0192656 0.118566
43 0.676891 0.439253 0.065625 0.048404
43 0.357914 0.629263 0.0263594 0.0493535
43 0.297289 0.579727 0.0719531 0.0264444
44 0.357336 0.63497 0.0284531 0.0651717
44 0.661172 0.562293 0.0500625 0.0496364
0 0.0868984 0.638202 0.170328 0.701131
27 0.585422 0.276414 0.0201875 0.114242
43 0.207523 0.77004 0.136609 0.0659798
43 0.39982 0.482838 0.108391 0.025798
43 0.408539 0.430465 0.0716094 0.0230303
43 0.661352 0.533273 0.0837969 0.0191919
44 0.591125 0.727222 0.0625313 0.0413939
58 0.513633 0.449333 0.146453 0.257333
60 0.152414 0.105303 0.245891 0.0409495
0 0.306461 0.314677 0.134703 0.394081
0 0.538188 0.231121 0.307 0.32402
0 0.7865 0.314192 0.196844 0.391899
0 0.924273 0.50497 0.150453 0.558626
0 0.766602 0.726434 0.322891 0.547131
0 0.962281 0.153667 0.0752188 0.208263
0 0.928414 0.12097 0.140672 0.241939
0 0.207203 0.443202 0.150875 0.501232
27 0.188547 0.401838 0.045875 0.0285253
27 0.78407 0.309394 0.0315156 0.0412121
27 0.749031 0.714687 0.0340312 0.0469899
40 0.584516 0.508626 0.0432813 0.118586
40 0.394547 0.565343 0.0383125 0.122768
40 0.14243 0.0729596 0.0285469 0.063899
40 0.553055 0.651505 0.0463281 0.123616
40 0.332453 0.688717 0.0569063 0.0832929
40 0.574711 0.389808 0.0353906 0.092303
40 0.617508 0.388434 0.0346094 0.0887475
40 0.592297 0.376808 0.0340625 0.0806869
42 0.661312 0.561859 0.0476562 0.0453333
42 0.361141 0.417657 0.0399687 0.0332525
60 0.395242 0.685303 0.698484 0.629394
40 0.22682 0.0505152 0.0228906 0.0712525
0 0.328313 0.0833333 0.128906 0.148444
40 0.506883 0.674515 0.0570781 0.132505
40 0.444945 0.577051 0.0571406 0.105172
