0 0.109789 0.399367 0.133641 0.171828
55 0.284977 0.805703 0.166016 0.0930625
55 0.595945 0.766375 0.0398906 0.0415312
55 0.441922 0.639508 0.146375 0.0474219
55 0.647602 0.616961 0.0357031 0.0367031
55 0.681703 0.611648 0.0380625 0.0451719
55 0.543836 0.62232 0.149547 0.0466719
55 0.25307 0.654766 0.0451094 0.0342812
55 0.555375 0.773102 0.0387813 0.0443281
55 0.633133 0.74593 0.0383281 0.0276719
0 0.295109 0.515383 0.148719 0.210141
0 0.437969 0.499211 0.144937 0.213703
7 0.531062 0.284344 0.125063 0.131688
55 0.284203 0.491289 0.0569063 0.0409844
0 0.627984 0.282508 0.03125 0.117422
0 0.684422 0.261422 0.0419687 0.0673438
0 0.351031 0.420039 0.0781875 0.102359
2 0.801719 0.310945 0.287125 0.0947344
55 0.156039 0.669266 0.0579219 0.0370937
54 0.716406 0.61282 0.0317812 0.0268906
55 0.302172 0.642898 0.039125 0.0236094
