0 0.334344 0.651686 0.119938 0.656159
0 0.414195 0.646745 0.102984 0.662201
0 0.840359 0.519098 0.211406 0.543817
0 0.533 0.631452 0.121438 0.705621
0 0.167539 0.632283 0.143609 0.699555
0 0.224602 0.592728 0.0885781 0.600211
0 0.0796406 0.646393 0.159281 0.684684
41 0.98193 0.241721 0.0361406 0.0381499
73 0.881516 0.819883 0.151562 0.0638876
24 0.328781 0.543747 0.106719 0.203279
26 0.607344 0.57541 0.0699063 0.153302
26 0.0442266 0.661101 0.0794531 0.402248
0 0.0213125 0.62733 0.042625 0.74534
26 0.366289 0.692529 0.0593594 0.0804684
26 0.124023 0.456382 0.0341406 0.0729508
56 0.964422 0.684063 0.0711563 0.271405
73 0.751805 0.803302 0.131328 0.0671663
73 0.939711 0.632119 0.0404531 0.0161827
73 0.96832 0.56315 0.0381719 0.0403513
73 0.976094 0.845117 0.0478125 0.0565105
73 0.949984 0.651335 0.0578438 0.0337237
73 0.950789 0.615785 0.0488281 0.0272131
73 0.938344 0.667998 0.0348437 0.0117799
67 0.191203 0.719485 0.0150937 0.0540047
