39 0.380625 0.627615 0.0706563 0.312646
39 0.565219 0.612479 0.0613125 0.296792
39 0.481453 0.620427 0.0629062 0.320437
39 0.248477 0.611854 0.0613594 0.269667
39 0.205828 0.594833 0.0530937 0.250875
39 0.0595625 0.330625 0.0287813 0.126417
39 0.110023 0.331969 0.0255781 0.118771
39 0.0538828 0.501792 0.0250156 0.163667
39 0.182281 0.580875 0.0212812 0.200042
39 0.623563 0.58351 0.039375 0.227271
39 0.0744531 0.493437 0.0239063 0.147292
40 0.344602 0.627812 0.0669844 0.219792
40 0.0953281 0.744625 0.0661562 0.1915
0 0.629227 0.498865 0.738172 0.979729
39 0.648211 0.589063 0.0544219 0.209208
39 0.00985938 0.508708 0.0197188 0.1655
