39 0.328422 0.250981 0.0116875 0.0616355
56 0.742969 0.917734 0.104625 0.156449
60 0.584484 0.837757 0.328625 0.107523
0 0.746547 0.575164 0.161562 0.451916
0 0.383219 0.622185 0.198 0.536939
71 0.582164 0.625748 0.172703 0.0547664
56 0.401922 0.894194 0.0988125 0.201612
69 0.236781 0.743049 0.138781 0.404743
72 0.0882578 0.659942 0.120703 0.524369
41 0.425211 0.405058 0.0119531 0.020771
41 0.411813 0.425456 0.0111875 0.0222196
41 0.387164 0.426238 0.0123594 0.0217757
41 0.422031 0.424346 0.0153437 0.0248598
41 0.401242 0.423528 0.0134531 0.027757
