56 0.640164 0.289531 0.0553594 0.110688
56 0.644633 0.17451 0.0511094 0.104146
56 0.346016 0.197292 0.0510625 0.103083
38 0.676758 0.473646 0.0528906 0.0446667
0 0.599766 0.548 0.118156 0.221292
0 0.589766 0.137802 0.0419375 0.190146
0 0.629469 0.0699063 0.0491562 0.0586875
0 0.458305 0.0769167 0.0482344 0.0624583
0 0.168523 0.0959792 0.0490156 0.0568333
32 0.929586 0.441927 0.00854687 0.0103542
56 0.341539 0.105448 0.0247969 0.0223125
56 0.268961 0.107948 0.0346406 0.0231042
56 0.0518438 0.120469 0.0369688 0.0225625
56 0.0471953 0.0924375 0.0341094 0.0402917
0 0.126766 0.0977708 0.0399062 0.0608333
0 0.260875 0.07275 0.048875 0.0911667
0 0.30407 0.0665208 0.0452031 0.101
0 0.344656 0.073625 0.0410937 0.0821667
0 0.424086 0.0843854 0.0267344 0.0477292
0 0.445391 0.0436771 0.0335937 0.0688542
0 0.557461 0.0778646 0.0343281 0.0474375
56 0.705023 0.0823542 0.0324531 0.0194583
56 0.0897578 0.117719 0.0360781 0.0219375
56 0.0773984 0.0183229 0.0324844 0.0361042
0 0.971617 0.177792 0.0430781 0.170417
56 0.0799375 0.0397812 0.0307187 0.0141458
56 0.691758 0.288792 0.0555156 0.107792
