39 0.380023 0.0590493 0.0197656 0.0978169
39 0.339445 0.0584272 0.0242031 0.0839906
39 0.330711 0.0824883 0.0111406 0.036338
39 0.356742 0.0860681 0.00864063 0.0339671
56 0.1765 0.603369 0.122656 0.123592
56 0.947242 0.852124 0.105516 0.262934
56 0.184477 0.405857 0.0438906 0.0497887
56 0.0943828 0.576174 0.0752031 0.246385
56 0.0221484 0.449777 0.0429531 0.131009
56 0.680586 0.830329 0.0807656 0.316854
56 0.310094 0.401948 0.052125 0.118685
41 0.103016 0.830376 0.0448125 0.0792488
41 0.206484 0.742523 0.0378125 0.0789437
41 0.272961 0.713556 0.0422969 0.0498826
41 0.746586 0.616174 0.0273281 0.0476995
41 0.118328 0.763228 0.046125 0.117441
60 0.322367 0.528251 0.113422 0.0762207
60 0.770047 0.670434 0.259938 0.187347
60 0.136117 0.391009 0.137609 0.0449296
60 0.129586 0.842465 0.258953 0.167183
0 0.70907 0.450164 0.107547 0.28169
0 0.849445 0.697019 0.301109 0.605962
0 0.85 0.315587 0.128219 0.211502
0 0.723344 0.325493 0.127438 0.288357
0 0.331328 0.665657 0.281438 0.668685
0 0.284273 0.406596 0.0717969 0.173239
0 0.225047 0.50608 0.157625 0.377746
0 0.121156 0.520235 0.0658125 0.249437
0 0.100969 0.369883 0.0598437 0.164272
0 0.201125 0.324331 0.0664062 0.122277
0 0.0381875 0.707653 0.0760938 0.148357
41 0.164023 0.782876 0.0321406 0.0633568
41 0.144227 0.684437 0.0263906 0.0569484
41 0.197437 0.708709 0.0391875 0.0953991
41 0.163734 0.674343 0.008625 0.0135211
41 0.0680078 0.733486 0.0303281 0.0314789
43 0.279523 0.744871 0.0413281 0.0101174
44 0.047625 0.736843 0.014375 0.0496948
45 0.0423516 0.764754 0.0724531 0.0821362
60 0.0274141 0.429742 0.0532656 0.0277465
41 0.174148 0.685129 0.0341406 0.0728404
41 0.301664 0.478063 0.0124844 0.0498357
56 0.395437 0.903991 0.149 0.192019
56 0.0177813 0.589038 0.0355625 0.116056
56 0.884328 0.574554 0.0788125 0.0785446
56 0.0778125 0.916901 0.155625 0.166197
44 0.129891 0.649613 0.0166875 0.0317136
44 0.276953 0.680904 0.00859375 0.0415258
45 0.273805 0.713967 0.0421094 0.0506103
56 0.833727 0.498322 0.115453 0.212887
44 0.70093 0.622113 0.0674219 0.072723
41 0.151 0.376866 0.0104375 0.0358451
