3 0.0888359 0.464839 0.0565781 0.0618069
3 0.0513984 0.47328 0.0282969 0.0601733
7 0.656789 0.461423 0.550391 0.334827
26 0.166914 0.521696 0.0353906 0.111807
26 0.106422 0.719592 0.054625 0.153094
0 0.166281 0.606423 0.131969 0.403243
0 0.307672 0.55177 0.0688438 0.118094
0 0.39932 0.551163 0.0772344 0.141436
0 0.619188 0.634839 0.100719 0.438193
0 0.720391 0.607215 0.0930938 0.165569
0 0.864273 0.609715 0.107953 0.212599
0 0.972016 0.540545 0.0559687 0.353614
0 0.482508 0.555309 0.0852031 0.171163
0 0.571469 0.586287 0.0447813 0.126881
0 0.359687 0.497698 0.0507187 0.185792
0 0.339539 0.500309 0.0496094 0.0645297
45 0.557945 0.699059 0.0786094 0.0967822
3 0.277633 0.470965 0.0348594 0.0966832
3 0.316906 0.459344 0.0324688 0.0702723
7 0.309563 0.430903 0.0587188 0.0964604
0 0.252117 0.583762 0.0622344 0.31495
2 0.939109 0.442735 0.0587812 0.108342
45 0.681125 0.711658 0.0414687 0.108515
45 0.746563 0.718899 0.0900938 0.1125
2 0.382922 0.440483 0.0719687 0.122104
