74 0.5655 0.358616 0.123937 0.159542
2 0.429039 0.881653 0.521172 0.147649
2 0.0949062 0.844811 0.178937 0.122849
2 0.371922 0.798496 0.274969 0.0471912
2 0.472695 0.767998 0.121953 0.0983068
2 0.734234 0.769133 0.0909062 0.0999004
7 0.332539 0.723944 0.145078 0.146693
0 0.748125 0.884024 0.154812 0.231952
0 0.95825 0.824183 0.0603437 0.104183
0 0.918 0.912321 0.0705937 0.175359
0 0.989016 0.775139 0.0219688 0.0880876
0 0.240766 0.756165 0.0195938 0.0828088
0 0.13268 0.779711 0.0188594 0.0465139
0 0.0981328 0.764851 0.0287344 0.0368725
0 0.0711484 0.760817 0.0164844 0.0479681
0 0.642023 0.754861 0.0145469 0.0424303
2 0.674203 0.899323 0.414219 0.17753
2 0.774758 0.851863 0.179891 0.070259
0 0.880875 0.905219 0.0519063 0.184861
2 0.603906 0.784681 0.0988125 0.0686056
0 0.748516 0.884363 0.154188 0.228526
0 0.176859 0.767998 0.022625 0.0795418
0 0.970766 0.910488 0.04675 0.162012
2 0.39382 0.927729 0.577609 0.144542
