74 0.425055 0.350464 0.0279219 0.0364229
2 0.663313 0.690692 0.100719 0.105929
9 0.47293 0.58502 0.0142031 0.0423715
9 0.507117 0.578429 0.0182969 0.073419
0 0.603539 0.766551 0.0674531 0.26753
0 0.446156 0.679318 0.0244062 0.0823123
0 0.314781 0.671304 0.0200313 0.0799605
0 0.336562 0.675692 0.0211562 0.0566008
2 0.723391 0.689565 0.0615938 0.0832411
0 0.268719 0.684219 0.0228125 0.0945257
9 0.678578 0.588874 0.0102188 0.0266798
9 0.703477 0.579575 0.00976562 0.0249209
9 0.459008 0.619891 0.00560937 0.00832016
9 0.771398 0.588735 0.0152031 0.046166
0 0.324133 0.678874 0.00935937 0.0497233
2 0.774359 0.685455 0.0813125 0.0594071
7 0.573555 0.656571 0.0412031 0.0729051
7 0.889328 0.680652 0.142219 0.127312
7 0.515305 0.651621 0.0617969 0.0550593
9 0.475805 0.610909 0.0116719 0.00936759
