0 0.462656 0.561655 0.414906 0.849789
0 0.546703 0.587641 0.133125 0.573028
0 0.811047 0.64189 0.221875 0.693685
0 0.205844 0.615692 0.14425 0.711056
0 0.0373906 0.625845 0.0688125 0.352817
34 0.137922 0.275458 0.263844 0.110352
0 0.306937 0.877793 0.10425 0.16831
0 0.952344 0.650493 0.0953125 0.696854
0 0.485906 0.0562324 0.162719 0.112465
35 0.0277109 0.737101 0.0554219 0.167254
56 0.753414 0.148263 0.134734 0.17446
56 0.846148 0.0991784 0.103703 0.0809859
56 0.945031 0.0995305 0.097125 0.0818779
56 0.627969 0.0986502 0.0945 0.0780047
56 0.736758 0.0284272 0.0835156 0.0566667
56 0.513969 0.141045 0.133813 0.0919014
56 0.285266 0.1 0.107187 0.0857277
56 0.159789 0.120563 0.148703 0.138826
