2 0.170437 0.684679 0.112688 0.114242
3 0.0871328 0.667352 0.0258906 0.0619537
3 0.814477 0.691542 0.0492656 0.0553728
1 0.0279375 0.812044 0.055625 0.168201
2 0.247508 0.661208 0.0807969 0.102622
7 0.549898 0.671787 0.557391 0.477558
9 0.875586 0.356054 0.0311094 0.0728278
2 0.135633 0.652314 0.0565781 0.0699743
9 0.968422 0.567134 0.0128125 0.0515938
0 0.813766 0.666093 0.0215312 0.0662211
0 0.0328203 0.738625 0.0622969 0.272005
0 0.0144766 0.623496 0.0219531 0.0390746
0 0.595602 0.513213 0.0352969 0.0722879
0 0.548234 0.547159 0.0356875 0.078946
0 0.681219 0.511658 0.030875 0.0731877
2 0.3535 0.583406 0.114344 0.0751414
