56 0.513687 0.827105 0.125156 0.323609
56 0.728508 0.803346 0.106922 0.366917
60 0.631883 0.72968 0.216734 0.218985
68 0.324391 0.506654 0.094 0.148571
41 0.460273 0.509041 0.0121406 0.0411654
41 0.488734 0.514305 0.0109375 0.0394361
41 0.486047 0.486504 0.0104688 0.0234586
45 0.627141 0.664079 0.061125 0.110113
49 0.642773 0.632613 0.0147344 0.0340977
49 0.617555 0.638797 0.0120781 0.033985
49 0.618055 0.659342 0.0113906 0.0143233
56 0.649883 0.94156 0.133859 0.0909398
56 0.152789 0.806786 0.0442031 0.364549
56 0.126375 0.749662 0.0210625 0.279925
56 0.115422 0.792538 0.0348437 0.351842
56 0.0976484 0.755996 0.0190469 0.280714
56 0.0880078 0.937068 0.175266 0.125865
56 0.625125 0.59906 0.0539687 0.0509774
71 0.461094 0.52656 0.101781 0.0510902
45 0.627922 0.672162 0.0619062 0.0913158
45 0.412086 0.545 0.0363594 0.0317293
