58 0.8501 0.667274 0.1876 0.394608
0 0.4651 0.654292 0.54136 0.671175
74 0.15614 0.516747 0.09404 0.278313
41 0.92793 0.975241 0.03674 0.0485542
45 0.68871 0.301792 0.09254 0.0393675
45 0.58882 0.334849 0.07568 0.0410241
69 0.11042 0.940452 0.22084 0.0966265
58 0.95816 0.80994 0.05072 0.127169
41 0.00533 0.817861 0.01002 0.0768675
41 0.25641 0.751943 0.06142 0.113705
41 0.07328 0.796792 0.03768 0.0703313
41 0.14918 0.794307 0.04992 0.0701807
41 0.01149 0.827319 0.01042 0.0421084
45 0.68826 0.329217 0.08216 0.0445181
