17 0.53575 0.550632 0.40575 0.513911
0 0.54482 0.401967 0.0887031 0.438829
0 0.369203 0.37596 0.0607188 0.218852
17 0.351617 0.523103 0.297641 0.394262
8 0.974008 0.394297 0.0367969 0.0355738
8 0.879539 0.39534 0.0241406 0.00852459
8 0.819516 0.395258 0.0303438 0.0216628
8 0.179914 0.388618 0.0247344 0.0115222
8 0.16268 0.401393 0.0222344 0.0175878
8 0.144539 0.394005 0.0350781 0.0217799
8 0.0615078 0.395691 0.0150469 0.0106323
8 0.267477 0.391019 0.0184531 0.0174473
8 0.308023 0.389789 0.0200781 0.0148478
8 0.856891 0.387787 0.0143437 0.0124356
8 0.0853984 0.396944 0.0143281 0.0112178
8 0.941898 0.388302 0.0356719 0.0220375
8 0.758445 0.378571 0.0168594 0.0160656
