0 0.25258 0.280887 0.22472 0.341575
0 0.43686 0.407175 0.38472 0.64495
0 0.12731 0.694688 0.23658 0.564325
0 0.25592 0.599887 0.14064 0.383525
0 0.81708 0.3809 0.21032 0.4247
0 0.03243 0.717337 0.06486 0.175675
0 0.68114 0.59025 0.16476 0.25955
0 0.32087 0.201275 0.02458 0.04525
41 0.81366 0.801775 0.06276 0.08145
43 0.46489 0.724163 0.14246 0.059625
45 0.35498 0.886238 0.1582 0.132575
55 0.53393 0.7764 0.30922 0.1236
24 0.80723 0.391063 0.17618 0.227925
26 0.24904 0.345113 0.02212 0.137125
60 0.5435 0.839688 0.84664 0.298225
0 0.06944 0.899988 0.13888 0.200025
0 0.9396 0.690588 0.1208 0.581675
0 0.8202 0.659038 0.25876 0.451525
