32 0.0707656 0.861159 0.0675937 0.0930445
0 0.149172 0.528197 0.27975 0.711803
0 0.319008 0.274333 0.0535156 0.175082
0 0.389867 0.229742 0.0172656 0.063185
0 0.356383 0.235796 0.0172344 0.0533724
0 0.563211 0.227447 0.0113906 0.0532553
0 0.449523 0.226967 0.00957812 0.0536534
0 0.552562 0.227119 0.0133437 0.0613115
0 0.413867 0.2376 0.0129219 0.052904
0 0.401219 0.232237 0.0119063 0.0525761
0 0.494977 0.224508 0.0112969 0.0479391
0 0.474414 0.233255 0.0150469 0.047541
0 0.427805 0.237377 0.00954687 0.0448244
