34 0.42018 0.671963 0.0902344 0.0264486
35 0.339867 0.789871 0.0277656 0.0589953
0 0.485406 0.729217 0.177344 0.33035
0 0.267859 0.801869 0.175687 0.224579
0 0.789844 0.528143 0.0803438 0.266846
0 0.703539 0.519311 0.0797344 0.28035
0 0.628727 0.533458 0.0776719 0.266355
0 0.878758 0.535222 0.0687031 0.233762
0 0.535109 0.516682 0.0612812 0.16715
0 0.49593 0.469743 0.0551094 0.110748
0 0.451953 0.488797 0.0537813 0.108949
32 0.709602 0.768785 0.0201094 0.0232243
56 0.749406 0.152605 0.0310625 0.0388084
0 0.139836 0.754241 0.108766 0.319369
0 0.5945 0.548843 0.0556562 0.22993
0 0.921758 0.53236 0.0470781 0.209673
0 0.9565 0.530245 0.0519375 0.22979
56 0.382219 0.19771 0.0390625 0.021729
56 0.373992 0.189171 0.0868906 0.0369393
56 0.373953 0.157605 0.0442813 0.0253037
56 0.303852 0.161706 0.0273594 0.0278037
56 0.787039 0.111869 0.0223281 0.00995327
56 0.802867 0.0844509 0.0310156 0.0314252
