58 0.60418 0.189987 0.08092 0.13416
58 0.53971 0.107013 0.0983 0.088
75 0.76604 0.605867 0.15372 0.745493
75 0.39678 0.625 0.07116 0.15944
75 0.63585 0.626187 0.11358 0.58576
75 0.51541 0.59268 0.10438 0.421467
75 0.37214 0.502947 0.07076 0.26664
75 0.4165 0.431987 0.05872 0.353733
75 0.3263 0.3146 0.04356 0.12328
75 0.37435 0.3124 0.06894 0.123413
75 0.46127 0.2712 0.06038 0.109333
75 0.57771 0.618867 0.07018 0.450427
75 0.57695 0.27792 0.05258 0.0939733
75 0.52062 0.323893 0.0902 0.13744
75 0.45634 0.507973 0.0816 0.35008
