67 0.668307 0.63086 0.06808 0.09084
64 0.76812 0.82094 0.0954933 0.0768
66 0.419053 0.78476 0.30216 0.09212
66 0.128147 0.54618 0.256293 0.08988
66 0.106787 0.66301 0.20792 0.14902
73 0.851613 0.29881 0.0408267 0.11342
73 0.80048 0.1076 0.100053 0.2152
73 0.79976 0.28374 0.01872 0.10472
73 0.819987 0.29106 0.01992 0.10792
73 0.76292 0.27414 0.0652 0.11056
73 0.910867 0.12022 0.12584 0.22248
73 0.880933 0.30919 0.03808 0.1159
73 0.714373 0.2561 0.0172267 0.09364
73 0.812333 0.28954 0.02136 0.11164
62 0.154147 0.35829 0.300293 0.34962
62 0.378453 0.65443 0.362187 0.23322
73 0.895813 0.31579 0.0260267 0.11578
73 0.657107 0.24157 0.0193867 0.09034
73 0.94508 0.3345 0.10984 0.15188
