54 0.187531 0.226893 0.0656562 0.0553611
54 0.145523 0.254081 0.0561406 0.0473742
54 0.0914844 0.273184 0.0521563 0.0359519
54 0.0856172 0.261346 0.0416094 0.0360394
54 0.0975078 0.229912 0.0280469 0.0290591
54 0.0836797 0.194409 0.0502969 0.0317068
54 0.116961 0.154409 0.0391406 0.0279431
55 0.431648 0.0768381 0.157266 0.105624
55 0.554719 0.819387 0.1465 0.17326
54 0.160172 0.149551 0.0384375 0.0346827
54 0.110961 0.215252 0.0222656 0.0235011
54 0.137953 0.201904 0.0356875 0.0325602
54 0.179688 0.175252 0.0286875 0.0260394
54 0.233266 0.199234 0.0499375 0.0550547
55 0.713727 0.650919 0.145297 0.1386
55 0.780086 0.580492 0.131297 0.150788
55 0.511633 0.486258 0.106703 0.0963239
55 0.884602 0.607133 0.143547 0.162932
55 0.651164 0.568906 0.170203 0.145077
55 0.581266 0.643578 0.141187 0.13267
55 0.522234 0.696947 0.129844 0.137615
55 0.461727 0.760361 0.135984 0.157265
55 0.316234 0.551947 0.105719 0.116893
54 0.139984 0.310317 0.100063 0.0743326
55 0.278922 0.0453611 0.127656 0.0886214
55 0.638469 0.737429 0.140219 0.149912
