16 0.100586 0.82377 0.0299844 0.123653
3 0.303867 0.728056 0.171641 0.284871
63 0.516836 0.572073 0.0732656 0.0936066
24 0.346594 0.812681 0.0864062 0.120304
28 0.53375 0.803372 0.152938 0.110117
28 0.186055 0.837482 0.0777031 0.0804918
0 0.744977 0.423759 0.472703 0.834075
0 0.174305 0.643021 0.129234 0.470726
0 0.0487266 0.659543 0.0944531 0.465176
0 0.438375 0.649215 0.110062 0.248454
0 0.888836 0.635691 0.0773281 0.394052
0 0.672984 0.599344 0.102188 0.391429
0 0.268711 0.640199 0.112797 0.323958
0 0.522602 0.612518 0.0777969 0.281241
0 0.941344 0.667927 0.05475 0.299696
0 0.442695 0.455937 0.148984 0.249532
26 0.0776875 0.552436 0.0374688 0.106417
36 0.711562 0.860937 0.0400313 0.0757845
