17 0.320102 0.617974 0.289359 0.741569
17 0.847773 0.544122 0.151578 0.435504
17 0.685781 0.499356 0.12 0.459789
0 0.470781 0.316593 0.113937 0.215714
0 0.571672 0.422471 0.144063 0.415152
0 0.677656 0.235082 0.09475 0.171803
0 0.848992 0.368232 0.107203 0.377681
0 0.895266 0.398361 0.0748125 0.338126
0 0.0810312 0.508384 0.0498437 0.135222
0 0.109586 0.559274 0.0757031 0.140843
0 0.0516484 0.404192 0.0409844 0.120375
0 0.15693 0.412319 0.0287969 0.0760656
0 0.0590938 0.469625 0.0325625 0.087822
0 0.138078 0.422564 0.0329375 0.0724824
0 0.144305 0.488806 0.0297656 0.092178
0 0.10775 0.411475 0.0304375 0.100468
