6 0.498881 0.494943 0.957304 0.93933
0 0.380123 0.361577 0.0431209 0.10018
0 0.725637 0.313922 0.0403922 0.0757516
0 0.595458 0.340727 0.0512418 0.0762908
0 0.763448 0.316299 0.0438889 0.0671078
0 0.425327 0.327843 0.0825817 0.161634
0 0.522761 0.341609 0.0743791 0.100899
0 0.638521 0.327288 0.0440033 0.0851634
26 0.88277 0.421487 0.0208987 0.0394771
0 0.925253 0.400376 0.0862255 0.308693
0 0.86201 0.306757 0.0265686 0.0487092
0 0.839126 0.313529 0.0222386 0.0433987
0 0.589093 0.33625 0.0203758 0.0631536
0 0.812802 0.309134 0.0303431 0.0575163
