3 0.508609 0.730583 0.0347187 0.066625
3 0.347531 0.703458 0.0576875 0.0843333
3 0.0617734 0.774698 0.122547 0.188646
3 0.450148 0.700958 0.0525781 0.0990833
3 0.643836 0.844062 0.237734 0.149042
3 0.853203 0.891271 0.291344 0.213
3 0.790391 0.795823 0.10625 0.100979
3 0.960281 0.754167 0.0794375 0.126875
25 0.839687 0.541479 0.320625 0.123333
0 0.309977 0.723 0.0977656 0.177458
0 0.0887656 0.722156 0.0445625 0.173729
0 0.0552813 0.733208 0.0513125 0.195333
0 0.174383 0.661729 0.0492344 0.159875
0 0.348773 0.643177 0.0287344 0.0465208
0 0.452508 0.667781 0.0376719 0.114604
0 0.648031 0.844948 0.176969 0.283146
0 0.650625 0.671927 0.032375 0.101813
0 0.691219 0.761219 0.0560625 0.196146
0 0.590367 0.707073 0.0410469 0.176437
0 0.557797 0.650885 0.0334062 0.0822292
0 0.510758 0.685333 0.0495469 0.134417
2 0.588719 0.618594 0.044125 0.0477708
3 0.772594 0.865375 0.176719 0.125542
3 0.944016 0.93174 0.111969 0.136521
1 0.544945 0.641073 0.00926562 0.0317708
3 0.298961 0.788573 0.119953 0.162479
3 0.560297 0.689417 0.0259688 0.056125
0 0.470125 0.637927 0.0256875 0.0666458
1 0.17968 0.734906 0.0634219 0.129896
2 0.636297 0.608042 0.01925 0.031
3 0.622023 0.65601 0.0202656 0.0417708
