3 0.499523 0.730044 0.416266 0.309409
74 0.522633 0.603239 0.00645312 0.00796499
77 0.625391 0.593928 0.0908438 0.264792
0 0.523422 0.627582 0.156187 0.371926
0 0.917852 0.744945 0.163672 0.487659
0 0.690102 0.427659 0.0182031 0.077593
0 0.184719 0.541214 0.0485 0.253457
0 0.154438 0.552681 0.0575312 0.261028
0 0.399641 0.471072 0.0340625 0.195317
0 0.424258 0.496543 0.0245469 0.164726
0 0.0660469 0.504519 0.0569063 0.215821
0 0.929516 0.425952 0.0386562 0.14884
0 0.522602 0.449519 0.0333594 0.107002
0 0.269594 0.525875 0.0739375 0.245667
0 0.590336 0.452505 0.0400156 0.0829978
2 0.296781 0.404945 0.07225 0.0572429
2 0.178844 0.374814 0.051375 0.0293654
9 0.494211 0.220766 0.0130156 0.0419694
9 0.46143 0.199322 0.0136094 0.0474398
24 0.44132 0.483118 0.0244219 0.0412473
24 0.0563203 0.462877 0.0340156 0.0698687
0 0.805836 0.423895 0.0242344 0.118249
