32 0.542578 0.86418 0.060375 0.0822717
0 0.678859 0.5287 0.0178125 0.0348244
0 0.533383 0.500187 0.0565156 0.209836
0 0.226641 0.57411 0.4305 0.660117
0 0.388117 0.51137 0.0775156 0.272623
0 0.811914 0.499379 0.0732969 0.273981
0 0.744742 0.493337 0.0429219 0.200632
0 0.586938 0.511265 0.0552188 0.210398
0 0.961273 0.506054 0.0413594 0.210656
0 0.422648 0.50315 0.0432031 0.207518
0 0.192664 0.506054 0.0434844 0.168548
0 0.727531 0.344977 0.0176563 0.0270023
0 0.498992 0.506405 0.0552344 0.212108
0 0.94807 0.430972 0.0155781 0.0471897
56 0.793281 0.325199 0.015125 0.0207963
56 0.898555 0.0501288 0.0150156 0.0166979
56 0.962031 0.102155 0.0170313 0.0215925
