14 0.655187 0.352211 0.0921077 0.0609844
0 0.142564 0.926039 0.0787588 0.147922
0 0.787283 0.97525 0.0883372 0.0495
0 0.79918 0.774 0.0347541 0.053
0 0.670831 0.690664 0.0166042 0.0405781
0 0.660855 0.690266 0.014918 0.0403437
0 0.414766 0.709359 0.0244731 0.026375
0 0.628607 0.689977 0.0229274 0.0399219
0 0.480691 0.680766 0.02363 0.0476875
8 0.188478 0.656875 0.0219672 0.00896875
8 0.167588 0.65943 0.0329742 0.00517188
0 0.264028 0.735758 0.035363 0.0499844
0 0.974485 0.721313 0.0174005 0.0148437
0 0.314953 0.707383 0.0167916 0.0213906
0 0.143185 0.708359 0.025808 0.048
0 0.201792 0.715047 0.021007 0.0225625
