36 0.577484 0.768408 0.128156 0.130879
0 0.734594 0.285576 0.0268125 0.0369727
0 0.586516 0.323867 0.197031 0.305703
0 0.540891 0.276846 0.201906 0.347871
0 0.654023 0.40668 0.148672 0.238789
0 0.665164 0.617295 0.298422 0.503379
0 0.771234 0.382598 0.141031 0.164023
0 0.827586 0.401387 0.0877969 0.126523
0 0.865594 0.412432 0.0670625 0.140996
0 0.917125 0.474287 0.063 0.134941
0 0.85207 0.516318 0.128266 0.197949
0 0.707344 0.413105 0.179406 0.290391
0 0.941469 0.586973 0.1155 0.252344
0 0.472687 0.252969 0.207906 0.339141
36 0.1105 0.209219 0.156562 0.110273
