27 0.271323 0.0664297 0.0134192 0.0229844
3 0.548618 0.57293 0.902763 0.747203
0 0.747728 0.178656 0.21555 0.348312
0 0.451393 0.093 0.110515 0.184344
0 0.594227 0.110195 0.116323 0.218984
0 0.882717 0.12632 0.10178 0.251922
0 0.936019 0.154898 0.127963 0.276828
0 0.154485 0.123219 0.0982436 0.237687
0 0.261581 0.0798438 0.254824 0.145969
0 0.528653 0.0581875 0.0816159 0.116375
0 0.398852 0.323719 0.574988 0.463687
0 0.31329 0.134313 0.147611 0.145375
3 0.935761 0.387992 0.128478 0.278953
0 0.641991 0.112711 0.0525059 0.218578
