62 0.54182 0.404906 0.103141 0.123354
60 0.322875 0.771948 0.521594 0.456104
65 0.561344 0.508583 0.0288438 0.0125
56 0.470227 0.819104 0.286516 0.339333
56 0.194664 0.80674 0.210672 0.386521
56 0.384984 0.543917 0.0709687 0.073875
56 0.147937 0.538031 0.088375 0.0827708
56 0.0640469 0.760667 0.101125 0.40225
56 0.72993 0.560094 0.130172 0.167187
56 0.492133 0.586958 0.0876406 0.101125
75 0.202313 0.546135 0.0334062 0.0979792
57 0.945828 0.541948 0.108344 0.164563
67 0.0687969 0.458844 0.0142813 0.0324792
