58 0.962234 0.786038 0.0755313 0.164402
58 0.434648 0.478905 0.215984 0.547336
73 0.549734 0.285564 0.0056875 0.0599323
73 0.736977 0.29263 0.00704687 0.0481941
73 0.745445 0.289334 0.0194844 0.0513544
73 0.713148 0.291467 0.00407813 0.0530023
73 0.788648 0.290677 0.0305781 0.0530926
2 0.807688 0.369379 0.0469062 0.0294131
39 0.768695 0.215948 0.0305156 0.0632731
39 0.688117 0.207122 0.0238281 0.0688262
39 0.601609 0.368341 0.0104375 0.0563657
39 0.614023 0.367065 0.0112344 0.0550339
60 0.892758 0.890034 0.214484 0.219932
73 0.571758 0.268702 0.00773437 0.0260722
73 0.589375 0.287709 0.00584375 0.0580813
73 0.553945 0.28614 0.00539063 0.0574266
75 0.768648 0.213555 0.0314219 0.0686005
75 0.687609 0.211998 0.0249062 0.0587585
