16 0.234204 0.679803 0.0769108 0.160985
38 0.905876 0.798732 0.0948408 0.0797291
38 0.738217 0.836404 0.0664013 0.325714
38 0.638471 0.84367 0.029172 0.277586
38 0.446775 0.812475 0.0692516 0.228498
38 0.528957 0.867635 0.0213217 0.263251
38 0.262317 0.867475 0.067086 0.265049
38 0.250303 0.612365 0.0869745 0.0950739
0 0.846258 0.728091 0.140924 0.516872
0 0.776632 0.287352 0.116863 0.32766
0 0.659578 0.288768 0.12785 0.33931
0 0.436115 0.729064 0.0988217 0.53931
0 0.333416 0.722475 0.123487 0.532586
0 0.112596 0.571909 0.117675 0.707857
0 0.436561 0.277525 0.129299 0.343818
0 0.239005 0.442217 0.13371 0.2567
0 0.195987 0.720135 0.183312 0.559729
0 0.629753 0.727475 0.0917357 0.511256
0 0.363742 0.445911 0.108471 0.271478
16 0.160422 0.699446 0.0897293 0.239286
16 0.138702 0.635443 0.0651115 0.157389
0 0.554371 0.457241 0.0930732 0.242906
0 0.73801 0.457069 0.129299 0.246749
