36 0.253729 0.666656 0.269454 0.123031
36 0.728907 0.551336 0.376675 0.0412969
0 0.644121 0.35757 0.599359 0.381984
0 0.312387 0.506055 0.553373 0.399641
0 0.364086 0.642203 0.14019 0.132625
0 0.487791 0.644195 0.111354 0.0892969
0 0.622779 0.66168 0.0684561 0.0422969
0 0.13323 0.617977 0.0751544 0.0808906
0 0.823587 0.619789 0.159762 0.127609
0 0.958907 0.58957 0.0778147 0.0836406
0 0.869442 0.585758 0.0449169 0.0422344
0 0.447363 0.600023 0.0835154 0.0750781
0 0.937648 0.545305 0.0414252 0.0425781
0 0.669929 0.635727 0.0813777 0.0773281
0 0.900475 0.58218 0.0355344 0.0362969
