39 0.40334 0.251126 0.09428 0.352823
39 0.20669 0.231682 0.10334 0.422402
56 0.76376 0.210811 0.06552 0.184204
0 0.87648 0.158574 0.24656 0.313784
41 0.51558 0.267853 0.09728 0.249459
41 0.29783 0.319249 0.1287 0.265165
41 0.0615 0.347988 0.108 0.279279
42 0.22997 0.631426 0.41214 0.0964264
43 0.79484 0.625841 0.41032 0.0831532
45 0.11592 0.471096 0.08512 0.102613
45 0.22148 0.473048 0.08528 0.107958
53 0.53025 0.664429 0.6855 0.506757
43 0.74863 0.411712 0.06474 0.0756156
0 0.53832 0.183859 0.43156 0.367718
0 0.16347 0.142162 0.32694 0.284324
41 0.2199 0.473874 0.08756 0.105646
60 0.5 0.636366 1 0.685706
41 0.11595 0.468003 0.08238 0.102072
