62 0.1568 0.384745 0.15232 0.251111
39 0.46548 0.4 0.01432 0.0774174
39 0.49987 0.391066 0.01754 0.0752853
39 0.44652 0.411471 0.01616 0.0544745
56 0.66905 0.741246 0.21814 0.321712
56 0.71809 0.46539 0.08434 0.288919
62 0.34361 0.514339 0.04374 0.126877
0 0.58659 0.588559 0.21274 0.359159
64 0.4916 0.512658 0.01632 0.0211111
66 0.49743 0.597282 0.03654 0.122613
2 0.71162 0.240991 0.1472 0.113874
39 0.52131 0.388498 0.01518 0.0921321
73 0.94635 0.140646 0.04606 0.11042
73 0.90587 0.440135 0.0939 0.0797898
73 0.93233 0.513649 0.07798 0.0805706
