17 0.44493 0.499448 0.180797 0.209146
17 0.644586 0.519479 0.246266 0.232917
17 0.723953 0.509885 0.187594 0.227896
0 0.497055 0.361896 0.0403906 0.0811667
0 0.893977 0.30124 0.0154219 0.101979
17 0.657281 0.281677 0.08775 0.136896
17 0.299687 0.450417 0.0862813 0.233583
17 0.969664 0.328646 0.0272969 0.0972083
17 0.416094 0.290969 0.0858437 0.115729
17 0.306328 0.302135 0.0880313 0.0772708
0 0.718141 0.388573 0.0375937 0.102521
0 0.752461 0.357187 0.0270781 0.126167
0 0.588398 0.262854 0.0248906 0.05375
0 0.596766 0.293583 0.0322812 0.118375
0 0.969789 0.276073 0.0436406 0.117271
17 0.535375 0.406135 0.0550937 0.0638125
17 0.360687 0.417083 0.0730313 0.209042
17 0.205555 0.308021 0.0875781 0.134417
17 0.70275 0.295052 0.0508125 0.114229
0 0.776914 0.314031 0.0270469 0.0411042
0 0.379664 0.351292 0.0256719 0.11125
0 0.880117 0.296531 0.0127969 0.0783125
0 0.708555 0.249281 0.0302031 0.0839792
