16 0.30475 0.846131 0.123042 0.286845
39 0.276781 0.487336 0.0251042 0.0859226
39 0.566823 0.469375 0.0250208 0.105476
57 0.873875 0.83994 0.248375 0.298929
56 0.170271 0.853601 0.145042 0.2725
13 0.0874062 0.944211 0.172104 0.111577
73 0.807948 0.704955 0.0456458 0.044375
73 0.712396 0.705387 0.00608333 0.0390476
73 0.719812 0.705104 0.00408333 0.0413988
73 0.749187 0.707634 0.00766667 0.0406845
73 0.763542 0.707887 0.008 0.0406548
73 0.865417 0.702872 0.00645833 0.0373512
73 0.898198 0.70436 0.0066875 0.038125
73 0.718094 0.758051 0.00785417 0.0337202
73 0.838833 0.704479 0.006625 0.038244
73 0.877188 0.706979 0.010375 0.0421726
73 0.904448 0.700967 0.0089375 0.0404464
75 0.437229 0.451012 0.0372917 0.148274
75 0.593427 0.478646 0.0183125 0.0903869
75 0.507365 0.442262 0.0322708 0.161964
40 0.540542 0.492515 0.025125 0.0656845
40 0.472854 0.490833 0.0301667 0.075
40 0.645615 0.48756 0.0346042 0.0745833
73 0.914479 0.693348 0.01 0.0239583
75 0.616771 0.492426 0.01625 0.0696726
75 0.727646 0.479955 0.0327083 0.0865179
75 0.682333 0.462411 0.045625 0.126488
75 0.340865 0.478021 0.0184792 0.0949702
75 0.371479 0.457455 0.0399167 0.135982
75 0.405781 0.488765 0.0223542 0.0723512
75 0.305 0.466473 0.039625 0.120565
75 0.541781 0.493348 0.0249792 0.0609821
73 0.850417 0.703646 0.00691667 0.0408631
