2 0.09775 0.423224 0.1925 0.366306
2 0.414453 0.375553 0.240719 0.186071
2 0.513211 0.375576 0.207703 0.198635
2 0.637031 0.351 0.29975 0.197953
2 0.814781 0.355624 0.113406 0.107859
2 0.740414 0.313565 0.0484219 0.0212941
0 0.667047 0.330071 0.393969 0.656188
0 0.501492 0.313435 0.0197031 0.0346353
2 0.868391 0.352776 0.0517813 0.102729
2 0.850852 0.298282 0.0410156 0.0113882
7 0.279969 0.389106 0.455687 0.323482
36 0.688039 0.664824 0.178234 0.0653176
2 0.927898 0.350753 0.144203 0.109741
59 0.655461 0.749012 0.550516 0.305694
