8 0.189122 0.492367 0.27356 0.0280781
8 0.115457 0.506492 0.227822 0.0200156
8 0.410984 0.502188 0.141358 0.0265625
0 0.701569 0.572102 0.16 0.347641
8 0.797506 0.946258 0.404988 0.107484
8 0.0709836 0.467195 0.0324122 0.0108281
8 0.944988 0.501742 0.0690398 0.0296719
8 0.0900585 0.467891 0.0403044 0.00584375
8 0.883548 0.558953 0.231686 0.0567187
8 0.0766745 0.564039 0.152365 0.0608594
8 0.53096 0.525898 0.120047 0.0418594
8 0.824625 0.616117 0.349953 0.0377656
8 0.33041 0.93375 0.601756 0.108375
