2 0.902891 0.744954 0.187437 0.208986
9 0.0772656 0.296705 0.0467813 0.111567
9 0.272836 0.28879 0.0532656 0.12477
26 0.222633 0.729781 0.0401719 0.0934332
26 0.101539 0.758341 0.0339531 0.050553
26 0.659273 0.661717 0.0129531 0.0376267
26 0.495187 0.71015 0.0180625 0.0301613
2 0.795008 0.707431 0.101828 0.170392
1 0.608438 0.686728 0.0331562 0.0860829
1 0.559047 0.687615 0.0295625 0.0627419
1 0.190797 0.724608 0.0555312 0.147604
1 0.620008 0.664528 0.0114219 0.0442627
7 0.358977 0.692177 0.154047 0.238456
9 0.751586 0.115806 0.0385469 0.05
26 0.470727 0.68106 0.0239219 0.0383871
26 0.529023 0.66515 0.0140781 0.0209447
26 0.748586 0.64871 0.0183906 0.0335484
0 0.23018 0.754286 0.0697969 0.274931
0 0.493336 0.685634 0.0343594 0.122097
0 0.471406 0.685242 0.0310625 0.126475
0 0.0425859 0.679113 0.0358594 0.1603
0 0.0144297 0.677869 0.0288594 0.157811
0 0.674344 0.681797 0.0258125 0.126313
0 0.691812 0.667684 0.0199063 0.127074
0 0.445484 0.631302 0.0140625 0.0425576
0 0.535789 0.680392 0.0252344 0.13424
0 0.577883 0.644194 0.0188281 0.0335484
0 0.710656 0.672972 0.03725 0.129862
2 0.435977 0.691624 0.0376406 0.183664
0 0.742344 0.620346 0.0200313 0.0431797
0 0.131742 0.766959 0.120328 0.31659
26 0.00407813 0.675518 0.00778125 0.0330184
