56 0.911289 0.911833 0.177422 0.154833
56 0.161633 0.947198 0.190734 0.0861875
56 0.97325 0.493823 0.0535 0.0918958
56 0.820414 0.449635 0.123641 0.106021
56 0.656172 0.413417 0.102719 0.067625
56 0.103484 0.435302 0.097 0.0629792
41 0.28018 0.486969 0.0295156 0.0535625
64 0.454211 0.717313 0.712797 0.119083
0 0.705836 0.236906 0.113609 0.363979
0 0.535117 0.226969 0.0893281 0.278646
0 0.450602 0.25549 0.0948594 0.297563
0 0.342391 0.254094 0.0990313 0.336479
0 0.219945 0.255052 0.106172 0.393271
0 0.951687 0.252812 0.096625 0.429208
0 0.110367 0.271646 0.104391 0.412708
0 0.61993 0.244375 0.0743281 0.288292
0 0.291383 0.240323 0.0722031 0.260771
0 0.766867 0.225812 0.0615156 0.362417
56 0.165992 0.314656 0.0383906 0.0681458
56 0.379086 0.324583 0.0175781 0.0796667
56 0.0665 0.38075 0.0385 0.102708
63 0.439047 0.810865 0.328656 0.359563
63 0.852695 0.545229 0.161859 0.198333
63 0.267133 0.669656 0.237641 0.287646
63 0.0934531 0.570552 0.186906 0.222771
63 0.0895391 0.497604 0.134891 0.122708
63 0.367367 0.406656 0.127641 0.0997708
63 0.707766 0.457208 0.125 0.123875
63 0.648266 0.747646 0.300094 0.329917
63 0.573102 0.433167 0.128234 0.0894583
73 0.674813 0.644302 0.0809375 0.0913125
0 0.863961 0.297917 0.133953 0.32725
41 0.694672 0.534552 0.0309063 0.0661875
41 0.189156 0.487667 0.0276563 0.0673333
63 0.936102 0.510052 0.127734 0.120146
63 0.0245156 0.523438 0.0405 0.135958
63 0.243312 0.434083 0.154969 0.107417
0 0.0346641 0.280073 0.0693281 0.384396
73 0.691875 0.683198 0.066 0.0731042
56 0.2785 0.395896 0.104656 0.0594167
56 0.547086 0.396854 0.103453 0.0786667
