0 0.256477 0.907385 0.203734 0.0778542
0 0.724438 0.733698 0.137625 0.0914375
0 0.361367 0.747854 0.0509219 0.13325
0 0.486609 0.658604 0.0254375 0.114875
0 0.511445 0.655417 0.0246094 0.096625
0 0.983516 0.61225 0.0329688 0.0444167
0 0.565937 0.677385 0.057625 0.0276875
0 0.786711 0.636354 0.0532344 0.0170417
25 0.250281 0.646813 0.490437 0.570792
25 0.182867 0.139479 0.362359 0.265167
25 0.277422 0.567573 0.307531 0.0713125
25 0.0732031 0.609719 0.0958438 0.0471042
0 0.0233047 0.950625 0.0457656 0.09875
0 0.0124844 0.787052 0.0241875 0.113562
0 0.187336 0.696635 0.0162344 0.0395625
0 0.39732 0.72251 0.0327031 0.0316458
56 0.36068 0.939115 0.0662031 0.121771
0 0.216602 0.66625 0.0124531 0.0423333
25 0.514516 0.585417 0.066125 0.0336667
25 0.663859 0.529323 0.152094 0.0495208
25 0.793828 0.612979 0.212344 0.368833
25 0.828063 0.602979 0.115719 0.173583
25 0.933117 0.428573 0.132453 0.166229
25 0.561852 0.628052 0.0825781 0.165604
25 0.115984 0.629385 0.107406 0.0469792
25 0.186562 0.620177 0.0722812 0.0409375
25 0.232766 0.622635 0.052 0.0320625
