74 0.412917 0.364859 0.291292 0.222969
0 0.58824 0.87357 0.178687 0.252859
0 0.376 0.885594 0.1295 0.227469
0 0.471052 0.846242 0.0603125 0.151734
0 0.342427 0.806664 0.0493125 0.0746406
0 0.535865 0.793703 0.0395208 0.052
2 0.799385 0.795844 0.0886875 0.0792188
2 0.685083 0.810742 0.093875 0.0612969
26 0.437823 0.841313 0.0151875 0.0253125
0 0.430427 0.797516 0.0273958 0.0616563
0 0.509115 0.802766 0.0378125 0.08
0 0.414135 0.795797 0.0248958 0.0256563
0 0.487396 0.782578 0.021 0.031875
0 0.474302 0.780375 0.0182708 0.029625
0 0.726854 0.762687 0.011125 0.0248438
26 0.328365 0.946234 0.0367292 0.0664375
0 0.93699 0.764227 0.0155625 0.0177031
2 0.519719 0.756852 0.0240625 0.0191094
