0 0.812906 0.65657 0.373406 0.572562
0 0.914227 0.239783 0.170891 0.312996
0 0.80107 0.0867045 0.179984 0.171054
0 0.650945 0.0846694 0.127203 0.114545
0 0.205102 0.0829855 0.0665469 0.0888223
34 0.544773 0.131384 0.142391 0.256446
0 0.518383 0.717407 0.255859 0.344112
35 0.726805 0.786736 0.0970469 0.127314
0 0.0650391 0.0722727 0.127234 0.116405
0 0.724688 0.593058 0.121812 0.276446
0 0.501867 0.0676446 0.165516 0.135289
0 0.314414 0.0685537 0.0917031 0.130372
0 0.506789 0.528574 0.471422 0.906488
0 0.783539 0.132304 0.159578 0.214194
0 0.274641 0.0353616 0.110531 0.0682025
