1 0.222047 0.979531 0.056 0.040939
2 0.576758 0.95196 0.0544219 0.0212911
0 0.407461 0.968028 0.0449531 0.06277
0 0.0924531 0.953122 0.0134062 0.0548357
0 0.0741563 0.943157 0.009375 0.0470188
0 0.101516 0.956784 0.0129062 0.0553521
2 0.645953 0.953932 0.0627188 0.0271127
7 0.37025 0.925692 0.160031 0.146878
7 0.882289 0.87189 0.228922 0.256221
9 0.411586 0.791667 0.0292031 0.0193897
9 0.454734 0.808838 0.01975 0.0529343
1 0.271406 0.981596 0.0354688 0.0368075
9 0.204516 0.809883 0.027625 0.0176995
9 0.160102 0.801796 0.0154531 0.0121362
0 0.0499844 0.95 0.0154062 0.0644601
0 0.0661094 0.948592 0.0112187 0.0550235
0 0.0230703 0.95034 0.0221406 0.0808216
0 0.0394453 0.944038 0.0118281 0.0547418
0 0.0600938 0.944613 0.00715625 0.0480986
9 0.154852 0.860915 0.00989063 0.0368545
0 0.105453 0.926432 0.0055 0.00962441
0 0.686484 0.947723 0.0144687 0.0311737
0 0.704438 0.952993 0.011625 0.0419014
0 0.730844 0.967523 0.016375 0.0649531
