56 0.665156 0.97299 0.01625 0.0540208
56 0.693383 0.9715 0.0207031 0.0314167
33 0.639625 0.750042 0.0293438 0.0323333
33 0.510539 0.490906 0.0316406 0.0454375
33 0.848414 0.383188 0.0997656 0.116625
33 0.284906 0.449365 0.0161563 0.0245208
33 0.39125 0.69076 0.0224375 0.00902083
33 0.482961 0.737729 0.0208906 0.026875
0 0.408328 0.936844 0.060375 0.126312
0 0.598734 0.900646 0.0209375 0.05225
0 0.632508 0.951458 0.0227969 0.0899583
0 0.211055 0.931833 0.0520469 0.132792
2 0.363961 0.908396 0.0620781 0.0465833
2 0.382859 0.883823 0.0354688 0.0196458
33 0.282313 0.165625 0.00875 0.01525
56 0.802984 0.965552 0.022625 0.0392292
0 0.0608828 0.903385 0.0203281 0.0561458
0 0.88293 0.949365 0.0987969 0.101271
0 0.961406 0.969198 0.050625 0.0616042
0 0.922234 0.954125 0.025625 0.0527917
0 0.672117 0.95049 0.0310156 0.0478542
0 0.781617 0.915396 0.0184844 0.03225
0 0.605648 0.937979 0.0207656 0.109875
7 0.494625 0.917146 0.124562 0.08
56 0.743867 0.959729 0.0264531 0.033
56 0.827055 0.970448 0.0298281 0.0591042
56 0.67782 0.951677 0.0124219 0.0113958
0 0.491094 0.947812 0.0238438 0.05
2 0.933453 0.912656 0.0538125 0.0351875
2 0.917391 0.886135 0.0232187 0.0152292
2 0.86175 0.887271 0.0152187 0.00783333
33 0.739773 0.740729 0.0188906 0.012375
33 0.476789 0.825115 0.0132031 0.0194792
33 0.886297 0.841771 0.0337812 0.049625
0 0.248008 0.935156 0.0884219 0.129688
