36 0.5109 0.44876 0.18624 0.32888
36 0.32106 0.47972 0.13968 0.0388533
36 0.93826 0.44692 0.1198 0.0300533
0 0.58736 0.316853 0.33204 0.570773
0 0.34933 0.200187 0.05942 0.15648
0 0.2506 0.172267 0.0598 0.169013
0 0.34946 0.10052 0.10608 0.18904
0 0.44437 0.17888 0.0815 0.1752
0 0.34298 0.28988 0.17696 0.37304
0 0.13774 0.32444 0.06936 0.274267
0 0.03351 0.34764 0.06702 0.272027
0 0.95 0.24944 0.1 0.435947
0 0.82189 0.219787 0.0781 0.23648
0 0.86647 0.13572 0.06822 0.197573
13 0.83442 0.29976 0.18088 0.19008
24 0.22955 0.431507 0.06826 0.0975733
0 0.86049 0.294707 0.08646 0.234107
0 0.79491 0.1022 0.10202 0.201947
24 0.03697 0.171427 0.05502 0.03832
