2 0.249094 0.74029 0.0901875 0.0813193
2 0.3355 0.751939 0.0948438 0.0827177
5 0.674031 0.69438 0.517656 0.382005
2 0.0504844 0.73347 0.0496562 0.0476781
2 0.959016 0.737045 0.0819688 0.0732454
0 0.955852 0.689512 0.0130156 0.0259367
2 0.395664 0.764657 0.0312344 0.0779683
2 0.386625 0.729617 0.0446875 0.0343799
7 0.169586 0.734749 0.0726719 0.0770976
9 0.603672 0.436438 0.0166563 0.0663325
0 0.923688 0.710356 0.015125 0.0514248
2 0.105117 0.737823 0.0582969 0.0475726
0 0.978539 0.716768 0.00814063 0.00883905
