33 0.791555 0.281482 0.201266 0.297186
0 0.552109 0.764681 0.0379375 0.0672608
0 0.402398 0.687073 0.110203 0.356098
0 0.127953 0.691989 0.022625 0.0338837
0 0.108508 0.728462 0.0286719 0.115047
0 0.82907 0.745732 0.119766 0.349212
0 0.178734 0.731154 0.0242812 0.0777298
0 0.195289 0.734991 0.0463906 0.119362
0 0.279969 0.751857 0.030625 0.0639024
0 0.14818 0.732636 0.0365156 0.105159
0 0.0656328 0.724662 0.0329844 0.118593
9 0.241813 0.656735 0.0114062 0.0210131
9 0.259148 0.655366 0.00720313 0.0159099
56 0.620773 0.776792 0.0273281 0.0478049
56 0.648664 0.776792 0.0393594 0.0628518
56 0.435664 0.770863 0.0250156 0.0469794
56 0.757805 0.785882 0.0279844 0.0429081
56 0.344734 0.753462 0.0285 0.0261351
0 0.262695 0.704071 0.0247656 0.0969606
0 0.909336 0.733977 0.0231406 0.0586492
0 0.936187 0.730253 0.0343437 0.0613696
9 0.228836 0.632402 0.00920312 0.0255159
56 0.912367 0.764597 0.00564062 0.0130957
