39 0.513977 0.195701 0.0289219 0.11182
0 0.315273 0.224038 0.215797 0.444686
0 0.883508 0.504498 0.232984 0.285397
42 0.767547 0.640596 0.053625 0.164833
55 0.654391 0.572008 0.18825 0.194226
63 0.30043 0.561799 0.600859 0.876402
63 0.751563 0.387238 0.424781 0.475314
39 0.474461 0.174425 0.0208906 0.092364
39 0.167984 0.0258787 0.0160313 0.0420502
40 0.406258 0.0774686 0.0149844 0.0330962
40 0.436609 0.0765586 0.0138437 0.0326151
40 0.461672 0.0787762 0.0107188 0.0323222
40 0.143562 0.0224059 0.0299375 0.0424686
40 0.494539 0.0853661 0.00973437 0.0158787
41 0.600984 0.422113 0.130187 0.283389
41 0.939484 0.2266 0.0289687 0.0701464
40 0.477539 0.0615272 0.0219219 0.0670711
40 0.499242 0.0594247 0.0191719 0.0673849
40 0.449391 0.0548954 0.0164063 0.0754393
40 0.423648 0.0821548 0.0131719 0.0210879
