67 0.684672 0.457646 0.036375 0.0486885
0 0.644695 0.521347 0.245891 0.417963
46 0.794172 0.648255 0.121313 0.102365
47 0.446164 0.816183 0.0540469 0.0774239
47 0.507156 0.755094 0.394937 0.233372
49 0.21293 0.811991 0.0476094 0.068993
49 0.206516 0.756827 0.0499375 0.0600234
49 0.283719 0.672494 0.045625 0.0671429
49 0.316805 0.706897 0.0386719 0.0567916
49 0.282219 0.731347 0.045625 0.0625995
49 0.141508 0.772447 0.0457031 0.0659719
49 0.11825 0.818208 0.04725 0.0659251
49 0.165391 0.757424 0.034375 0.0523653
49 0.165594 0.818326 0.0491875 0.0753864
49 0.249117 0.844918 0.0383281 0.0374707
49 0.236 0.732834 0.049125 0.0777986
49 0.13125 0.715504 0.01925 0.0377049
49 0.198234 0.7163 0.0438125 0.0641218
