2 0.858359 0.833781 0.031125 0.0239792
0 0.132406 0.952052 0.0411875 0.0928125
0 0.86725 0.855198 0.0204688 0.0568542
33 0.603406 0.452323 0.107094 0.151646
33 0.540789 0.102771 0.0719531 0.137375
33 0.780375 0.320031 0.109344 0.121687
33 0.618547 0.543823 0.0328125 0.0388958
33 0.748984 0.408833 0.203281 0.182583
33 0.167648 0.494115 0.109422 0.174104
33 0.627531 0.833 0.322187 0.178083
33 0.408781 0.848323 0.07025 0.0816875
33 0.733695 0.401333 0.215328 0.227375
33 0.655641 0.622458 0.195281 0.121375
33 0.431492 0.729333 0.150922 0.156
2 0.809812 0.840885 0.0297187 0.0165208
2 0.909617 0.831021 0.0164844 0.022375
33 0.842945 0.0443542 0.0732656 0.0887083
33 0.0947344 0.730417 0.0369063 0.0487083
