27 0.835977 0.323525 0.0345469 0.212998
27 0.258578 0.318044 0.0388125 0.187658
27 0.63518 0.329391 0.0381406 0.201967
0 0.5345 0.437073 0.169406 0.784262
0 0.838906 0.43815 0.103781 0.678642
0 0.682422 0.47144 0.151031 0.715995
0 0.927219 0.46192 0.14325 0.781311
0 0.253281 0.300948 0.177125 0.386112
0 0.782062 0.360445 0.0611563 0.372974
0 0.723648 0.240867 0.0941094 0.228993
0 0.453953 0.350937 0.136813 0.568384
0 0.210562 0.178138 0.0409687 0.0559485
0 0.0823828 0.297096 0.0349531 0.125293
27 0.105992 0.269145 0.00617188 0.0402576
67 0.265563 0.320316 0.0175313 0.0323888
0 0.106172 0.2924 0.0371875 0.133044
0 0.72932 0.199813 0.0249531 0.0290867
67 0.631227 0.418993 0.0176094 0.0357377
