54 0.423023 0.79872 0.0655781 0.0864228
54 0.348828 0.752439 0.0601875 0.0800813
54 0.269727 0.656037 0.0654844 0.0639024
54 0.240258 0.555732 0.0467656 0.0502846
54 0.154219 0.510244 0.0439688 0.0486585
54 0.475266 0.836636 0.0703125 0.0868902
54 0.396773 0.700132 0.0588281 0.0688008
54 0.300266 0.717724 0.0675937 0.0708537
54 0.312188 0.61876 0.0595313 0.0662195
54 0.276102 0.598587 0.0535469 0.0522561
54 0.477523 0.737012 0.0619219 0.0752033
54 0.350406 0.67061 0.06425 0.0681707
54 0.441094 0.653567 0.0715937 0.0686382
