15 0.764328 0.68475 0.409312 0.479917
15 0.415508 0.469677 0.209078 0.190729
59 0.500844 0.660312 0.998312 0.6435
77 0.215281 0.232937 0.12875 0.109292
73 0.745391 0.286385 0.0250312 0.0431875
73 0.754148 0.294073 0.0371094 0.0734375
73 0.759055 0.306219 0.0394844 0.0826042
73 0.774898 0.290385 0.0262344 0.0504792
73 0.803055 0.278604 0.0167656 0.0345
73 0.829609 0.272656 0.0112187 0.0296042
73 0.847734 0.283385 0.0256563 0.0568125
73 0.800648 0.255 0.0185156 0.022125
73 0.783734 0.298187 0.0329375 0.0660417
