39 0.424195 0.384917 0.0553281 0.2395
39 0.287102 0.423115 0.0645156 0.174187
39 0.261758 0.473062 0.0617969 0.240083
39 0.400703 0.325573 0.0384375 0.184062
39 0.222977 0.505156 0.0892656 0.288938
39 0.198445 0.401083 0.0692969 0.195167
56 0.89775 0.674156 0.2045 0.651687
56 0.177367 0.765958 0.349047 0.468083
60 0.511063 0.760271 0.727313 0.426958
42 0.250117 0.752448 0.104641 0.156646
42 0.210297 0.75174 0.0941562 0.0410625
44 0.45093 0.469771 0.0413281 0.0746667
45 0.599695 0.600521 0.0967344 0.086
45 0.53125 0.427927 0.150344 0.0923542
45 0.355109 0.549615 0.165719 0.138521
45 0.616047 0.513615 0.129719 0.144563
45 0.481867 0.621094 0.150047 0.116812
47 0.461602 0.316635 0.0534844 0.0658542
47 0.474641 0.368437 0.0475938 0.0571667
50 0.718859 0.437281 0.182563 0.0949375
51 0.726156 0.489896 0.0334375 0.0189167
51 0.689508 0.471427 0.0165156 0.0416458
51 0.698828 0.505979 0.012375 0.0375833
51 0.664172 0.450281 0.0139063 0.0179375
51 0.732547 0.473135 0.0390937 0.0163125
42 0.216461 0.723958 0.0672031 0.0716667
42 0.252789 0.724469 0.0658281 0.0903542
45 0.493523 0.509896 0.123859 0.117292
45 0.715914 0.599688 0.118109 0.137917
45 0.81918 0.557885 0.141797 0.140979
45 0.827969 0.640135 0.10975 0.199687
45 0.708523 0.452687 0.0748906 0.0501667
46 0.602828 0.400031 0.0245938 0.0500625
46 0.583773 0.392594 0.0353281 0.0428125
46 0.617258 0.419958 0.0346094 0.0559167
51 0.750461 0.494438 0.0185156 0.029
51 0.6805 0.518813 0.012375 0.0216667
51 0.709273 0.515656 0.0128281 0.0342292
51 0.678438 0.468531 0.0155625 0.0425625
51 0.755977 0.475313 0.00779687 0.0127083
51 0.649766 0.48326 0.0426875 0.0541458
72 0.870891 0.417802 0.258219 0.814021
75 0.548945 0.332458 0.0381094 0.11075
39 0.356695 0.453365 0.0538906 0.0526458
44 0.72032 0.433146 0.0204844 0.0277917
51 0.791086 0.481406 0.0247969 0.0126875
39 0.343391 0.444063 0.0385313 0.0644167
39 0.361961 0.419969 0.0217656 0.0536458
45 0.295578 0.663292 0.124438 0.146833
51 0.733703 0.515354 0.0364375 0.0387917
42 0.7875 0.596917 0.0104688 0.101292
