58 0.535773 0.33143 0.0434531 0.0691017
62 0.205813 0.466702 0.03575 0.116241
56 0.295422 0.662931 0.06025 0.213995
57 0.256094 0.899078 0.249187 0.201087
0 0.705695 0.629232 0.232734 0.717849
59 0.397898 0.571537 0.0762344 0.124965
67 0.706086 0.905177 0.0222344 0.0471868
68 0.738969 0.211962 0.127312 0.155697
71 0.941766 0.516005 0.0886563 0.100615
73 0.158359 0.536099 0.0238125 0.0665721
73 0.185992 0.624882 0.0166406 0.0422459
75 0.924625 0.398298 0.0252812 0.088227
75 0.943039 0.397352 0.0221719 0.093617
24 0.358992 0.614894 0.0503281 0.106478
24 0.543883 0.429125 0.0456719 0.0588652
41 0.246625 0.568617 0.0195625 0.0396927
69 0.779977 0.409669 0.145016 0.134232
26 0.392141 0.13831 0.0792812 0.0980851
41 0.232219 0.607943 0.0214375 0.0426005
59 0.555078 0.463558 0.121812 0.219314
73 0.184602 0.613322 0.0203906 0.0425296
