0 0.52822 0.350557 0.25964 0.68762
0 0.18614 0.249578 0.29116 0.495602
30 0.90389 0.533855 0.19222 0.285301
30 0.52784 0.259111 0.39784 0.140392
31 0.53045 0.620226 0.61326 0.319127
31 0.32644 0.3725 0.27416 0.200482
31 0.1582 0.791039 0.2956 0.324367
31 0.8038 0.281642 0.39224 0.287861
0 0.09475 0.54494 0.18354 0.51012
0 0.8162 0.211235 0.18504 0.417952
0 0.02165 0.192545 0.0433 0.193886
0 0.03126 0.0584187 0.06252 0.116175
0 0.27065 0.0287199 0.05686 0.0574398
30 0.80872 0.0909036 0.38256 0.176627
30 0.48847 0.119714 0.32062 0.0796687
30 0.05429 0.286596 0.09602 0.0936145
30 0.30075 0.0874247 0.08454 0.10244
