16 0.623711 0.79276 0.359672 0.103313
2 0.450898 0.385083 0.0197344 0.0241667
2 0.501523 0.388865 0.0431406 0.0318125
0 0.366367 0.457792 0.144578 0.425625
13 0.254469 0.394844 0.0467187 0.0278542
37 0.376266 0.657031 0.140844 0.0870625
0 0.823141 0.381812 0.0250625 0.0758333
0 0.810391 0.386146 0.0156875 0.0659583
0 0.224812 0.386698 0.018625 0.0457708
0 0.117992 0.396781 0.0175156 0.0287292
0 0.138789 0.38824 0.0104219 0.0199375
13 0.125711 0.396396 0.0208594 0.0105833
32 0.46343 0.796177 0.0220469 0.0232292
2 0.0412656 0.3955 0.0195625 0.02475
2 0.199352 0.400812 0.0192656 0.0202083
