8 0.715781 0.923958 0.0880937 0.0917917
0 0.0597891 0.881583 0.0316094 0.107292
0 0.0848359 0.826792 0.0235156 0.0724583
0 0.0360703 0.843906 0.0171719 0.0767292
0 0.0245937 0.847323 0.0212812 0.0694375
0 0.0099375 0.83401 0.0185625 0.0486458
8 0.685758 0.871344 0.147453 0.0997708
8 0.802312 0.908375 0.097875 0.0612083
0 0.0514687 0.823458 0.0203125 0.0682917
0 0.0137813 0.883135 0.0241875 0.0626042
2 0.539492 0.60676 0.0436406 0.0211458
2 0.451281 0.606927 0.05425 0.0222292
2 0.445492 0.607604 0.0147656 0.017375
2 0.716227 0.602073 0.0455156 0.0248542
2 0.901719 0.602323 0.0455 0.0206458
2 0.976625 0.59826 0.04475 0.0195625
8 0.441422 0.875563 0.138031 0.0311667
8 0.585984 0.873781 0.069 0.0193125
13 0.211203 0.684167 0.0571562 0.017875
25 0.109563 0.777958 0.0780312 0.0928333
25 0.0275391 0.670469 0.0377969 0.0123958
25 0.0498281 0.66226 0.0355313 0.0131458
25 0.326422 0.643219 0.0169687 0.0114792
25 0.361281 0.650542 0.0179375 0.02475
25 0.553094 0.641031 0.0161563 0.00822917
25 0.41082 0.651635 0.0210469 0.0142708
0 0.0827813 0.783167 0.0163125 0.036875
0 0.0566562 0.769927 0.017375 0.0556042
0 0.0196641 0.815292 0.0166719 0.026
0 0.0582109 0.696677 0.0119219 0.0388542
0 0.0713203 0.684375 0.00901562 0.0333333
8 0.404422 0.727281 0.0599688 0.128188
8 0.967453 0.888781 0.0650937 0.0840625
0 0.0677813 0.795042 0.0184062 0.0689583
7 0.601422 0.601792 0.0551562 0.032375
7 0.321438 0.607927 0.0527813 0.0257292
