56 0.416734 0.391464 0.0694375 0.0709067
56 0.613055 0.397733 0.0519219 0.0700259
56 0.848141 0.24456 0.0264375 0.0650259
56 0.456992 0.233109 0.0679531 0.0807772
56 0.365648 0.462189 0.0566719 0.0738083
56 0.309664 0.465544 0.0580156 0.0670984
56 0.460906 0.38728 0.0543125 0.0642487
56 0.662891 0.39136 0.053375 0.0588342
56 0.563547 0.386723 0.055125 0.068057
56 0.404477 0.155531 0.0635781 0.0756736
13 0.74782 0.781386 0.262359 0.0874352
13 0.920945 0.828718 0.0519219 0.0743264
0 0.236516 0.601723 0.198031 0.645674
0 0.761172 0.643329 0.192406 0.572565
0 0.569617 0.51864 0.143172 0.181943
0 0.598617 0.736244 0.112453 0.265285
0 0.669539 0.730337 0.0975781 0.242694
0 0.962219 0.287241 0.0755625 0.171995
0 0.612453 0.109521 0.140125 0.201943
0 0.51325 0.115104 0.0848437 0.165389
0 0.367922 0.189508 0.057 0.17456
0 0.267133 0.185699 0.0626719 0.174249
0 0.736922 0.279275 0.115469 0.17342
0 0.777242 0.282513 0.0671094 0.156166
26 0.448992 0.0845725 0.0442344 0.0537565
56 0.507625 0.238394 0.0719375 0.0836269
0 0.828109 0.28215 0.068125 0.177824
13 0.55675 0.237345 0.0704063 0.0721503
13 0.457422 0.231839 0.0686875 0.0797409
32 0.307641 0.383342 0.056375 0.0913472
