72 0.0521979 0.467773 0.104396 0.496641
56 0.214083 0.528609 0.183625 0.0864062
56 0.57775 0.802953 0.436417 0.394094
56 0.670271 0.536445 0.155708 0.106016
60 0.413479 0.731461 0.761042 0.460672
41 0.619771 0.286969 0.0335 0.022625
45 0.619219 0.287984 0.0486875 0.0227812
45 0.546458 0.288875 0.0378333 0.0225
45 0.582625 0.291898 0.03425 0.0150469
68 0.876031 0.214609 0.247938 0.1955
69 0.823969 0.524719 0.347563 0.375281
40 0.678281 0.233227 0.0268958 0.0430469
40 0.69524 0.233977 0.0223125 0.0394531
40 0.714156 0.234859 0.0246042 0.0413437
44 0.716281 0.357367 0.0463542 0.0716094
44 0.674479 0.339492 0.0234583 0.0311406
71 0.539667 0.407273 0.225125 0.0156094
40 0.659687 0.234094 0.0237917 0.0431875
40 0.732604 0.233352 0.0199167 0.0427344
44 0.70525 0.354672 0.0185417 0.00909375
45 0.373156 0.56243 0.207104 0.0624844
45 0.581187 0.282313 0.0331667 0.00675
56 0.134813 0.858078 0.262292 0.280375
45 0.665146 0.295742 0.055 0.00832813
