0 0.352016 0.732615 0.125844 0.534771
0 0.969414 0.72851 0.0611719 0.330146
1 0.903844 0.613646 0.0328437 0.0315417
0 0.0330234 0.645302 0.0660469 0.249354
0 0.112336 0.620552 0.0255156 0.109479
0 0.905328 0.597156 0.01725 0.0437292
0 0.896594 0.588604 0.00821875 0.037625
0 0.885812 0.593125 0.0124688 0.0464583
0 0.854375 0.597865 0.0135625 0.0428125
0 0.835258 0.593594 0.0105469 0.0438125
0 0.82475 0.595083 0.0120313 0.044
0 0.812688 0.605448 0.0219688 0.0591042
7 0.537641 0.628833 0.667406 0.660667
26 0.301477 0.696646 0.0837344 0.290875
0 0.171187 0.576979 0.0188125 0.021125
1 0.85582 0.616187 0.0347656 0.0315833
1 0.0485781 0.701177 0.0971562 0.123979
0 0.933492 0.658677 0.0416719 0.200979
24 0.0382734 0.610281 0.0402656 0.0648125
28 0.224937 0.915833 0.130906 0.168333
