4 0.509469 0.629028 0.810125 0.32171
0 0.350625 0.751183 0.0398125 0.130094
0 0.298758 0.749977 0.0288281 0.128712
0 0.643148 0.727471 0.0300469 0.078829
0 0.378992 0.74082 0.0333594 0.1637
0 0.399453 0.741956 0.0232187 0.106253
26 0.330203 0.777658 0.0115 0.0302108
26 0.292984 0.753068 0.0138437 0.0450585
26 0.31668 0.746475 0.0181719 0.0455035
26 0.398062 0.803337 0.0178125 0.0355269
28 0.331062 0.776885 0.0139063 0.0325059
28 0.293047 0.755855 0.0148125 0.0401874
2 0.773727 0.746862 0.140391 0.145667
26 0.258672 0.747131 0.00715625 0.0246604
0 0.336922 0.722705 0.0177187 0.0792272
0 0.448594 0.680855 0.0275625 0.10096
28 0.39775 0.801885 0.0129375 0.0238642
28 0.407828 0.799485 0.0320312 0.0391569
0 0.269586 0.752939 0.0330781 0.131733
