0 0.698406 0.5054 0.113 0.194644
18 0.200086 0.664611 0.0494531 0.112808
18 0.346508 0.697192 0.0473281 0.110972
18 0.457695 0.688801 0.0419219 0.121188
18 0.491609 0.698996 0.0518125 0.110346
18 0.553297 0.692559 0.0565 0.114233
18 0.586477 0.670065 0.0438594 0.0772786
18 0.289203 0.677916 0.0338125 0.119374
18 0.248359 0.682311 0.05275 0.103888
18 0.266094 0.605173 0.0169375 0.0118143
18 0.349703 0.6296 0.0177187 0.0209287
7 0.710938 0.701242 0.242937 0.192592
16 0.857594 0.722894 0.0632188 0.0841469
18 0.395156 0.698855 0.0550625 0.0992657
18 0.856922 0.722408 0.0659062 0.0862419
18 0.417367 0.616706 0.0185469 0.0173434
