62 0.0665781 0.330177 0.130937 0.372354
56 0.382227 0.325687 0.218422 0.3255
57 0.85 0.64624 0.3 0.673104
63 0.602859 0.394969 0.0802188 0.0427708
73 0.571352 0.602885 0.0662031 0.0291875
73 0.507945 0.603979 0.0652344 0.0297083
73 0.447016 0.576208 0.0580625 0.025875
73 0.446531 0.60551 0.0604688 0.0337708
73 0.447617 0.504281 0.0520469 0.0225625
73 0.500188 0.503104 0.0529063 0.024
73 0.561648 0.549208 0.0608906 0.0244583
73 0.504648 0.55101 0.0574219 0.0258958
73 0.624336 0.573281 0.0623281 0.0276875
73 0.540875 0.503969 0.0332812 0.0188542
73 0.599836 0.526208 0.0773906 0.026875
73 0.510188 0.736313 0.0694375 0.0473333
73 0.447219 0.527271 0.0567187 0.0316667
56 0.58075 0.367833 0.195062 0.374
