60 0.492133 0.718647 0.0808281 0.0571059
13 0.232914 0.773929 0.229734 0.194165
13 0.643414 0.753812 0.109578 0.1384
13 0.889172 0.746812 0.120188 0.120165
25 0.185047 0.364482 0.361125 0.195506
25 0.548109 0.536976 0.323719 0.321153
25 0.822742 0.487435 0.258578 0.106965
25 0.949922 0.537647 0.100156 0.0988706
25 0.662578 0.527353 0.165906 0.0708941
56 0.0400469 0.769847 0.0777188 0.208353
56 0.260437 0.737871 0.126656 0.182894
56 0.447094 0.723353 0.111719 0.212259
56 0.754117 0.721635 0.108297 0.167224
56 0.9605 0.721259 0.078 0.142612
0 0.0738594 0.640753 0.0605 0.0804235
56 0.389125 0.7448 0.184969 0.193459
56 0.881344 0.681518 0.030875 0.0273647
56 0.608773 0.731094 0.0637344 0.147835
56 0.707109 0.739694 0.159344 0.160047
56 0.848898 0.7014 0.0419844 0.0703294
56 0.574492 0.757765 0.0675469 0.144612
56 0.148609 0.736706 0.0534687 0.0749647
13 0.621742 0.753788 0.0445781 0.0119529
13 0.0661953 0.733059 0.120766 0.0863529
13 0.978805 0.742259 0.0423906 0.0939765
