2 0.790039 0.252318 0.285391 0.273326
2 0.0554297 0.203638 0.0751719 0.130353
2 0.162508 0.188181 0.0396719 0.053659
0 0.575531 0.467037 0.279594 0.845717
0 0.186195 0.539418 0.352078 0.891892
0 0.979102 0.22762 0.0417969 0.176029
0 0.94968 0.176757 0.0266719 0.077422
0 0.505977 0.203534 0.0164844 0.0963825
0 0.475273 0.202651 0.0195156 0.0953638
0 0.87368 0.160811 0.0309844 0.0854886
0 0.833273 0.136476 0.0150469 0.0243451
0 0.913422 0.193399 0.0545937 0.119023
0 0.890969 0.151705 0.0194375 0.0631601
0 0.805508 0.183482 0.0498594 0.0443451
0 0.53118 0.177911 0.0178594 0.0360707
2 0.547211 0.214605 0.0877656 0.117609
2 0.0108047 0.193202 0.0207969 0.0689813
9 0.48932 0.0543763 0.0173594 0.0438877
24 0.477203 0.184886 0.0129062 0.0293139
24 0.517445 0.188576 0.0130781 0.0356133
25 0.417367 0.0908004 0.0641719 0.0366112
25 0.449367 0.106819 0.0742031 0.026237
26 0.143562 0.441019 0.14525 0.453929
67 0.623828 0.138087 0.0245625 0.0464449
2 0.301172 0.18106 0.0497187 0.020499
0 0.459828 0.201143 0.0206563 0.117131
3 0.585469 0.509407 0.725969 0.762183
