0 0.159422 0.972418 0.0117813 0.0528169
0 0.212813 0.975669 0.0214688 0.048662
0 0.0582891 0.972124 0.0700781 0.0557512
0 0.425555 0.96892 0.0176094 0.0621596
0 0.474242 0.986244 0.0155156 0.0243662
0 0.499758 0.971925 0.0164844 0.0561502
0 0.544672 0.979742 0.0187812 0.0405164
0 0.600742 0.978087 0.0121406 0.0419484
0 0.649711 0.987617 0.0100156 0.0198826
0 0.768297 0.987441 0.0189062 0.0251174
0 0.134023 0.967829 0.00998438 0.0400704
0 0.178391 0.970423 0.0160625 0.0570423
7 0.380703 0.962782 0.0514375 0.0391315
33 0.236352 0.0452465 0.0513281 0.047723
33 0.470984 0.471972 0.160125 0.130423
33 0.207656 0.570516 0.02125 0.0151643
33 0.265164 0.521232 0.0161719 0.0194601
33 0.644 0.215458 0.038375 0.025
33 0.699445 0.199249 0.0286094 0.021784
33 0.982906 0.551056 0.0341875 0.0346009
33 0.71825 0.655211 0.0169687 0.0286854
33 0.525617 0.667817 0.0314844 0.0285915
33 0.686781 0.634096 0.00878125 0.0148592
33 0.390117 0.652488 0.00914062 0.00915493
33 0.0873516 0.42811 0.0167344 0.0161737
33 0.19618 0.616338 0.0333906 0.034507
0 0.250234 0.950646 0.01275 0.0243427
