73 0.175469 0.237969 0.0741875 0.473271
73 0.213203 0.238208 0.05225 0.467417
73 0.484555 0.0764062 0.0589844 0.143813
73 0.126063 0.905323 0.0654375 0.189354
73 0.784734 0.887021 0.0690937 0.21275
73 0.145602 0.243229 0.0609531 0.478542
73 0.242695 0.239323 0.0472031 0.478646
77 0.48118 0.554385 0.466859 0.853938
73 0.117133 0.241573 0.0792031 0.469646
73 0.326125 0.207865 0.05225 0.411229
73 0.405797 0.0659167 0.0440938 0.131833
73 0.633547 0.178427 0.0569687 0.344271
73 0.701969 0.249438 0.0960625 0.498875
73 0.276625 0.236365 0.0584375 0.467521
