20 0.544367 0.572693 0.841797 0.651101
20 0.838859 0.331077 0.151438 0.298876
24 0.604969 0.161803 0.0494687 0.121358
0 0.532109 0.234883 0.104531 0.456417
0 0.761492 0.137611 0.0618594 0.215129
0 0.6395 0.157248 0.0274063 0.0802108
0 0.157789 0.335667 0.0429844 0.102576
0 0.125898 0.330246 0.0383281 0.0947307
0 0.0601484 0.370937 0.0686406 0.126511
0 0.388367 0.508197 0.219016 0.983607
0 0.110516 0.350328 0.0687813 0.122014
0 0.162883 0.315691 0.0318281 0.0711007
0 0.0829063 0.354848 0.0779375 0.128431
0 0.475273 0.152143 0.0899531 0.238197
0 0.128133 0.282131 0.0221094 0.0678689
