24 0.824141 0.465342 0.01575 0.0539858
0 0.561742 0.53079 0.0522344 0.171816
0 0.621484 0.525177 0.0367813 0.160684
0 0.660156 0.514399 0.0426562 0.165967
0 0.686859 0.507818 0.0340937 0.162665
0 0.808359 0.501427 0.046 0.182901
0 0.773039 0.500743 0.0524844 0.172146
3 0.623875 0.726462 0.300063 0.381179
3 0.465836 0.747406 0.238953 0.28566
3 0.353352 0.722559 0.226734 0.290354
3 0.291805 0.681651 0.206734 0.318113
3 0.222828 0.661887 0.238687 0.286226
3 0.121148 0.699882 0.0602656 0.167264
3 0.158617 0.647182 0.180734 0.207382
3 0.0646797 0.676722 0.0349844 0.124198
26 0.765352 0.482111 0.0224531 0.0793632
0 0.747289 0.5027 0.0353594 0.171627
3 0.0908047 0.632818 0.156172 0.189788
3 0.179273 0.580165 0.0738906 0.116415
0 0.717516 0.505672 0.033875 0.165212
