2 0.581672 0.623741 0.279969 0.172145
2 0.487547 0.554883 0.098125 0.119184
2 0.729297 0.551469 0.0572812 0.0698834
2 0.69 0.538834 0.0180625 0.0526807
2 0.0919922 0.539277 0.134266 0.0987413
2 0.399656 0.520862 0.0410937 0.0344988
2 0.354148 0.519091 0.0514844 0.0392541
2 0.443562 0.516166 0.0245 0.0277156
7 0.230297 0.495944 0.104969 0.119674
9 0.347781 0.0267133 0.0466875 0.0534266
0 0.531422 0.571434 0.0301563 0.0413287
2 0.604836 0.528357 0.0640781 0.0374126
2 0.561445 0.520688 0.0434844 0.0371329
2 0.695008 0.523974 0.0255781 0.0534033
5 0.636297 0.497308 0.0976875 0.134009
7 0.635414 0.49324 0.102953 0.127646
9 0.81407 0.295874 0.0201719 0.107972
2 0.166836 0.532179 0.0511719 0.0619814
9 0.849672 0.421166 0.0372188 0.062331
9 0.850664 0.297786 0.0464844 0.129044
