57 0.63068 0.547213 0.729266 0.587989
0 0.524836 0.376207 0.365641 0.543506
0 0.733672 0.433951 0.237375 0.526236
0 0.844633 0.286221 0.219578 0.439282
41 0.630086 0.653592 0.0414531 0.15
41 0.792992 0.617759 0.0458281 0.102529
63 0.301273 0.73806 0.330672 0.388305
65 0.850086 0.728161 0.0936406 0.0391954
65 0.899672 0.773218 0.114281 0.0935057
26 0.664719 0.920661 0.117313 0.125862
60 0.785313 0.811236 0.429375 0.377529
63 0.737422 0.387644 0.15275 0.182011
63 0.569203 0.34306 0.135937 0.209799
63 0.924773 0.330345 0.147047 0.175287
64 0.650422 0.734813 0.0677188 0.0664655
65 0.293883 0.458233 0.0229219 0.0681322
0 0.238813 0.515129 0.477625 0.969741
67 0.674687 0.786236 0.0575 0.0532184
65 0.78457 0.839239 0.0340781 0.0760632
