60 0.5 0.78782 1 0.405641
0 0.514198 0.397867 0.687604 0.441703
0 0.274344 0.284727 0.116562 0.0794844
0 0.40475 0.27043 0.0939167 0.0890156
41 0.0391563 0.821234 0.0783125 0.178906
41 0.771302 0.65882 0.149479 0.127797
42 0.173604 0.761734 0.116708 0.0839688
44 0.226854 0.75225 0.133375 0.0555
60 0.225719 0.402789 0.451437 0.130641
60 0.16551 0.297641 0.132521 0.0329062
39 0.132333 0.224047 0.0123333 0.035
39 0.238135 0.223828 0.0164792 0.0370937
39 0.146677 0.225219 0.0132708 0.0357188
41 0.0929583 0.344727 0.0374583 0.0378594
43 0.222781 0.774141 0.131229 0.0753438
60 0.410427 0.325875 0.103479 0.022375
0 0.285885 0.263062 0.115229 0.0685937
0 0.319375 0.195422 0.0355 0.03825
0 0.0286146 0.308039 0.0572292 0.0644219
0 0.183458 0.248047 0.0711667 0.0667188
0 0.447417 0.255289 0.050875 0.0643594
44 0.168344 0.624281 0.0238125 0.0148437
39 0.0597396 0.224 0.0110208 0.0245312
39 0.120583 0.224391 0.012375 0.0347812
39 0.155438 0.223633 0.010125 0.0320156
39 0.0493333 0.340109 0.039375 0.054125
56 0.217177 0.521336 0.156146 0.0984531
56 0.114229 0.490805 0.133542 0.117922
56 0.3015 0.501234 0.133458 0.122594
60 0.456729 0.293578 0.023625 0.01525
