32 0.943797 0.737981 0.0170625 0.0262441
32 0.963086 0.610622 0.0109531 0.015939
32 0.251633 0.474542 0.0290469 0.0406808
38 0.189648 0.647523 0.130422 0.155423
0 0.516078 0.497019 0.037375 0.111268
32 0.00805469 0.765857 0.0161094 0.0298357
32 0.0678828 0.497089 0.0101719 0.0173709
32 0.0769375 0.469836 0.00809375 0.0155399
32 0.0823984 0.502782 0.00829687 0.0159859
32 0.0760859 0.483169 0.00607813 0.0133803
32 0.0715078 0.446303 0.00473437 0.0134507
0 0.525336 0.227582 0.0238906 0.0829577
0 0.501617 0.232829 0.0252969 0.0718545
0 0.599219 0.221972 0.0414062 0.0777465
0 0.595539 0.396045 0.0270781 0.0761737
0 0.623594 0.39493 0.020375 0.0719249
0 0.481648 0.511385 0.457734 0.752723
