56 0.407477 0.334042 0.0275469 0.05475
56 0.448859 0.332844 0.0265312 0.0496875
34 0.582211 0.245521 0.291609 0.189625
0 0.363859 0.338125 0.0429688 0.0518333
0 0.620352 0.477823 0.0702969 0.725729
0 0.328039 0.339083 0.0287969 0.042875
0 0.456203 0.326542 0.042625 0.0719167
0 0.681445 0.299312 0.0214844 0.0890417
32 0.768328 0.35124 0.0112187 0.0137708
32 0.742383 0.355542 0.0111719 0.012375
32 0.67057 0.360583 0.0112031 0.01375
32 0.659477 0.354167 0.0102344 0.011875
32 0.911242 0.357333 0.00920312 0.00991667
32 0.898164 0.361563 0.00960937 0.0114583
32 0.943469 0.349948 0.0101875 0.0120625
0 0.750031 0.322 0.018125 0.060125
0 0.550281 0.546063 0.166844 0.907875
0 0.0469922 0.26049 0.0185469 0.0589792
0 0.326664 0.267146 0.0242969 0.0611667
0 0.417664 0.320823 0.0289219 0.0457292
32 0.903258 0.358979 0.00792188 0.00983333
56 0.299594 0.326146 0.037875 0.072
32 0.956969 0.352323 0.009 0.00952083
