60 0.499719 0.492281 0.992688 0.975271
40 0.0311797 0.439323 0.0623594 0.406729
50 0.479859 0.30875 0.091625 0.10575
50 0.653164 0.747885 0.267609 0.237104
50 0.499414 0.223531 0.194109 0.103521
50 0.243422 0.418719 0.110563 0.104937
50 0.382563 0.289208 0.0907188 0.0777083
50 0.533156 0.827344 0.107531 0.0993542
50 0.483016 0.521135 0.113563 0.115896
50 0.241953 0.531115 0.0645625 0.101854
51 0.312688 0.328771 0.0926562 0.104625
51 0.729258 0.58124 0.102922 0.103438
51 0.250844 0.721521 0.145031 0.166833
51 0.58357 0.538833 0.0338906 0.0303333
50 0.238648 0.323156 0.0625469 0.107604
51 0.493375 0.282115 0.101437 0.0446042
51 0.678492 0.316708 0.109547 0.081375
51 0.283172 0.255604 0.0495937 0.0710417
51 0.423234 0.64476 0.0630938 0.134021
45 0.530117 0.51325 0.939766 0.943
51 0.379062 0.820208 0.1015 0.109417
51 0.342977 0.433833 0.0629844 0.0802083
51 0.274453 0.836146 0.119719 0.0774583
50 0.773008 0.561042 0.0806094 0.112042
50 0.799773 0.718271 0.0544219 0.233125
51 0.786945 0.404281 0.0628281 0.0643125
