2 0.172617 0.729814 0.257984 0.12042
2 0.607227 0.680291 0.0478594 0.0522844
2 0.577922 0.67641 0.033875 0.0488578
2 0.0972422 0.680455 0.0562656 0.0305128
9 0.598453 0.2869 0.0273125 0.102378
9 0.425766 0.276061 0.0283125 0.107086
9 0.271508 0.254347 0.0336406 0.120117
9 0.222266 0.247331 0.0260312 0.123893
9 0.162812 0.1931 0.0281875 0.122844
9 0.320703 0.108438 0.0310625 0.135618
9 0.513469 0.0398951 0.0354688 0.0797902
7 0.423227 0.676527 0.0714219 0.0863403
0 0.389945 0.673275 0.0110781 0.0168998
0 0.437391 0.651876 0.0119063 0.0121445
0 0.2755 0.662424 0.00828125 0.0140793
7 0.266547 0.683065 0.0684687 0.0660839
7 0.485891 0.677681 0.0398125 0.0552214
2 0.331953 0.671434 0.0384062 0.0136364
2 0.37643 0.69951 0.0782656 0.086014
2 0.143258 0.671352 0.0255156 0.0184149
2 0.665055 0.661818 0.0166406 0.0140793
2 0.461062 0.678415 0.0117813 0.0296037
7 0.576578 0.675874 0.0306563 0.0441492
9 0.0412578 0.251317 0.0328594 0.123147
0 0.491008 0.664662 0.00626562 0.00741259
0 0.602578 0.663858 0.0144063 0.00995338
0 0.167758 0.688986 0.0140156 0.0265501
0 0.135102 0.681469 0.0363594 0.0395338
2 0.895063 0.645117 0.0195938 0.0230536
