0 0.748536 0.148711 0.116511 0.116141
0 0.497775 0.474508 0.529368 0.450766
47 0.172904 0.46807 0.0617799 0.0396719
47 0.115679 0.467969 0.225738 0.0811562
47 0.0734895 0.530695 0.14534 0.0862969
49 0.352108 0.644273 0.0433724 0.0373594
47 0.152623 0.519852 0.044637 0.0428281
47 0.349731 0.47932 0.200211 0.0502656
49 0.308349 0.632031 0.059555 0.0237188
49 0.328735 0.61757 0.0603747 0.0293594
49 0.153185 0.961 0.118782 0.0774375
49 0.39493 0.924703 0.789859 0.150594
49 0.410129 0.655711 0.0326698 0.0195469
49 0.316452 0.657555 0.0838173 0.0478281
