25 0.58617 0.663303 0.1865 0.31964
25 0.90695 0.742012 0.18558 0.141562
25 0.83011 0.66958 0.24566 0.121021
25 0.52233 0.612342 0.15254 0.281802
25 0.47318 0.566456 0.1142 0.212492
25 0.43728 0.480285 0.1 0.0611111
25 0.39156 0.429114 0.07908 0.0342042
25 0.35306 0.424294 0.05124 0.0370571
25 0.34553 0.417628 0.05974 0.0321321
25 0.73985 0.593964 0.23002 0.11015
25 0.62422 0.595315 0.15548 0.101862
56 0.69414 0.763393 0.03724 0.0488288
56 0.74164 0.866727 0.04524 0.166486
56 0.65495 0.690045 0.03202 0.0131231
56 0.58378 0.757793 0.02644 0.056006
56 0.51637 0.70473 0.03726 0.0648348
56 0.48018 0.653468 0.01748 0.0581081
0 0.8134 0.88482 0.0728 0.184715
0 0.90794 0.835646 0.07436 0.0754955
0 0.70985 0.733378 0.04658 0.0732432
0 0.67349 0.74985 0.02934 0.13033
0 0.51685 0.659835 0.03554 0.143153
8 0.12892 0.472147 0.06192 0.0533634
25 0.40596 0.47494 0.09632 0.05997
60 0.63348 0.70955 0.0672 0.0381381
60 0.90777 0.890646 0.09758 0.0456757
60 0.74006 0.763243 0.03216 0.0321922
60 0.60149 0.669384 0.0505 0.0438739
60 0.50601 0.618979 0.05714 0.0185586
60 0.3894 0.55473 0.03324 0.0153453
60 0.97938 0.592492 0.04124 0.0421021
60 0.86181 0.56467 0.02478 0.0233934
0 0.53569 0.626006 0.02746 0.0575375
0 0.45852 0.582943 0.01392 0.0306907
0 0.3909 0.527447 0.01876 0.0432432
0 0.37854 0.538393 0.02704 0.0431532
0 0.93088 0.615 0.0398 0.0611111
0 0.5603 0.688649 0.0474 0.113694
60 0.39961 0.564174 0.01558 0.0103904
0 0.43945 0.601321 0.03474 0.126486
25 0.29294 0.397117 0.05508 0.0554955
0 0.8879 0.551952 0.04344 0.0816817
60 0.80096 0.818468 0.08916 0.0402402
