58 0.724453 0.259281 0.103844 0.130729
56 0.656187 0.460042 0.123656 0.26625
56 0.165203 0.361052 0.0822187 0.0578542
56 0.233805 0.4965 0.188797 0.248917
57 0.436289 0.555083 0.440328 0.361292
0 0.551914 0.725167 0.331828 0.137708
63 0.122 0.380719 0.1025 0.103021
45 0.145594 0.744823 0.203031 0.247354
57 0.733148 0.740104 0.533328 0.184875
65 0.652453 0.727021 0.0209375 0.0365417
65 0.916391 0.675042 0.0164063 0.041625
73 0.924672 0.611375 0.055125 0.02425
0 0.881523 0.348531 0.0851094 0.119271
39 0.506492 0.849344 0.0935156 0.150646
39 0.0338359 0.863083 0.0676719 0.105583
60 0.123695 0.525198 0.206047 0.306396
62 0.894969 0.365885 0.161187 0.192104
