2 0.217102 0.670782 0.408453 0.276412
2 0.0946406 0.574466 0.126125 0.0828244
2 0.44568 0.613406 0.163016 0.165821
2 0.537937 0.584647 0.103531 0.125172
2 0.61425 0.525353 0.0289063 0.0192939
2 0.590195 0.522672 0.0212969 0.0191221
2 0.678336 0.525153 0.0247031 0.0188168
2 0.654367 0.525124 0.0329219 0.0212023
2 0.0320859 0.585363 0.0290469 0.0793893
12 0.232297 0.615601 0.0336562 0.0513931
0 0.359859 0.500153 0.012625 0.0235878
0 0.341836 0.500945 0.0195156 0.0285305
0 0.389477 0.500945 0.0116719 0.0249046
0 0.406953 0.508302 0.0175 0.0290076
2 0.739633 0.531584 0.0690781 0.0377099
12 0.505234 0.57105 0.015875 0.0366412
2 0.787109 0.533435 0.0324062 0.0548855
0 0.352508 0.500286 0.00867187 0.0218702
0 0.396188 0.502739 0.0150937 0.0274237
0 0.412352 0.501202 0.00995313 0.0230153
2 0.633445 0.524819 0.0220781 0.0225
