39 0.676984 0.428621 0.106219 0.319907
56 0.181602 0.414871 0.268078 0.301706
60 0.5 0.494264 1 0.988528
48 0.513211 0.677523 0.142766 0.150561
56 0.239484 0.272512 0.141594 0.164416
56 0.726391 0.137909 0.124 0.275818
56 0.964977 0.656822 0.0688281 0.176729
43 0.713883 0.680748 0.137484 0.0462617
44 0.696508 0.652582 0.176703 0.0803505
45 0.331383 0.668002 0.175047 0.190164
45 0.458313 0.535829 0.108438 0.0907243
45 0.553344 0.588563 0.120063 0.0890888
44 0.596586 0.640923 0.0373906 0.0146963
48 0.319344 0.47528 0.13075 0.0741589
56 0.0791016 0.30035 0.121891 0.257477
56 0.49443 0.206741 0.324609 0.413481
56 0.214148 0.0898949 0.163797 0.166285
56 0.93632 0.150561 0.127359 0.296682
56 0.831906 0.124918 0.103094 0.249836
56 0.882141 0.86493 0.235719 0.27014
56 0.890914 0.0816706 0.0337031 0.153014
56 0.34193 0.303306 0.100797 0.265958
