0 0.351957 0.754031 0.0281744 0.0519687
0 0.343945 0.749406 0.0160446 0.0494375
2 0.714391 0.747297 0.0366126 0.0275313
9 0.648499 0.382867 0.0776471 0.0663906
9 0.821207 0.466289 0.137099 0.159547
9 0.875172 0.275125 0.1 0.122562
9 0.530943 0.134453 0.116694 0.143813
9 0.690304 0.168797 0.0852738 0.14075
9 0.834047 0.166563 0.0730832 0.114469
9 0.725598 0.532375 0.0863692 0.136719
9 0.435274 0.225578 0.0845436 0.150844
9 0.746308 0.317258 0.0662069 0.137547
9 0.513438 0.312297 0.0779108 0.103688
0 0.691592 0.746609 0.0123529 0.036625
9 0.327677 0.30343 0.0844828 0.156578
9 0.43641 0.487852 0.0860041 0.150328
0 0.673083 0.742555 0.0102231 0.0279531
9 0.336815 0.529062 0.0789047 0.144281
11 0.836643 0.710305 0.0187221 0.0149844
