1 0.72118 0.570707 0.08536 0.135867
1 0.67277 0.536507 0.04366 0.136747
2 0.71652 0.474747 0.15564 0.16784
2 0.84273 0.52352 0.12686 0.225547
0 0.89681 0.6346 0.20302 0.69352
0 0.22415 0.49664 0.44494 0.984267
0 0.56441 0.580093 0.11954 0.442373
0 0.63593 0.561053 0.10222 0.35272
0 0.41137 0.459267 0.0237 0.101253
0 0.50124 0.50196 0.05024 0.245573
0 0.38477 0.441947 0.0363 0.141973
67 0.438 0.937 0.16904 0.125787
26 0.83199 0.672813 0.12198 0.437307
26 0.57934 0.533373 0.07704 0.223013
0 0.4331 0.468907 0.03736 0.149867
0 0.34588 0.454773 0.02224 0.11264
0 0.32801 0.4442 0.02682 0.156293
0 0.35698 0.414733 0.02328 0.0865333
26 0.44711 0.503653 0.0141 0.0576
2 0.46814 0.406 0.05696 0.03872
0 0.42481 0.402707 0.01486 0.0363467
