57 0.850508 0.705618 0.296953 0.546247
0 0.661664 0.579569 0.412266 0.815035
27 0.414672 0.495629 0.0268437 0.151678
41 0.554063 0.573625 0.0466875 0.0931235
65 0.310102 0.601294 0.0731406 0.0728904
73 0.107305 0.516632 0.00776562 0.0894406
73 0.0825703 0.519802 0.0153906 0.103054
73 0.0764453 0.178788 0.00829687 0.0676923
73 0.111805 0.643217 0.0312031 0.120886
73 0.124062 0.510373 0.00821875 0.0974359
73 0.16882 0.459779 0.0414844 0.0101865
73 0.169469 0.23183 0.04675 0.0163403
73 0.086375 0.185618 0.00828125 0.070676
73 0.101461 0.064289 0.0145781 0.0861072
73 0.117945 0.0736247 0.0159844 0.10007
73 0.0764219 0.126702 0.0484375 0.0425874
0 0.383781 0.608753 0.243312 0.725991
41 0.584664 0.549744 0.0348594 0.0734732
65 0.642156 0.483147 0.1085 0.140979
73 0.114836 0.30979 0.00667187 0.0845221
73 0.105727 0.297716 0.0143281 0.10303
