56 0.0720547 0.725135 0.138984 0.542646
56 0.962742 0.5645 0.0697344 0.223292
56 0.898141 0.747479 0.203719 0.498833
60 0.408633 0.68599 0.612109 0.565021
60 0.0470078 0.391667 0.0667656 0.099
0 0.676844 0.545542 0.271563 0.42725
0 0.691852 0.69326 0.466859 0.591021
41 0.446453 0.62274 0.0425625 0.0674792
41 0.586109 0.54251 0.0383125 0.0580625
41 0.621 0.496219 0.0284063 0.0469792
41 0.272625 0.56925 0.0395937 0.0568333
41 0.387945 0.486583 0.0298906 0.0451667
41 0.492391 0.463677 0.0267812 0.0461042
42 0.214898 0.604365 0.109984 0.0167708
44 0.255164 0.598885 0.0323281 0.0125208
45 0.300875 0.63101 0.0484062 0.0438958
45 0.303445 0.594521 0.0706406 0.042
45 0.363742 0.641594 0.0685781 0.0534375
45 0.354914 0.576854 0.0628906 0.0379583
0 0.628484 0.334281 0.1345 0.214021
0 0.371578 0.34499 0.138656 0.303229
40 0.605383 0.162406 0.00945312 0.0325625
40 0.653305 0.171729 0.00707813 0.0162083
40 0.576172 0.158094 0.0187187 0.0374375
40 0.522695 0.158094 0.0144531 0.0361042
40 0.565203 0.150938 0.014125 0.019125
41 0.674727 0.463667 0.0280156 0.0435833
41 0.578281 0.411406 0.0244688 0.0263958
45 0.387211 0.534719 0.0922656 0.0456042
45 0.512344 0.556667 0.0914688 0.059375
45 0.634508 0.465979 0.0442656 0.0292917
45 0.56168 0.449292 0.0441094 0.023125
45 0.565367 0.472875 0.0957969 0.0392083
45 0.51232 0.430229 0.0653281 0.0414167
45 0.35682 0.607927 0.0467656 0.0241458
56 0.539008 0.354344 0.0615781 0.110646
56 0.438891 0.364354 0.0495625 0.140708
56 0.0399922 0.325354 0.0520781 0.0575
72 0.253711 0.162417 0.117484 0.192125
0 0.153031 0.638906 0.248875 0.717479
0 0.456445 0.254521 0.107453 0.279208
0 0.356563 0.17376 0.0679063 0.115771
0 0.184141 0.24699 0.0709063 0.103313
0 0.245266 0.400729 0.121125 0.2995
0 0.138484 0.168896 0.0755625 0.168667
0 0.108289 0.265448 0.104672 0.161021
0 0.313883 0.275313 0.0611094 0.1605
40 0.595164 0.163708 0.0114531 0.0280417
40 0.645445 0.169687 0.00901562 0.018
40 0.665906 0.173802 0.0122813 0.0172292
45 0.450281 0.541042 0.0367188 0.0272083
0 0.759742 0.394167 0.159109 0.279
56 0.922117 0.504365 0.0698594 0.136021
45 0.619922 0.427521 0.029375 0.0155833
