39 0.314305 0.756799 0.0422969 0.176822
39 0.349883 0.869077 0.0574844 0.168995
56 0.910367 0.90257 0.166828 0.167757
60 0.334375 0.820748 0.66875 0.334907
0 0.475664 0.501472 0.140641 0.373645
0 0.720961 0.528084 0.277516 0.943832
43 0.48832 0.831951 0.0895781 0.0546963
68 0.357664 0.399871 0.167578 0.136565
47 0.4925 0.773505 0.0387813 0.0654206
47 0.524336 0.732979 0.0470469 0.0696963
47 0.571844 0.716086 0.04425 0.068014
71 0.64218 0.359813 0.0430781 0.0331776
47 0.181508 0.688668 0.0472031 0.0637383
47 0.188102 0.623002 0.0439531 0.0617056
47 0.248 0.634591 0.032625 0.0221262
47 0.195852 0.632033 0.146609 0.164673
47 0.216719 0.662021 0.0336875 0.053528
68 0.352617 0.298703 0.138953 0.098715
71 0.679 0.357921 0.035875 0.0246262
