4 0.498867 0.383408 0.983297 0.600913
27 0.0562344 0.43999 0.0135 0.0649515
0 0.825414 0.453825 0.0566719 0.232816
0 0.0513047 0.506932 0.0737969 0.288583
0 0.113539 0.379816 0.0271094 0.0990485
0 0.138672 0.429398 0.0661875 0.243845
0 0.177148 0.442835 0.0912969 0.221049
0 0.223828 0.444204 0.04775 0.206583
0 0.278813 0.442573 0.0592188 0.21668
0 0.25075 0.488136 0.0608437 0.117903
0 0.0980234 0.445689 0.0628281 0.239417
27 0.821922 0.386039 0.0194375 0.0182524
27 0.219656 0.397748 0.00790625 0.0324272
0 0.303891 0.481505 0.0405313 0.139243
0 0.834703 0.454602 0.0316875 0.182019
0 0.868828 0.45834 0.0525312 0.199786
