3 0.817937 0.539479 0.0122813 0.031875
3 0.391188 0.252698 0.0328125 0.0241458
3 0.441148 0.248698 0.0349531 0.0261875
3 0.637133 0.859823 0.0142031 0.0420625
5 0.76243 0.415438 0.0623594 0.113458
5 0.832172 0.326396 0.0542813 0.0894167
5 0.378734 0.349646 0.0781563 0.11425
0 0.818477 0.527208 0.0163594 0.0450833
0 0.431953 0.234062 0.0111562 0.0287083
0 0.382602 0.234771 0.0126719 0.0272083
0 0.636414 0.843604 0.0215156 0.0560833
0 0.437398 0.228885 0.00373438 0.0152292
9 0.626789 0.247854 0.00935937 0.032625
9 0.475477 0.162812 0.0116094 0.0342083
9 0.987195 0.199833 0.0159844 0.03225
9 0.415539 0.188406 0.0126406 0.0332708
0 0.01225 0.58975 0.0167813 0.0604167
0 0.389711 0.241479 0.0111406 0.0356667
2 0.416523 0.56299 0.0531719 0.0650208
2 0.364812 0.517375 0.0467813 0.0602083
2 0.386867 0.476448 0.0515469 0.0568125
2 0.527102 0.667948 0.0398594 0.0543125
2 0.439867 0.416042 0.0416406 0.0406667
2 0.449008 0.393323 0.0448594 0.0457292
2 0.468531 0.374594 0.0398437 0.0442292
2 0.690461 0.60475 0.0534219 0.0695833
2 0.529555 0.38375 0.0386094 0.0510417
2 0.351648 0.709969 0.0499219 0.0573542
2 0.766008 0.586146 0.0589844 0.0674167
2 0.416641 0.438417 0.0428125 0.047625
5 0.79343 0.372688 0.0659219 0.101
5 0.84407 0.263406 0.0607031 0.0624792
0 0.0546797 0.333396 0.0195469 0.04225
7 0.961633 0.197063 0.0423281 0.060625
7 0.92832 0.172958 0.0407031 0.0570833
9 0.728961 0.159677 0.0143594 0.0308542
9 0.32818 0.277708 0.00795313 0.0169167
2 0.47093 0.749948 0.0502031 0.0693958
7 0.690477 0.330635 0.0462656 0.0587708
7 0.758875 0.179937 0.0419375 0.0420833
7 0.0440938 0.909781 0.0741563 0.0768958
7 0.458555 0.498854 0.0467969 0.059125
7 0.600953 0.25725 0.0799688 0.057
7 0.119453 0.940906 0.069375 0.0850208
7 0.200258 0.721052 0.0506094 0.0765208
7 0.792156 0.36901 0.0513438 0.0886875
9 0.636641 0.247125 0.0074375 0.0326667
