6 0.288766 0.773187 0.375281 0.422469
6 0.754773 0.588625 0.297359 0.130094
0 0.0686719 0.645031 0.0165313 0.0355313
0 0.0727812 0.674031 0.016875 0.0367188
0 0.0741797 0.720984 0.0192656 0.046625
0 0.807305 0.727109 0.0272344 0.04325
0 0.0340625 0.744578 0.018 0.0436563
0 0.64693 0.665023 0.0249531 0.0357031
0 0.0302266 0.793844 0.0170469 0.0139063
0 0.542141 0.627641 0.0129062 0.0433125
13 0.813734 0.731148 0.0648125 0.0464531
0 0.0922187 0.673344 0.0163438 0.0464062
0 0.0495859 0.681906 0.0138594 0.039125
0 0.0289297 0.675797 0.0151406 0.0375625
0 0.0483984 0.733977 0.0112344 0.0392031
6 0.465367 0.527172 0.279609 0.099125
0 0.467195 0.586211 0.0110781 0.0157969
13 0.539805 0.62243 0.0567656 0.0349531
13 0.65093 0.669844 0.0326406 0.0229687
13 0.461703 0.59693 0.025875 0.0172656
13 0.844914 0.726211 0.0543594 0.0388281
13 0.574648 0.625164 0.0264844 0.0198906
13 0.506414 0.605313 0.0241719 0.0148125
