39 0.544836 0.849918 0.0622969 0.300164
39 0.210203 0.750176 0.0789062 0.417213
39 0.828258 0.789918 0.0587031 0.263958
56 0.897641 0.692541 0.202156 0.167939
56 0.32107 0.557002 0.0527656 0.02637
60 0.516914 0.877248 0.958703 0.220726
0 0.677047 0.591405 0.253844 0.418548
0 0.576273 0.563735 0.117297 0.283536
0 0.193437 0.636756 0.305125 0.525176
41 0.0975547 0.888501 0.0812031 0.222998
39 0.761297 0.558244 0.0134375 0.05274
39 0.607656 0.871124 0.0655937 0.257752
41 0.667617 0.918923 0.0834531 0.145761
41 0.335602 0.784415 0.0544531 0.174496
41 0.978812 0.755222 0.0418437 0.166885
43 0.697273 0.835468 0.0366094 0.0861124
56 0.317258 0.664543 0.0163906 0.0687119
56 0.373328 0.621347 0.0599688 0.173044
56 0.517641 0.662248 0.0289687 0.130258
60 0.328641 0.643653 0.0868437 0.110632
60 0.827156 0.606663 0.121906 0.0522014
0 0.851336 0.50192 0.166641 0.179391
0 0.95943 0.551733 0.0811406 0.241171
0 0.842 0.554614 0.0965 0.127635
39 0.49207 0.824005 0.0632969 0.27452
39 0.924273 0.770785 0.0715469 0.185925
41 0.774602 0.916288 0.0902344 0.167424
41 0.751344 0.557119 0.01475 0.037377
39 0.733867 0.531112 0.0223906 0.0730913
