31 0.57748 0.775375 0.84504 0.297538
31 0.162 0.697087 0.324 0.22973
0 0.9787 0.31518 0.02956 0.0838138
0 0.69072 0.322282 0.01936 0.0553754
0 0.7644 0.333739 0.01952 0.0424324
0 0.89093 0.346441 0.01358 0.0242943
0 0.69672 0.140105 0.01592 0.0605706
0 0.80018 0.338934 0.0064 0.0161261
0 0.70974 0.1447 0.0172 0.0712613
0 0.8329 0.35467 0.00608 0.00933934
0 0.67906 0.138288 0.01884 0.0636036
0 0.6583 0.185586 0.01352 0.0472072
0 0.34957 0.440511 0.41922 0.502823
0 0.60387 0.456111 0.4261 0.476486
