0 0.67918 0.718831 0.164297 0.305094
0 0.812086 0.609165 0.0478594 0.150146
0 0.273289 0.60239 0.0270156 0.095762
0 0.0648047 0.613048 0.0509219 0.102296
34 0.559328 0.647203 0.122125 0.0488518
35 0.839789 0.725125 0.0242031 0.0588518
0 0.740852 0.590835 0.0255781 0.0847599
13 0.651141 0.585292 0.0595938 0.0393111
35 0.0789766 0.617213 0.0117344 0.0166806
13 0.569063 0.592537 0.01925 0.0172234
13 0.588477 0.577787 0.0595156 0.00634656
0 0.912687 0.756002 0.174625 0.228246
13 0.758547 0.605793 0.069625 0.0221503
