62 0.815578 0.317375 0.178437 0.252375
62 0.687242 0.071125 0.451891 0.14225
39 0.517883 0.294437 0.0959531 0.571417
60 0.5 0.730635 1 0.516771
40 0.336883 0.422896 0.130453 0.337042
40 0.69275 0.421156 0.130969 0.328771
41 0.338797 0.422063 0.129875 0.329167
51 0.381562 0.652677 0.0597812 0.0637708
41 0.693961 0.419479 0.137766 0.32925
51 0.864484 0.789333 0.0169687 0.0636667
51 0.831336 0.800396 0.0602031 0.0192083
51 0.878852 0.750865 0.0427969 0.0568542
51 0.924875 0.835938 0.111312 0.174542
51 0.33782 0.667333 0.0442344 0.020875
51 0.324125 0.639083 0.0318125 0.0462917
51 0.813563 0.717708 0.0310625 0.0421667
51 0.831164 0.771271 0.0279844 0.052
51 0.426898 0.629385 0.0579531 0.0473125
51 0.337859 0.697083 0.0330937 0.045625
51 0.434523 0.705021 0.0435781 0.0501667
