0 0.3435 0.61907 0.0719687 0.580135
0 0.491109 0.51124 0.112031 0.442695
0 0.643516 0.542844 0.112031 0.330323
0 0.621281 0.496739 0.1545 0.401563
0 0.955 0.817574 0.09 0.344582
0 0.897273 0.189838 0.0618281 0.101186
0 0.763977 0.182237 0.0892031 0.109488
0 0.701211 0.194353 0.0494531 0.0877898
34 0.501602 0.291914 0.0840156 0.17035
35 0.383414 0.593073 0.0323594 0.0773046
35 0.644617 0.539677 0.0379844 0.0726685
0 0.908344 0.162574 0.0519687 0.157709
0 0.983047 0.109609 0.0328437 0.0911321
0 0.960766 0.192022 0.0639062 0.0880863
0 0.857578 0.14996 0.0501562 0.112642
0 0.835992 0.191146 0.0549219 0.0932345
