17 0.292518 0.639125 0.585037 0.673125
2 0.655885 0.613328 0.417764 0.206844
0 0.243833 0.221352 0.473514 0.411234
0 0.786167 0.596281 0.084226 0.051625
0 0.709988 0.53482 0.106658 0.119641
0 0.624079 0.489891 0.0786732 0.0665313
0 0.704103 0.477508 0.105356 0.0787969
0 0.799853 0.541414 0.0715479 0.132578
0 0.911966 0.513203 0.0767076 0.0834688
0 0.983071 0.487289 0.0282555 0.0386719
0 0.968256 0.600531 0.0634889 0.262375
0 0.581499 0.490406 0.0485504 0.0552188
67 0.789103 0.539195 0.0130958 0.0112969
0 0.455405 0.653242 0.126634 0.122078
67 0.719189 0.494211 0.0170516 0.00767187
0 0.872432 0.5935 0.119803 0.257437
