19 0.21625 0.828086 0.140469 0.253148
19 0.297547 0.821497 0.0970312 0.20713
19 0.355602 0.815648 0.111922 0.192222
19 0.426664 0.783395 0.107578 0.135741
19 0.5485 0.798873 0.129 0.145586
19 0.894391 0.813457 0.0898438 0.139321
19 0.666297 0.786466 0.058 0.116636
19 0.704031 0.789321 0.0295312 0.118148
19 0.800227 0.826019 0.0632656 0.158395
0 0.842055 0.807917 0.0280469 0.277006
0 0.21307 0.693858 0.0177344 0.0332716
0 0.00722656 0.737716 0.0144531 0.147778
19 0.621547 0.793333 0.0758438 0.130988
19 0.220031 0.883164 0.0455625 0.0587963
0 0.654492 0.720077 0.0182969 0.0278704
