2 0.162906 0.531177 0.0741875 0.0645208
2 0.855336 0.561792 0.176953 0.269667
2 0.208031 0.509823 0.0272812 0.0213542
2 0.0493984 0.53076 0.0966406 0.0890625
3 0.219336 0.541771 0.0314531 0.059
3 0.24368 0.535094 0.0134219 0.0667708
0 0.21932 0.52576 0.0295156 0.0862708
7 0.509828 0.478646 0.571344 0.871917
28 0.530055 0.470802 0.0917031 0.336479
28 0.651148 0.447698 0.184578 0.330604
2 0.0116953 0.490042 0.0233906 0.0413333
0 0.0601406 0.56375 0.0598437 0.212
0 0.133563 0.501906 0.0125312 0.0391875
