0 0.534758 0.654708 0.235422 0.668167
0 0.939945 0.334729 0.109078 0.341542
0 0.321859 0.295677 0.0282187 0.112896
0 0.402375 0.286917 0.031875 0.125292
0 0.358719 0.216615 0.0163125 0.0469375
0 0.32043 0.216469 0.0141719 0.0511042
0 0.696516 0.235875 0.01725 0.026625
0 0.366695 0.298125 0.0249844 0.0397917
13 0.471023 0.624583 0.723922 0.725542
24 0.910852 0.270646 0.0561094 0.118167
26 0.380867 0.732875 0.144297 0.149875
0 0.839969 0.228375 0.016875 0.0537917
0 0.853539 0.230854 0.0166094 0.04075
0 0.405422 0.204906 0.0133437 0.0422708
13 0.769359 0.258604 0.0802188 0.0195833
0 0.869523 0.240802 0.0188906 0.0262292
0 0.341945 0.212115 0.0180469 0.0552708
13 0.708766 0.257719 0.04175 0.0162708
13 0.637578 0.245625 0.051125 0.0116667
