39 0.204352 0.789716 0.0727344 0.371185
39 0.243633 0.757595 0.0477344 0.298697
39 0.0632969 0.0823815 0.022375 0.0870853
39 0.598141 0.916291 0.0598125 0.144716
72 0.890437 0.606896 0.219125 0.584265
74 0.144906 0.238104 0.03 0.23782
0 0.712828 0.581114 0.32325 0.662512
40 0.154484 0.803294 0.0551875 0.223318
44 0.505242 0.500344 0.0178906 0.0517299
44 0.497109 0.49218 0.0169063 0.0637441
45 0.911977 0.260995 0.0487969 0.0410427
45 0.452398 0.961801 0.215516 0.0763981
45 0.849734 0.284088 0.101156 0.0674645
47 0.457586 0.923175 0.0664531 0.106588
47 0.513445 0.948507 0.0598594 0.0894313
47 0.405094 0.896647 0.0649375 0.0871801
47 0.447352 0.966078 0.169359 0.0678436
68 0.62193 0.35609 0.196078 0.172891
69 0.577055 0.652986 0.122547 0.363981
71 0.629352 0.942417 0.274109 0.115166
44 0.471633 0.48295 0.0226094 0.0337204
44 0.472188 0.508874 0.0163125 0.0393128
41 0.737313 0.973531 0.0527188 0.0529384
41 0.789047 0.987464 0.0558125 0.023128
43 0.361063 0.544941 0.022625 0.038128
43 0.346609 0.540415 0.0157188 0.0248578
43 0.373359 0.544348 0.0229062 0.0394076
43 0.373453 0.564005 0.01975 0.0307583
43 0.379453 0.543341 0.0140625 0.0198104
43 0.381523 0.554834 0.0172656 0.029763
43 0.370523 0.558246 0.0103594 0.0123223
41 0.0155 0.352749 0.026625 0.0651659
41 0.374469 0.625936 0.02575 0.0735782
43 0.369938 0.540296 0.0189062 0.028128
43 0.355195 0.543057 0.0220156 0.0327014
41 0.0198516 0.479171 0.0277656 0.0547393
41 0.0675937 0.477761 0.018 0.0613981
39 0.0255234 0.0834005 0.0201094 0.0954265
39 0.0154844 0.0548223 0.014625 0.0714455
39 0.0399375 0.0764218 0.0187812 0.11128
39 0.00741406 0.0841351 0.0145156 0.0990758
