3 0.400906 0.559637 0.688125 0.609859
3 0.0762891 0.429637 0.152578 0.248876
3 0.151453 0.382541 0.0769375 0.113372
67 0.707172 0.279707 0.0061875 0.0137939
67 0.824727 0.256674 0.0114219 0.0121311
26 0.721313 0.343689 0.03825 0.104848
0 0.345586 0.460667 0.190422 0.835948
0 0.445648 0.304473 0.0417656 0.153583
0 0.549898 0.24781 0.0253594 0.0681733
0 0.708203 0.367482 0.0649375 0.258384
0 0.767828 0.360562 0.0630625 0.286511
0 0.8315 0.367752 0.0654375 0.292225
0 0.955039 0.353337 0.0899219 0.316838
0 0.906508 0.373044 0.0569531 0.245152
0 0.496508 0.272904 0.0546406 0.128712
0 0.656102 0.338841 0.0511094 0.13103
0 0.873422 0.341311 0.0385625 0.229649
67 0.744625 0.372799 0.0038125 0.0169321
0 0.398812 0.246066 0.0689687 0.186511
26 0.965727 0.295972 0.0230781 0.0601874
67 0.972039 0.258384 0.0101094 0.00487119
67 0.93857 0.272763 0.0105469 0.00435597
67 0.704047 0.245796 0.00940625 0.0104215
0 0.983 0.344637 0.034 0.338595
9 0.756648 0.109274 0.0386406 0.0544731
24 0.906969 0.30637 0.03425 0.0370023
