25 0.766734 0.283167 0.12375 0.0690833
25 0.670687 0.333719 0.109969 0.0555208
25 0.818078 0.357969 0.0890625 0.0552292
25 0.813633 0.608938 0.103672 0.0347917
25 0.940609 0.803094 0.118781 0.0889792
25 0.817437 0.807073 0.152188 0.117563
25 0.671266 0.773458 0.16275 0.0665
25 0.573563 0.767729 0.134656 0.065875
77 0.341508 0.683688 0.427828 0.632625
0 0.903008 0.844573 0.0243906 0.0317292
0 0.927078 0.845281 0.023125 0.0333958
0 0.954148 0.880948 0.0252031 0.101146
0 0.721242 0.9125 0.0253281 0.08375
25 0.136656 0.722219 0.0542188 0.0174375
0 0.681242 0.863094 0.0200156 0.0803958
0 0.657359 0.843979 0.0159688 0.033625
0 0.663695 0.395323 0.0146719 0.0530208
0 0.684773 0.39424 0.0123594 0.0562708
0 0.763656 0.328604 0.009 0.0215833
0 0.792977 0.356115 0.0166406 0.0506042
0 0.867875 0.888896 0.0340625 0.108333
0 0.802156 0.841281 0.0162813 0.0396458
0 0.732352 0.837156 0.0139844 0.0238542
