19 0.294234 0.857033 0.124875 0.195579
19 0.401812 0.852801 0.0394375 0.107589
19 0.408406 0.802246 0.043875 0.0513948
19 0.439813 0.859338 0.0440625 0.136501
19 0.475102 0.844031 0.0532344 0.156619
19 0.512781 0.844988 0.03925 0.140236
19 0.538094 0.810307 0.0349687 0.141324
19 0.592672 0.847648 0.059 0.153688
19 0.582211 0.785106 0.0431719 0.0791017
19 0.671687 0.829835 0.0531875 0.176407
19 0.37325 0.833333 0.033375 0.127139
19 0.525461 0.680603 0.0147031 0.0454137
19 0.341406 0.834078 0.0449062 0.13331
19 0.801016 0.83273 0.059625 0.133215
19 0.546 0.759385 0.0665625 0.0674704
0 0.208273 0.842766 0.0755156 0.253191
0 0.723281 0.845567 0.0504687 0.179314
19 0.637992 0.830296 0.0315156 0.127305
0 0.892383 0.904527 0.0177656 0.0421513
2 0.754266 0.602813 0.01675 0.0115839
7 0.758867 0.604255 0.0283594 0.0126241
19 0.426875 0.778487 0.019375 0.0339007
2 0.739687 0.602979 0.0112187 0.0098818
