13 0.574289 0.574503 0.106078 0.0725536
35 0.752906 0.359045 0.0615625 0.110994
0 0.5945 0.194698 0.08625 0.131072
0 0.719023 0.522778 0.200797 0.711715
0 0.916844 0.52809 0.144094 0.350565
0 0.309328 0.523704 0.170344 0.362417
0 0.312578 0.322437 0.118656 0.207018
0 0.421844 0.351891 0.0838437 0.139454
0 0.585414 0.0816472 0.111672 0.155068
0 0.0918672 0.502242 0.172922 0.375283
0 0.30032 0.134903 0.147391 0.160409
13 0.268563 0.527554 0.537062 0.13694
13 0.918898 0.557476 0.162203 0.131326
39 0.311289 0.668129 0.0151406 0.0524756
56 0.602852 0.301706 0.0940781 0.0850877
56 0.507609 0.358051 0.0968125 0.0381676
56 0.808258 0.307797 0.0913281 0.0780507
56 0.906094 0.307827 0.104625 0.0820078
56 0.891031 0.226491 0.0924375 0.0811696
56 0.813195 0.225575 0.0872344 0.0797661
56 0.691117 0.112719 0.118891 0.179513
56 0.484945 0.0584893 0.0978594 0.0833333
56 0.0464375 0.306998 0.0921875 0.11922
56 0.528937 0.456092 0.0876875 0.081345
56 0.170609 0.3746 0.142219 0.152086
0 0.512984 0.260809 0.1235 0.176862
0 0.697937 0.172173 0.105656 0.196394
32 0.0844297 0.105653 0.0258281 0.0296686
56 0.287914 0.118041 0.101891 0.0489084
0 0.0520234 0.0630117 0.104047 0.126023
39 0.574672 0.661452 0.0179063 0.0687135
56 0.389797 0.129883 0.099 0.0766862
0 0.466688 0.533733 0.172187 0.322203
