37 0.880312 0.333341 0.239375 0.123879
37 0.201375 0.472348 0.117219 0.164042
37 0.622375 0.45771 0.200469 0.798645
0 0.488484 0.346706 0.0272188 0.0661682
0 0.522586 0.382932 0.0651719 0.209743
0 0.18568 0.525876 0.113297 0.31764
0 0.0625781 0.40285 0.0668125 0.0979439
0 0.280758 0.378435 0.0549844 0.134159
0 0.202125 0.343259 0.112719 0.159556
0 0.593211 0.459988 0.102047 0.452874
37 0.0919062 0.428096 0.0636875 0.0675935
37 0.741375 0.371051 0.0161563 0.0192523
0 0.623727 0.294603 0.0137031 0.0514019
0 0.155844 0.314393 0.0560937 0.121589
0 0.671758 0.617979 0.159297 0.507874
0 0.860344 0.557886 0.083375 0.492313
37 0.30168 0.409346 0.0361719 0.0780374
0 0.72325 0.368843 0.050375 0.0358178
