0 0.298391 0.863083 0.187094 0.251625
0 0.548547 0.801292 0.249656 0.397417
0 0.86593 0.768 0.0434531 0.106875
0 0.0609531 0.725771 0.0284375 0.104208
0 0.0255547 0.703344 0.0322969 0.0770208
1 0.05575 0.77101 0.0999687 0.0751875
2 0.214531 0.73874 0.13175 0.0675625
12 0.199969 0.769531 0.01475 0.0310625
56 0.488211 0.861708 0.208266 0.276583
0 0.838336 0.805177 0.0785469 0.164354
2 0.114062 0.695167 0.0800625 0.05
2 0.302937 0.721729 0.0769688 0.0385
2 0.0941641 0.725812 0.116766 0.101833
56 0.816953 0.869594 0.0758125 0.114437
0 0.692187 0.746188 0.161812 0.272833
0 0.951367 0.75999 0.0752031 0.0950625
0 0.047625 0.72374 0.0231875 0.0796458
