2 0.803328 0.383593 0.0535625 0.0354875
2 0.372336 0.404359 0.0338594 0.0291086
2 0.632133 0.391797 0.0265781 0.0307799
0 0.571781 0.444109 0.039375 0.163872
0 0.0951719 0.53078 0.190344 0.586518
0 0.497906 0.439596 0.0255625 0.0527855
0 0.0744375 0.502256 0.0590625 0.248858
29 0.527109 0.273816 0.0415312 0.0266295
2 0.352664 0.404833 0.0139531 0.0223677
0 0.527594 0.399178 0.0105625 0.0201393
0 0.836516 0.373552 0.010125 0.0450975
2 0.589438 0.393175 0.02325 0.0249025
2 0.226672 0.406755 0.016 0.0183008
2 0.485469 0.396713 0.035125 0.0306407
