2 0.05288 0.602053 0.10576 0.0621867
2 0.76501 0.50532 0.02854 0.02616
2 0.87815 0.528173 0.03562 0.0446667
2 0.86743 0.53168 0.0303 0.03952
9 0.81069 0.312973 0.0523 0.210907
0 0.91805 0.544373 0.01426 0.0536533
0 0.94528 0.55216 0.0148 0.0589867
2 0.86896 0.482827 0.01484 0.0134933
2 0.89625 0.509347 0.00958 0.0161867
9 0.20861 0.505173 0.01214 0.03328
9 0.19297 0.5116 0.00494 0.0211733
9 0.75723 0.381987 0.03198 0.0923467
2 0.80798 0.495627 0.01116 0.0198933
2 0.88409 0.525027 0.10002 0.110853
