3 0.258 0.647518 0.291656 0.648635
3 0.924469 0.532176 0.150719 0.468212
0 0.592102 0.603824 0.168922 0.666988
0 0.818953 0.299894 0.0375313 0.105059
0 0.777258 0.315776 0.0358281 0.133388
0 0.921422 0.334659 0.0875625 0.233459
0 0.965711 0.288012 0.0685781 0.163647
0 0.346945 0.364824 0.0493281 0.104141
0 0.749422 0.322235 0.0210625 0.0811294
3 0.872102 0.489871 0.219484 0.486471
25 0.897453 0.1708 0.167656 0.105176
25 0.761437 0.189624 0.204719 0.126447
0 0.244734 0.368541 0.122375 0.139341
0 0.418289 0.349282 0.0374219 0.0906118
3 0.687781 0.684824 0.326937 0.545035
3 0.113453 0.659494 0.191125 0.416729
3 0.456875 0.521765 0.129375 0.369882
3 0.426352 0.488965 0.104422 0.315859
0 0.458445 0.328624 0.0396719 0.0493412
0 0.278008 0.350553 0.0424219 0.0773882
3 0.485859 0.407141 0.0626562 0.0786588
25 0.547297 0.222682 0.214406 0.0892706
0 0.312141 0.329424 0.0259375 0.0572941
0 0.548102 0.509376 0.100578 0.546424
