0 0.827922 0.875596 0.0318437 0.138248
0 0.935875 0.85139 0.0303125 0.108201
0 0.756508 0.836297 0.0183281 0.021986
0 0.849359 0.874813 0.0191562 0.0494393
0 0.782516 0.818248 0.0116562 0.0474766
0 0.757641 0.808855 0.00509375 0.0211682
0 0.621563 0.829428 0.0075625 0.0266121
26 0.83493 0.843178 0.0202656 0.0497664
33 0.270961 0.242921 0.0579531 0.0669626
33 0.27943 0.381414 0.242359 0.154603
33 0.22568 0.57965 0.0973906 0.0652336
33 0.0481094 0.619708 0.0949375 0.099229
33 0.47768 0.199054 0.0214531 0.0194159
33 0.348891 0.459836 0.0890312 0.066215
33 0.594258 0.303014 0.0184531 0.0169626
33 0.681625 0.545315 0.00759375 0.0071729
33 0.695383 0.407091 0.0146719 0.0145561
33 0.460508 0.566098 0.0334531 0.0184112
33 0.425172 0.0134346 0.020375 0.0242523
0 0.503797 0.816846 0.0154375 0.0120561
0 0.967258 0.808995 0.0134531 0.0219159
0 0.77125 0.816904 0.0142813 0.0503505
0 0.912023 0.873738 0.0255469 0.0688318
26 0.951359 0.870456 0.0129688 0.0351636
33 0.493953 0.547407 0.0634062 0.0460748
33 0.158391 0.702967 0.0229375 0.0319159
0 0.0506719 0.812909 0.00828125 0.0238551
0 0.024125 0.812266 0.0065 0.0246262
