62 0.200437 0.714601 0.296156 0.417981
2 0.505664 0.21412 0.0384844 0.0417606
2 0.678641 0.212911 0.0705313 0.0437559
3 0.980961 0.220739 0.0380781 0.0905399
3 0.785336 0.235728 0.0352344 0.0666667
3 0.321664 0.222582 0.0251094 0.0834742
5 0.38682 0.188991 0.0711406 0.106901
0 0.809148 0.206772 0.0189844 0.0936854
0 0.938656 0.2073 0.0390625 0.125211
0 0.957281 0.20169 0.0235 0.114507
0 0.342062 0.210833 0.0125312 0.04777
0 0.782781 0.194871 0.0325312 0.0970188
0 0.557633 0.206185 0.00617188 0.0266901
2 0.439578 0.212453 0.0414687 0.0300704
60 0.267359 0.478204 0.334344 0.1773
62 0.462953 0.701878 0.243812 0.379765
0 0.974336 0.210246 0.0204219 0.0598357
0 0.818281 0.205681 0.0154062 0.0915962
2 0.721414 0.210164 0.0502031 0.0548357
0 0.820859 0.172735 0.00971875 0.0217606
0 0.925258 0.212136 0.0236719 0.100798
