0 0.280289 0.50007 0.114953 0.356457
36 0.336125 0.552622 0.0335625 0.152238
36 0.760188 0.716422 0.0579687 0.0668765
36 0.941836 0.68796 0.0618594 0.0329837
36 0.175719 0.638228 0.0593125 0.0173427
36 0.0847578 0.649487 0.0612656 0.0325408
36 0.362656 0.60535 0.0201875 0.0170396
36 0.467602 0.60169 0.0273906 0.0117716
36 0.602656 0.571643 0.0060625 0.00543124
36 0.82257 0.608706 0.0435156 0.0164802
0 0.171586 0.551364 0.0610156 0.171445
0 0.949734 0.52697 0.0979063 0.307879
0 0.737719 0.576795 0.0740937 0.340396
0 0.818617 0.514219 0.0461719 0.166434
0 0.862977 0.53479 0.0229531 0.12711
0 0.433492 0.54042 0.0682344 0.221538
0 0.598594 0.538765 0.0161563 0.0718881
0 0.405273 0.537133 0.0349219 0.142145
0 0.515813 0.507541 0.0449688 0.0790909
0 0.366609 0.549685 0.0303438 0.106876
0 0.649758 0.533019 0.0252969 0.0825408
0 0.0843359 0.579942 0.0651719 0.137925
