0 0.157125 0.340031 0.307792 0.371688
0 0.395677 0.407062 0.272812 0.456406
0 0.610323 0.449805 0.323146 0.483484
0 0.75075 0.609234 0.4985 0.76125
0 0.775021 0.303047 0.412333 0.602719
43 0.506156 0.660617 0.198937 0.126984
55 0.446156 0.714805 0.224188 0.191328
60 0.51051 0.765766 0.378396 0.439187
73 0.0497604 0.0879609 0.0123542 0.0391094
73 0.0813229 0.185719 0.137979 0.0426875
73 0.0524792 0.232008 0.010125 0.0373594
73 0.0350208 0.278102 0.0335 0.0366094
73 0.1035 0.141109 0.0154167 0.0338125
73 0.301146 0.0557344 0.00458333 0.0356563
73 0.286906 0.0131719 0.00672917 0.0246562
73 0.0896042 0.137852 0.153958 0.0446094
73 0.138885 0.0925312 0.0126875 0.0388437
73 0.183292 0.0946641 0.00495833 0.0384531
73 0.246531 0.0967187 0.144354 0.0489062
73 0.104875 0.0920703 0.004875 0.0379219
56 0.574521 0.344422 0.0557917 0.0875937
0 0.230896 0.736984 0.447917 0.492188
73 0.236563 0.124719 0.055375 0.00515625
