0 0.430617 0.487646 0.183703 0.696625
65 0.477383 0.441406 0.0487656 0.0386458
73 0.841938 0.127833 0.110656 0.049
57 0.914203 0.324385 0.171594 0.274271
73 0.841016 0.105625 0.1045 0.0359583
73 0.422945 0.0329688 0.0197969 0.0111875
73 0.381437 0.154594 0.044875 0.00822917
73 0.88225 0.289937 0.0328437 0.127833
73 0.96075 0.184365 0.0785 0.0467708
73 0.832492 0.0430625 0.0677656 0.0187083
73 0.861914 0.283833 0.0275156 0.135417
73 0.841609 0.0730729 0.0921875 0.0375208
73 0.908391 0.288177 0.0198125 0.105646
73 0.968859 0.136115 0.0622812 0.0364792
73 0.847078 0.263156 0.165187 0.186729
56 0.600977 0.314281 0.333109 0.628562
73 0.97218 0.0870625 0.0556406 0.0264583
