0 0.512211 0.72522 0.159797 0.518013
0 0.393406 0.415638 0.0389688 0.130858
0 0.520141 0.379393 0.0640312 0.195188
38 0.572016 0.75068 0.0216562 0.126715
32 0.459648 0.489634 0.00779687 0.0102301
32 0.636344 0.52523 0.007 0.00882845
32 0.45443 0.476611 0.00726563 0.00857741
32 0.7715 0.408368 0.0066875 0.0067364
32 0.44268 0.41249 0.00551562 0.00569038
32 0.311875 0.412364 0.00440625 0.0060251
32 0.16032 0.449006 0.00651562 0.00930962
32 0.637758 0.440429 0.00595313 0.00721757
32 0.130758 0.393766 0.00432813 0.00719665
32 0.811273 0.483337 0.00870313 0.0109833
38 0.380531 0.396464 0.019 0.0431381
32 0.882055 0.443515 0.00507813 0.00648536
