32 0.300622 0.201398 0.0371092 0.0393281
34 0.709756 0.501062 0.262975 0.0669687
0 0.929832 0.276695 0.140336 0.196703
0 0.708403 0.633367 0.231059 0.136047
0 0.467714 0.578656 0.461681 0.676406
0 0.0350588 0.312719 0.0671933 0.144437
0 0.512521 0.266547 0.130992 0.155656
0 0.799681 0.21543 0.176101 0.222547
0 0.260588 0.639641 0.204437 0.2215
0 0.142605 0.301125 0.159529 0.166281
0 0.675496 0.178594 0.150454 0.237687
0 0.57263 0.16393 0.147546 0.283703
39 0.801353 0.306711 0.0130252 0.0157969
0 0.320773 0.12925 0.0804706 0.1105
0 0.425513 0.228586 0.114992 0.167984
39 0.882941 0.302508 0.0203025 0.0279844
0 0.969966 0.658094 0.0600672 0.1025
