60 0.509258 0.667294 0.155953 0.634539
0 0.165773 0.530524 0.306266 0.90808
0 0.328031 0.573292 0.237 0.853416
0 0.448023 0.344688 0.0912344 0.207581
0 0.0595156 0.053616 0.0861875 0.098404
0 0.0347891 0.235274 0.0670469 0.378828
41 0.570664 0.589439 0.0253594 0.0690025
40 0.754828 0.819401 0.10025 0.334115
40 0.764398 0.595411 0.0745156 0.119601
40 0.857875 0.694551 0.0865625 0.267207
40 0.95868 0.727805 0.0826406 0.291471
40 0.653539 0.798778 0.0954844 0.366334
40 0.88407 0.821908 0.106141 0.356185
40 0.567539 0.440125 0.0198594 0.0382544
40 0.575445 0.448828 0.0179219 0.0269825
56 0.515547 0.886359 0.108375 0.227282
60 0.749922 0.75394 0.500156 0.433716
0 0.293844 0.12702 0.0950938 0.167606
0 0.340547 0.114663 0.0772188 0.145736
40 0.526141 0.60581 0.0237813 0.0841397
40 0.968672 0.937057 0.0626562 0.125885
40 0.954867 0.529875 0.0902656 0.166234
56 0.922172 0.428965 0.154625 0.212494
40 0.555602 0.574613 0.0246719 0.0787531
60 0.247906 0.23793 0.0366875 0.033616
0 0.640391 0.531172 0.249 0.625985
0 0.5665 0.673579 0.139594 0.487057
0 0.0574141 0.645012 0.114828 0.274414
0 0.789617 0.395998 0.0796094 0.285711
40 0.978266 0.817232 0.0434688 0.133217
