58 0.215008 0.456288 0.102703 0.253362
58 0.582156 0.512358 0.122219 0.188777
58 0.888672 0.527751 0.1155 0.191703
58 0.57693 0.501081 0.151484 0.211681
57 0.420719 0.73131 0.334937 0.426943
57 0.137445 0.777675 0.274891 0.430895
56 0.813086 0.787129 0.281422 0.425742
56 0.439156 0.511408 0.127312 0.151332
74 0.758078 0.197511 0.0558438 0.091048
75 0.866836 0.228319 0.0258594 0.0680349
75 0.940117 0.235633 0.0251094 0.0531004
75 0.643523 0.240055 0.0133906 0.0787118
75 0.217938 0.545317 0.0329688 0.0666594
75 0.59382 0.572467 0.0388594 0.0633624
75 0.886898 0.588002 0.0314219 0.0662664
75 0.664359 0.259749 0.022125 0.034738
56 0.331055 0.497707 0.126109 0.102795
56 0.577953 0.427969 0.084875 0.0809607
56 0.95432 0.675753 0.0913594 0.297445
56 0.139406 0.773242 0.275094 0.446747
60 0.607883 0.671638 0.258766 0.231223
75 0.0286016 0.445284 0.0171094 0.0744105
