2 0.661671 0.787687 0.628042 0.299781
2 0.331554 0.63018 0.0517755 0.0291719
2 0.406097 0.631547 0.0348042 0.0157813
9 0.20876 0.461641 0.0284856 0.0422187
9 0.519634 0.468773 0.049295 0.0413906
2 0.501867 0.974477 0.996266 0.0336406
9 0.0511488 0.570156 0.00788512 0.0109375
9 0.354856 0.573781 0.00825065 0.0141563
9 0.432702 0.579133 0.0113055 0.0126719
9 0.482245 0.583453 0.0100261 0.0123125
9 0.56312 0.588219 0.00879896 0.0115
9 0.787023 0.489523 0.0318538 0.0190469
9 0.983198 0.492727 0.0336031 0.0147969
