15 0.605052 0.704914 0.557134 0.335578
57 0.5 0.666672 1 0.645156
77 0.239644 0.248164 0.160711 0.136172
77 0.0875209 0.350727 0.149477 0.182859
73 0.980523 0.310562 0.038954 0.0950312
73 0.907082 0.291758 0.0603138 0.0956094
73 0.941705 0.303266 0.103368 0.100437
73 0.893881 0.39475 0.0210669 0.0444063
73 0.902563 0.407383 0.0183891 0.0404531
73 0.963441 0.450289 0.0519038 0.0705156
73 0.924121 0.404781 0.0331799 0.0508125
77 0.186297 0.32575 0.0873222 0.0662812
73 0.929362 0.166375 0.0891423 0.128344
73 0.966391 0.180797 0.0552092 0.107469
73 0.969697 0.0415547 0.0606067 0.0737656
77 0.609477 0.55675 0.0764435 0.0945
77 0.350366 0.286695 0.207301 0.188859
