3 0.462992 0.617939 0.890078 0.739906
0 0.512008 0.553934 0.430297 0.865152
0 0.609586 0.0833372 0.0243906 0.0430211
0 0.208867 0.33897 0.0631094 0.207213
0 0.613273 0.155492 0.0342031 0.0922951
0 0.163727 0.385773 0.0602969 0.104192
0 0.835859 0.368536 0.0584687 0.161803
0 0.237844 0.278443 0.0538125 0.280117
0 0.10832 0.382951 0.0502344 0.12
0 0.476922 0.346651 0.0624375 0.151007
0 0.29182 0.19363 0.0627656 0.222061
0 0.514094 0.283536 0.0545 0.129696
26 0.0619609 0.240703 0.0373906 0.0517096
56 0.884055 0.323607 0.0467344 0.148103
0 0.164711 0.0598829 0.0260469 0.0606089
26 0.198641 0.196663 0.028625 0.0590398
0 0.645586 0.382881 0.0502656 0.12829
