51 0.626477 0.36 0.259984 0.122347
51 0.4625 0.628275 0.122656 0.19284
51 0.625688 0.664707 0.202031 0.171761
51 0.430695 0.696467 0.109641 0.244718
51 0.528125 0.851643 0.1625 0.296714
51 0.560711 0.819155 0.109078 0.114695
51 0.587 0.896667 0.075125 0.0743192
51 0.728352 0.677793 0.134984 0.142347
51 0.761156 0.754108 0.119031 0.12
51 0.775977 0.688357 0.0980469 0.0984038
51 0.801602 0.676878 0.111047 0.115728
44 0.778961 0.274155 0.442078 0.467418
50 0.370992 0.479096 0.0929844 0.195094
50 0.2685 0.70561 0.121156 0.14831
50 0.390461 0.421045 0.171922 0.239178
50 0.197891 0.556303 0.395781 0.768005
51 0.74382 0.4548 0.164734 0.0943427
50 0.232977 0.590845 0.182297 0.172911
50 0.267828 0.877711 0.160938 0.237864
51 0.403125 0.846373 0.148781 0.307254
