0 0.536 0.517974 0.412312 0.937073
35 0.729906 0.595773 0.0890312 0.257963
0 0.448266 0.830621 0.316344 0.338759
35 0.481297 0.927248 0.0941562 0.120023
32 0.658023 0.718548 0.0178281 0.0579859
13 0.169195 0.735574 0.334922 0.0659016
56 0.122602 0.574578 0.0326094 0.0783841
56 0.0940703 0.578185 0.0366406 0.0878923
56 0.233594 0.661241 0.0447813 0.0857611
56 0.153406 0.668372 0.0627188 0.0692506
56 0.208695 0.57671 0.0643594 0.0865808
56 0.086 0.505211 0.0295312 0.0546838
56 0.300164 0.6613 0.0506406 0.088548
13 0.0775234 0.466628 0.150922 0.032178
13 0.175898 0.628571 0.351797 0.0311475
56 0.192398 0.664227 0.0632344 0.08274
56 0.0623047 0.656768 0.0595156 0.0806089
56 0.0214375 0.57623 0.042875 0.0850585
