56 0.948141 0.745234 0.0558438 0.144533
0 0.633367 0.3959 0.0470469 0.16521
0 0.0907969 0.573318 0.181594 0.647056
0 0.235617 0.64389 0.130453 0.515678
0 0.355422 0.586519 0.250969 0.530327
0 0.541266 0.573843 0.211188 0.618715
0 0.733586 0.576857 0.211797 0.594042
0 0.381859 0.392617 0.0520625 0.0736449
0 0.852094 0.573785 0.162312 0.582009
43 0.780352 0.917932 0.106797 0.0321262
55 0.216531 0.896636 0.0842813 0.0548598
55 0.545203 0.895783 0.0509687 0.0408645
0 0.720242 0.340888 0.159141 0.248598
55 0.300984 0.975607 0.096375 0.048785
55 0.635398 0.974171 0.0361094 0.0480607
55 0.81068 0.871086 0.0929531 0.0456308
55 0.0221641 0.932442 0.0443281 0.054743
56 0.634156 0.797407 0.0390625 0.163224
0 0.982023 0.659743 0.0359531 0.363645
