56 0.578789 0.140887 0.283453 0.27867
56 0.344695 0.0942572 0.186109 0.185854
60 0.502375 0.551685 0.99525 0.87867
43 0.537383 0.280078 0.0961406 0.0777605
43 0.0704687 0.577528 0.128281 0.089867
44 0.192492 0.147583 0.0284531 0.0338803
44 0.688664 0.574313 0.0267969 0.168625
45 0.247063 0.384468 0.208719 0.214967
45 0.396922 0.301829 0.180344 0.178071
45 0.874547 0.575787 0.248062 0.287007
44 0.172648 0.344723 0.213734 0.0635477
51 0.197461 0.381608 0.0383906 0.0157206
51 0.228641 0.350432 0.0159063 0.0191353
42 0.536789 0.979146 0.0463594 0.0401109
51 0.277656 0.311142 0.0120938 0.0149224
51 0.311812 0.315222 0.008 0.0123503
51 0.259266 0.322727 0.0164687 0.0198226
51 0.212461 0.354246 0.00867187 0.015765
51 0.288391 0.357916 0.0122813 0.0203548
51 0.2785 0.360854 0.01375 0.0145233
51 0.190469 0.36449 0.00696875 0.00866962
56 0.936797 0.2351 0.126406 0.340044
