0 0.497672 0.424754 0.0349687 0.174707
0 0.407383 0.466452 0.0605469 0.302178
0 0.259375 0.418501 0.0394375 0.149555
0 0.226195 0.418103 0.0466719 0.151756
0 0.156906 0.414602 0.0368125 0.151218
0 0.125195 0.442693 0.0494844 0.265152
0 0.445102 0.452518 0.0368281 0.097822
29 0.815617 0.177529 0.224891 0.32808
0 0.709164 0.582014 0.425797 0.813489
0 0.184367 0.456686 0.0355156 0.0706557
0 0.0985234 0.419309 0.0242969 0.173934
56 0.0184063 0.452248 0.0280938 0.0811241
0 0.0635078 0.484789 0.0758281 0.316745
