62 0.183954 0.495867 0.141088 0.152891
56 0.436904 0.599617 0.189958 0.202109
56 0.486611 0.886023 0.334017 0.206453
56 0.581642 0.626836 0.049728 0.0658906
0 0.538253 0.533773 0.0868828 0.152984
0 0.487688 0.515281 0.133159 0.172125
0 0.987458 0.57082 0.0250837 0.0958594
0 0.633891 0.585625 0.0420502 0.093625
41 0.559791 0.599781 0.03 0.0245625
58 0.228107 0.764516 0.456213 0.149156
63 0.398766 0.481586 0.0760251 0.0479219
0 0.77681 0.735953 0.446381 0.505625
0 0.971444 0.548266 0.0260669 0.034625
27 0.510837 0.505188 0.00832636 0.0192812
27 0.631004 0.572156 0.00723849 0.0249688
56 0.646339 0.607922 0.0406695 0.034875
56 0.777699 0.800273 0.0470711 0.0524531
0 0.62296 0.685508 0.317887 0.349172
