60 0.428094 0.803 0.856188 0.370792
0 0.413094 0.378667 0.338594 0.564333
0 0.609586 0.323094 0.290922 0.455146
0 0.798039 0.148323 0.237641 0.283146
41 0.502805 0.708406 0.137891 0.152479
45 0.323469 0.66401 0.196719 0.137688
45 0.176969 0.889885 0.178656 0.143813
45 0.311039 0.808375 0.168734 0.0684583
45 0.653719 0.613281 0.179062 0.120063
44 0.330492 0.585562 0.0842031 0.122458
44 0.214656 0.764667 0.124844 0.1185
44 0.597203 0.584979 0.101156 0.0406667
44 0.337594 0.716177 0.071125 0.0986458
44 0.69643 0.739115 0.0766406 0.144229
45 0.589602 0.481781 0.0843594 0.0811875
45 0.335328 0.755229 0.173719 0.0505833
45 0.45957 0.828292 0.139453 0.139458
0 0.825391 0.548583 0.349219 0.883417
45 0.651547 0.819948 0.20225 0.162021
45 0.257852 0.309365 0.0681719 0.100812
44 0.678914 0.739604 0.0519219 0.140625
0 0.151094 0.394187 0.302187 0.764625
44 0.554969 0.428344 0.0281563 0.0459792
44 0.0737969 0.81476 0.135438 0.123938
