16 0.569273 0.889543 0.133703 0.19637
62 0.429547 0.358993 0.193406 0.226979
57 0.770461 0.753759 0.459078 0.462365
67 0.616156 0.639286 0.03325 0.0355738
63 0.69032 0.588489 0.0888906 0.110703
73 0.395148 0.57048 0.0499219 0.0231148
73 0.512031 0.547588 0.05525 0.0199063
73 0.510922 0.537471 0.0537188 0.0185012
73 0.513242 0.556862 0.0552656 0.023185
0 0.717781 0.605562 0.243562 0.244848
73 0.518891 0.485199 0.0069375 0.0352693
73 0.395 0.583314 0.048875 0.0202108
73 0.377289 0.520316 0.00957812 0.0409133
