72 0.322148 0.547187 0.0973281 0.145417
72 0.05225 0.408615 0.1045 0.507854
0 0.730578 0.494365 0.538844 0.981979
40 0.534336 0.755604 0.121422 0.397667
40 0.194672 0.748458 0.0822813 0.259458
43 0.308461 0.637958 0.101891 0.0579583
45 0.602734 0.458302 0.048125 0.0278958
47 0.367781 0.71326 0.0358125 0.0466458
60 0.258711 0.820229 0.514047 0.260667
71 0.591125 0.535927 0.111781 0.0938125
0 0.380055 0.394385 0.311797 0.492146
68 0.0207891 0.267302 0.0415781 0.158646
41 0.561297 0.464531 0.0238438 0.0392292
41 0.327844 0.450812 0.02175 0.0330833
45 0.455219 0.794417 0.084 0.1065
45 0.371672 0.778667 0.0825625 0.102875
45 0.33457 0.710771 0.0709844 0.0792917
45 0.280461 0.747479 0.0745781 0.09
45 0.404609 0.732823 0.070625 0.0748125
47 0.285125 0.746469 0.0407187 0.0195625
47 0.692523 0.60124 0.0276406 0.0308542
47 0.458133 0.801031 0.0751406 0.0721458
47 0.333383 0.717104 0.0138906 0.009
49 0.334398 0.765479 0.0398594 0.060625
47 0.277852 0.767344 0.0245781 0.0235625
60 0.163812 0.661583 0.196469 0.0867083
