27 0.67951 0.46696 0.02498 0.0629867
27 0.22024 0.523987 0.05656 0.207387
67 0.49464 0.294387 0.04772 0.133147
60 0.13272 0.864627 0.26544 0.270747
0 0.41882 0.5322 0.5646 0.907867
0 0.6759 0.6236 0.22604 0.74032
0 0.73746 0.502067 0.17504 0.494587
0 0.20907 0.53084 0.14462 0.505573
40 0.12359 0.85028 0.04042 0.12296
41 0.01992 0.85748 0.03336 0.0744267
41 0.19921 0.903947 0.03946 0.0757333
41 0.06667 0.79416 0.03302 0.12032
40 0.23588 0.854493 0.03524 0.0842933
40 0.20016 0.833907 0.04036 0.06984
41 0.30528 0.719253 0.0656 0.1416
