17 0.272617 0.588171 0.201016 0.316138
0 0.658312 0.826394 0.08775 0.266292
0 0.570203 0.862123 0.120469 0.275754
0 0.0693281 0.692877 0.116688 0.348312
0 0.0956797 0.881931 0.152922 0.128721
0 0.0750391 0.504284 0.0527031 0.125499
0 0.0269766 0.496151 0.0486094 0.0892327
0 0.54375 0.470153 0.0294687 0.164501
25 0.348789 0.846113 0.297484 0.304655
25 0.514836 0.722468 0.194953 0.249437
25 0.799953 0.478043 0.165406 0.204783
25 0.777148 0.382826 0.0998281 0.0717903
25 0.610938 0.607864 0.252625 0.208977
0 0.577344 0.421483 0.0235 0.13468
0 0.939414 0.470026 0.0372969 0.116164
25 0.646984 0.551266 0.0709687 0.0693862
25 0.37382 0.418338 0.0459844 0.0292072
0 0.222758 0.443107 0.0294531 0.0512788
0 0.471805 0.471368 0.0584531 0.0850384
0 0.610602 0.410997 0.0206094 0.114066
0 0.458117 0.367711 0.00579687 0.0206394
25 0.63725 0.477839 0.0490312 0.0567519
