0 0.201648 0.680902 0.100453 0.364052
0 0.507172 0.658279 0.143187 0.349251
0 0.661617 0.474602 0.0540156 0.134356
0 0.251133 0.367845 0.0914531 0.112365
0 0.762844 0.648981 0.198875 0.702037
0 0.193008 0.377892 0.0455156 0.166651
13 0.72175 0.736417 0.5565 0.27363
37 0.484891 0.79897 0.138844 0.169602
56 0.221508 0.41808 0.120078 0.183888
8 0.5 0.499649 1 0.999297
37 0.706703 0.916956 0.204875 0.166089
37 0.202078 0.854696 0.10775 0.213981
37 0.690227 0.500246 0.0138594 0.0172131
37 0.695773 0.493138 0.0125781 0.0119906
31 0.485977 0.801815 0.141672 0.178618
31 0.706031 0.919684 0.204625 0.160632
