39 0.392156 0.787724 0.0334062 0.22276
39 0.328898 0.368423 0.00876563 0.0754122
39 0.650164 0.446541 0.0136719 0.103548
39 0.589648 0.310036 0.00626562 0.0264516
39 0.541086 0.32371 0.00564062 0.03
56 0.939508 0.837634 0.120984 0.324731
56 0.451883 0.361774 0.0335469 0.120896
56 0.483609 0.421989 0.027375 0.169498
56 0.482469 0.329247 0.0269688 0.0815054
56 0.431523 0.489892 0.0460469 0.224731
60 0.416805 0.91267 0.461859 0.174659
60 0.694727 0.531165 0.291609 0.16448
40 0.132617 0.870412 0.0321406 0.157814
43 0.603453 0.956165 0.0254688 0.0516846
44 0.589844 0.945358 0.0348437 0.0443369
44 0.230516 0.933799 0.0487187 0.0290323
0 0.475594 0.663584 0.218594 0.444014
0 0.188477 0.713154 0.134172 0.430896
0 0.11657 0.732581 0.209641 0.521362
0 0.221336 0.3331 0.0387969 0.131075
0 0.567383 0.272186 0.0364219 0.0895341
0 0.6315 0.29853 0.0596563 0.146165
0 0.789922 0.333978 0.0514063 0.142222
0 0.863305 0.302312 0.0372344 0.166559
0 0.231063 0.613763 0.160312 0.455197
0 0.644234 0.733799 0.144187 0.483728
0 0.751062 0.823226 0.201906 0.351613
39 0.599234 0.320502 0.00946875 0.0335484
41 0.340398 0.852724 0.0206094 0.135771
41 0.532273 0.936685 0.0276719 0.126631
41 0.26732 0.90129 0.0724531 0.197419
41 0.729898 0.496756 0.0186406 0.0668459
43 0.3195 0.908029 0.0235938 0.0517563
44 0.582156 0.546882 0.0331875 0.0253763
56 0.14218 0.573477 0.0327656 0.118853
56 0.507844 0.407939 0.0310625 0.105699
56 0.738164 0.658638 0.0670781 0.072043
56 0.934266 0.458441 0.0183125 0.0775269
60 0.553187 0.378674 0.133844 0.161792
75 0.667203 0.493728 0.0150312 0.0516846
40 0.561047 0.926272 0.0288438 0.147455
40 0.357242 0.835072 0.0260469 0.13767
41 0.553719 0.478065 0.011625 0.0506093
41 0.694937 0.543602 0.0134687 0.0458423
41 0.764805 0.519104 0.0138906 0.0672401
44 0.486016 0.904373 0.0334375 0.0333333
44 0.709453 0.57129 0.0165 0.025233
44 0.614633 0.550627 0.00860937 0.0144444
56 0.856594 0.789373 0.128406 0.387419
56 0.955727 0.580627 0.0849844 0.261685
56 0.879891 0.558477 0.0167187 0.112222
60 0.358117 0.396129 0.159266 0.109821
60 0.689977 0.366308 0.0582344 0.104158
60 0.442758 0.860054 0.0746094 0.0644086
60 0.439359 0.315036 0.0479687 0.0448387
60 0.983969 0.463835 0.0320625 0.0929749
60 0.877641 0.377079 0.140688 0.0517921
60 0.689117 0.294677 0.0547344 0.0133692
60 0.977836 0.894032 0.0443281 0.127276
0 0.361492 0.362222 0.0491406 0.137276
56 0.446633 0.462849 0.0222344 0.199606
0 0.342836 0.295878 0.0467969 0.113047
44 0.320031 0.906434 0.0185 0.0343011
