7 0.64618 0.692781 0.157641 0.149188
0 0.544469 0.729313 0.0218125 0.0425
0 0.527984 0.707781 0.0179063 0.0806042
0 0.571063 0.709208 0.015 0.0775
7 0.390383 0.686646 0.218609 0.14475
7 0.169602 0.723625 0.219328 0.102625
0 0.540578 0.687896 0.0185937 0.0452917
0 0.512664 0.697073 0.0119531 0.0593125
0 0.503289 0.71 0.0108281 0.081
0 0.767859 0.721917 0.0163438 0.0368333
2 0.944703 0.710594 0.110594 0.122354
0 0.807305 0.699833 0.0143594 0.0813333
0 0.566102 0.70625 0.0152344 0.079
0 0.532047 0.66899 0.007 0.0221042
