32 0.538375 0.514778 0.021625 0.0334426
0 0.225422 0.506335 0.13925 0.532061
0 0.493891 0.443583 0.091375 0.330304
0 0.537047 0.411909 0.047875 0.174169
0 0.6995 0.496616 0.13975 0.536042
0 0.78325 0.354614 0.0339062 0.165574
2 0.820867 0.329649 0.0524844 0.0404684
2 0.279828 0.367728 0.0660937 0.0512881
2 0.141328 0.373888 0.0502187 0.063466
2 0.335125 0.354098 0.0764688 0.0682436
2 0.395086 0.358888 0.0576094 0.0522482
2 0.429727 0.350913 0.0726094 0.0584543
2 0.966859 0.322213 0.0567813 0.0256909
2 0.362234 0.310246 0.0418437 0.0214286
2 0.564906 0.336077 0.0975625 0.0614754
2 0.0342969 0.390691 0.0685937 0.0560422
2 0.42907 0.30541 0.0360156 0.0225761
2 0.643328 0.344403 0.0160938 0.0338642
2 0.263977 0.314883 0.0356094 0.0264403
