2 0.90582 0.757448 0.179297 0.155646
5 0.604953 0.704333 0.364938 0.430583
0 0.281453 0.777948 0.0693438 0.247312
0 0.0938984 0.765604 0.0650469 0.245167
0 0.194211 0.777542 0.0792031 0.2615
0 0.0653984 0.73826 0.0382969 0.164479
0 0.15175 0.746979 0.0417187 0.152292
26 0.171852 0.75801 0.0383281 0.0634375
26 0.257062 0.742479 0.0435938 0.104875
0 0.183867 0.6945 0.0312344 0.0953333
0 0.241898 0.742437 0.0215469 0.125542
9 0.330852 0.565552 0.0111719 0.0451458
0 0.357797 0.742542 0.0185312 0.0547083
9 0.307414 0.492677 0.0586406 0.0749375
26 0.263773 0.739604 0.0151719 0.111417
26 0.0536797 0.772698 0.0113906 0.0395208
26 0.131672 0.732302 0.00978125 0.0313958
2 0.818531 0.739198 0.0345625 0.110437
