0 0.292711 0.622124 0.133328 0.443873
0 0.0918672 0.723979 0.153609 0.552042
0 0.809227 0.691009 0.149578 0.546056
0 0.945586 0.815012 0.108828 0.285141
0 0.0705859 0.51338 0.0404844 0.131221
50 0.597656 0.845587 0.0184375 0.0215493
26 0.110688 0.682465 0.08375 0.269671
7 0.885164 0.510117 0.229672 0.449437
50 0.53793 0.848286 0.0143281 0.010892
50 0.566805 0.83088 0.0968281 0.0482394
0 0.970773 0.564859 0.0584531 0.305587
51 0.45632 0.555446 0.00854687 0.0179812
51 0.475187 0.525317 0.013875 0.0423239
51 0.497039 0.522793 0.200203 0.186197
60 0.169352 0.800364 0.304391 0.32392
