30 0.19075 0.778022 0.331625 0.162006
0 0.58525 0.317535 0.035 0.162702
0 0.209117 0.437827 0.135641 0.703175
0 0.475852 0.542702 0.331516 0.887632
0 0.540766 0.295501 0.0605 0.294401
0 0.0655469 0.435961 0.131094 0.651699
0 0.631391 0.355752 0.0715313 0.38844
0 0.730641 0.29046 0.0502812 0.287326
0 0.352672 0.238189 0.106062 0.308747
0 0.905414 0.271797 0.0417031 0.133955
0 0.297766 0.227256 0.0649062 0.113621
0 0.834914 0.291908 0.0540781 0.231894
24 0.0896641 0.294331 0.0283281 0.186546
30 0.669937 0.532897 0.212875 0.0605014
30 0.106633 0.742117 0.211359 0.109081
30 0.309031 0.599039 0.0439375 0.0497214
0 0.251063 0.301797 0.0582187 0.275738
