56 0.656957 0.835484 0.356446 0.286031
56 0.0756144 0.793102 0.146011 0.221984
56 0.596229 0.823289 0.342363 0.353422
56 0.310406 0.701117 0.125161 0.140734
1 0.946578 0.609844 0.106843 0.213687
2 0.935529 0.472922 0.12603 0.128625
0 0.701597 0.715273 0.478922 0.548391
0 0.446834 0.548023 0.101796 0.146578
67 0.585624 0.515688 0.0166163 0.0299063
1 0.658469 0.538453 0.0601134 0.0703438
60 0.364518 0.557648 0.114858 0.0189219
67 0.398507 0.559242 0.0285822 0.00510938
0 0.54517 0.546914 0.188185 0.214828
2 0.628828 0.479648 0.0690359 0.0514531
56 0.19793 0.646312 0.0704915 0.0907813
0 0.330473 0.604414 0.258904 0.313703
