39 0.552531 0.463479 0.0235 0.0685833
39 0.531469 0.467167 0.0248438 0.0679583
39 0.623359 0.449396 0.0200938 0.0665417
39 0.608359 0.452292 0.0202188 0.0741667
58 0.380063 0.856979 0.307437 0.281542
41 0.493398 0.409417 0.0328594 0.0555
41 0.665156 0.380573 0.0235 0.0411458
41 0.637367 0.384365 0.0225156 0.0376042
45 0.632219 0.267021 0.0279687 0.0419583
69 0.38168 0.7355 0.376891 0.404458
71 0.911891 0.584052 0.176219 0.235813
41 0.598703 0.391604 0.0229687 0.0382083
41 0.575781 0.393552 0.02625 0.0432292
41 0.556766 0.400885 0.0256875 0.0351875
41 0.534484 0.401458 0.026375 0.04925
41 0.515227 0.401615 0.0257031 0.0433542
41 0.502945 0.264031 0.0348594 0.0535625
41 0.550477 0.262885 0.0296719 0.0509375
41 0.594406 0.262698 0.0280625 0.0504792
41 0.614578 0.265531 0.0249375 0.0410625
43 0.164414 0.428719 0.0218594 0.0985625
45 0.636656 0.329302 0.036375 0.0629792
41 0.668695 0.265573 0.0210469 0.0383542
