18 0.606555 0.421206 0.141109 0.123911
18 0.742188 0.38137 0.115719 0.141335
18 0.522133 0.639485 0.144891 0.117939
18 0.605516 0.565574 0.136688 0.199204
18 0.403688 0.368162 0.0928125 0.183021
18 0.850937 0.465433 0.09975 0.133302
18 0.448469 0.286323 0.0437188 0.101077
18 0.607414 0.263888 0.0540781 0.10281
18 0.515281 0.758513 0.115312 0.156042
18 0.843742 0.271874 0.0429844 0.104262
18 0.942531 0.576932 0.0929062 0.173255
18 0.524453 0.52466 0.0927813 0.13096
18 0.972828 0.250948 0.0543438 0.0921546
