60 0.37782 0.595515 0.185922 0.143817
60 0.88907 0.583888 0.128516 0.034192
63 0.165945 0.477272 0.0250156 0.0348244
63 0.380172 0.510141 0.105187 0.0855738
0 0.224953 0.52192 0.148219 0.235972
0 0.318547 0.469614 0.07175 0.135855
0 0.507992 0.502049 0.0378906 0.0631148
0 0.55482 0.503197 0.104422 0.12096
0 0.776875 0.569625 0.102281 0.196721
0 0.656773 0.506054 0.0343906 0.0745902
0 0.979164 0.523864 0.0281719 0.0467447
56 0.670766 0.621429 0.0928125 0.168337
56 0.542398 0.653829 0.0689531 0.0870492
56 0.815438 0.618279 0.0214375 0.0586183
56 0.47675 0.609836 0.0486562 0.154379
56 0.612148 0.633794 0.0442969 0.0929274
0 0.89393 0.525433 0.0272969 0.0415457
0 0.719969 0.502904 0.0391875 0.0567681
0 0.436305 0.522881 0.118453 0.302998
0 0.879039 0.52589 0.0143594 0.0301405
60 0.666453 0.54329 0.14525 0.0162295
60 0.840328 0.558689 0.0305937 0.0295082
0 0.832875 0.506663 0.0362813 0.0612412
0 0.0941797 0.492775 0.0300469 0.0430211
24 0.624297 0.522213 0.0322812 0.0328103
56 0.342469 0.61966 0.0403125 0.0164169
56 0.142844 0.58397 0.0599375 0.103208
56 0.287844 0.597494 0.132688 0.132834
