34 0.250883 0.0634906 0.462703 0.0725472
35 0.839578 0.82533 0.115594 0.156604
0 0.58675 0.509976 0.634563 0.980047
0 0.288078 0.503373 0.135469 0.512358
24 0.777187 0.164528 0.0691563 0.152358
24 0.123508 0.878455 0.149922 0.130495
34 0.283914 0.606274 0.0517031 0.234151
34 0.828477 0.690307 0.0769844 0.211745
0 0.78532 0.304493 0.221828 0.608986
0 0.934719 0.578644 0.130562 0.608986
0 0.125055 0.596627 0.175672 0.689906
0 0.0519844 0.332075 0.0495937 0.239953
0 0.748203 0.642358 0.192562 0.469906
0 0.969492 0.759894 0.0610156 0.296344
34 0.24832 0.616226 0.0444219 0.22533
34 0.0501641 0.696863 0.0415781 0.3525
34 0.0182891 0.808243 0.0365781 0.142995
26 0.774859 0.162736 0.0655937 0.152877
