4 0.414555 0.420233 0.825641 0.224717
0 0.266555 0.552318 0.0271406 0.100101
0 0.441375 0.543472 0.0264375 0.0917206
0 0.470445 0.540901 0.0246719 0.0697773
0 0.185875 0.542733 0.0229062 0.0801619
0 0.577367 0.542804 0.0219531 0.0888866
0 0.723523 0.5233 0.0232969 0.0509717
0 0.822734 0.549383 0.028875 0.103381
0 0.868328 0.532885 0.0135937 0.0539069
0 0.497617 0.523715 0.0204844 0.0462955
0 0.201172 0.526478 0.0119063 0.0355466
0 0.0230234 0.543775 0.0245781 0.0943927
0 0.355328 0.531528 0.0300625 0.0969838
2 0.941117 0.53004 0.0818906 0.0459109
0 0.800031 0.529949 0.0130625 0.0527328
