3 0.705461 0.672917 0.120391 0.267875
0 0.742891 0.591865 0.0237813 0.0895625
0 0.322695 0.553885 0.00739063 0.0206875
8 0.188758 0.534604 0.131984 0.0286667
1 0.927883 0.644437 0.0881094 0.0725
1 0.783781 0.618552 0.0294687 0.0403958
1 0.978875 0.706708 0.0411562 0.158542
25 0.729828 0.54951 0.019125 0.0191458
25 0.751492 0.541948 0.0328906 0.0119375
26 0.755742 0.586281 0.0171094 0.0230625
1 0.826617 0.634781 0.0537656 0.0749375
1 0.612359 0.741656 0.0564687 0.237646
1 0.916914 0.729917 0.0381094 0.046375
1 0.882961 0.634802 0.0668906 0.0553958
1 0.865602 0.635094 0.0578281 0.0604375
1 0.783836 0.589781 0.0396094 0.0392292
1 0.796891 0.561521 0.0490625 0.0313333
1 0.891937 0.5945 0.0435313 0.0259583
8 0.320758 0.559906 0.0494844 0.0215208
