51 0.414426 0.595711 0.165995 0.0674844
0 0.830082 0.725844 0.339836 0.525844
0 0.0878103 0.624758 0.175621 0.276609
0 0.0343677 0.700586 0.0687354 0.310953
0 0.131417 0.493984 0.125129 0.122438
0 0.192201 0.399414 0.278595 0.294109
0 0.719309 0.659344 0.176042 0.337375
27 0.538126 0.708125 0.287869 0.153188
0 0.436698 0.596297 0.858595 0.782719
0 0.207822 0.559898 0.103091 0.0623281
27 0.0710304 0.760062 0.0268852 0.0212188
0 0.177471 0.644805 0.126979 0.129734
0 0.645433 0.545273 0.0728806 0.124359
