39 0.388672 0.482953 0.0348125 0.192824
39 0.315859 0.369459 0.029125 0.1544
39 0.291656 0.4424 0.0536875 0.183812
56 0.177984 0.744376 0.182469 0.486494
56 0.121891 0.418918 0.08825 0.195953
56 0.614164 0.383024 0.0566094 0.288729
56 0.794227 0.562871 0.128047 0.437741
60 0.48018 0.605271 0.623859 0.587435
0 0.717906 0.408788 0.200406 0.527035
40 0.52507 0.614976 0.0402656 0.148541
42 0.644789 0.643882 0.0882031 0.0366118
42 0.47568 0.852906 0.0566406 0.150847
43 0.536266 0.519929 0.0729687 0.0370824
43 0.638875 0.776341 0.0811875 0.115788
44 0.664812 0.767047 0.0611875 0.114612
44 0.394602 0.378306 0.00479687 0.0153412
44 0.538828 0.513588 0.0692813 0.0277882
44 0.499508 0.732294 0.102641 0.0482588
45 0.601617 0.561153 0.0608594 0.0813176
45 0.4355 0.377576 0.0415625 0.0456471
73 0.0523672 0.386565 0.103766 0.0988706
73 0.0632422 0.489847 0.0317656 0.0605882
40 0.262945 0.349059 0.0299219 0.0921412
40 0.350625 0.360106 0.0292187 0.106376
40 0.492867 0.472459 0.0299219 0.116353
40 0.455359 0.4502 0.0229375 0.0629882
41 0.466758 0.515753 0.0359219 0.116541
42 0.457227 0.416706 0.0610156 0.0186353
44 0.328172 0.573318 0.0771875 0.0561882
45 0.294937 0.335365 0.0224688 0.0349647
45 0.224336 0.506318 0.0365469 0.0567765
0 0.497641 0.308635 0.227906 0.4
41 0.435594 0.577765 0.0848125 0.138306
41 0.227109 0.357059 0.028875 0.0857882
41 0.374133 0.341812 0.0226719 0.0768
44 0.504453 0.711553 0.0984063 0.0412706
44 0.480586 0.493471 0.0968906 0.0207765
44 0.509625 0.620365 0.0297187 0.0411529
45 0.568227 0.788871 0.0833281 0.117129
0 0.275977 0.209094 0.131078 0.277906
44 0.242164 0.509906 0.0135781 0.0516235
44 0.522914 0.601435 0.0461719 0.0502588
60 0.934766 0.524941 0.130469 0.358824
