74 0.868518 0.354555 0.0691734 0.0573594
74 0.736321 0.358117 0.0513105 0.0643281
2 0.839173 0.648422 0.0643548 0.042
2 0.778609 0.655156 0.0956855 0.0463438
24 0.258327 0.736313 0.0332258 0.0395625
26 0.494879 0.797336 0.0583871 0.0829531
26 0.0316028 0.734125 0.0475202 0.05975
26 0.475444 0.684 0.0105242 0.0171875
1 0.575665 0.873758 0.11621 0.123578
0 0.380706 0.879734 0.131452 0.237719
0 0.4613 0.881398 0.0823589 0.224766
0 0.860242 0.905398 0.0940323 0.187609
0 0.701835 0.823391 0.098871 0.134594
0 0.647298 0.796562 0.0882661 0.15225
0 0.543054 0.752922 0.0616331 0.13525
0 0.381018 0.68593 0.0353831 0.0760156
0 0.242359 0.762109 0.0613306 0.153531
0 0.285938 0.697586 0.0429234 0.0846719
0 0.0900202 0.742164 0.0469758 0.117484
2 0.949345 0.627742 0.0333669 0.0296406
9 0.911552 0.184594 0.0644355 0.0279063
9 0.764637 0.58975 0.0111694 0.0244062
24 0.494647 0.798117 0.0617137 0.0800781
26 0.396058 0.702328 0.0161895 0.0214688
26 0.269113 0.709789 0.0133065 0.0193594
0 0.905605 0.889109 0.0823387 0.221781
0 0.183659 0.764289 0.0723185 0.160047
0 0.0468448 0.752977 0.0613508 0.139641
26 0.275 0.67768 0.0159274 0.0228906
