58 0.946234 0.610937 0.107531 0.613208
58 0.0294687 0.548665 0.0589375 0.386792
62 0.132023 0.450293 0.0928281 0.159836
57 0.311258 0.568009 0.141609 0.106136
56 0.777906 0.716593 0.129406 0.241382
56 0.910391 0.741101 0.136313 0.251616
56 0.778594 0.590867 0.0479687 0.0586417
56 0.904383 0.609766 0.0455469 0.070445
56 0.0720078 0.729052 0.107328 0.242037
56 0.683305 0.578689 0.0436719 0.124637
57 0.182219 0.662365 0.198 0.25377
60 0.719766 0.583958 0.092 0.134801
56 0.383992 0.677904 0.0800156 0.162693
56 0.660414 0.568829 0.0202031 0.117658
58 0.801789 0.523571 0.00714063 0.0262529
73 0.0879922 0.647553 0.0629844 0.040726
75 0.0632969 0.523443 0.0255312 0.0967213
40 0.814406 0.522986 0.007 0.0186183
58 0.225555 0.578794 0.0239844 0.0501405
75 0.22625 0.483103 0.016625 0.0800703
75 0.200641 0.497857 0.019375 0.065363
75 0.957945 0.829731 0.0841094 0.177213
56 0.411758 0.59411 0.0681719 0.107424
60 0.84625 0.699848 0.148531 0.186253
60 0.27193 0.607248 0.118797 0.0469087
75 0.0341094 0.537354 0.0237188 0.0796721
75 0.0447656 0.582002 0.0230625 0.0673302
