32 0.43099 0.403986 0.0503542 0.06675
0 0.255073 0.505625 0.361479 0.648639
0 0.806458 0.498875 0.375833 0.656194
0 0.0646562 0.698333 0.110021 0.256167
0 0.334552 0.291153 0.0792292 0.137083
38 0.559552 0.422472 0.158437 0.130333
38 0.118813 0.317611 0.183708 0.249444
32 0.665437 0.362972 0.0274583 0.0351111
0 0.394833 0.677069 0.0974167 0.300083
0 0.426198 0.274181 0.117854 0.210528
0 0.449354 0.463708 0.080125 0.244139
0 0.111625 0.773806 0.092875 0.105167
0 0.0596771 0.512903 0.119354 0.17525
