39 0.517055 0.28725 0.0522031 0.213333
39 0.231695 0.27601 0.0532031 0.224438
0 0.47275 0.156177 0.257875 0.312354
0 0.893289 0.37601 0.213422 0.752021
0 0.65225 0.19551 0.232594 0.391021
0 0.158078 0.379146 0.134531 0.109875
39 0.466445 0.332427 0.0402656 0.154354
39 0.277305 0.251062 0.0375469 0.109792
41 0.542648 0.383677 0.0386094 0.0838125
41 0.423273 0.239885 0.0315156 0.0553958
53 0.489602 0.659552 0.608422 0.456188
0 0.09375 0.496615 0.1875 0.981979
60 0.505906 0.5 0.988188 1
63 0.195594 0.209906 0.142875 0.166479
63 0.396234 0.182677 0.165375 0.165146
0 0.0573125 0.619104 0.063125 0.059375
39 0.38407 0.258073 0.0302656 0.0757708
41 0.471672 0.285031 0.0410937 0.0640208
67 0.146695 0.793156 0.0331094 0.0201458
67 0.0409609 0.758104 0.0806406 0.0641667
0 0.718992 0.310323 0.329453 0.620146
