0 0.515352 0.587447 0.285734 0.556066
0 0.764188 0.447037 0.425656 0.416604
0 0.223523 0.570867 0.270641 0.660094
0 0.115445 0.455059 0.230891 0.901124
0 0.75 0.0955621 0.212625 0.191124
0 0.93568 0.118864 0.128641 0.174496
24 0.860484 0.773197 0.279031 0.299742
24 0.479023 0.880527 0.322359 0.215714
53 0.437898 0.454649 0.0284844 0.0759016
53 0.417281 0.557717 0.057125 0.0439578
53 0.367891 0.637927 0.144375 0.0760422
55 0.361563 0.562002 0.0551562 0.0477986
0 0.322641 0.102541 0.311656 0.205082
53 0.362813 0.559356 0.0610938 0.0452225
55 0.220953 0.60856 0.0438125 0.0379625
55 0.239883 0.634391 0.0441094 0.0389461
55 0.342891 0.595304 0.043125 0.0504684
55 0.3285 0.63363 0.0666875 0.0425293
0 0.595961 0.115621 0.135859 0.22548
0 0.42718 0.127272 0.303266 0.249344
