30 0.555648 0.722479 0.188828 0.0609583
30 0.192508 0.705021 0.185203 0.104417
30 0.733984 0.679844 0.0726563 0.0504792
0 0.193414 0.576583 0.103047 0.335583
0 0.744938 0.524719 0.09775 0.325854
0 0.464453 0.399927 0.0525937 0.110979
0 0.669094 0.568542 0.124719 0.494375
0 0.460547 0.510948 0.0590625 0.206062
0 0.425609 0.489615 0.0289687 0.164062
0 0.592422 0.557302 0.0758438 0.377521
0 0.356625 0.504406 0.0838125 0.329396
0 0.0401953 0.49651 0.0635469 0.104188
30 0.0424453 0.543052 0.0677656 0.0235208
30 0.451602 0.613604 0.103734 0.024625
30 0.355219 0.66374 0.159438 0.0457708
30 0.648719 0.81275 0.322562 0.0728333
30 0.54943 0.756 0.150828 0.0335
