18 0.532961 0.784735 0.0536719 0.052898
18 0.720578 0.771929 0.0609062 0.0411224
18 0.782445 0.809684 0.0442344 0.083898
18 0.750086 0.70501 0.0275781 0.0436531
18 0.393883 0.71898 0.0265469 0.0215102
8 0.320648 0.347327 0.0207969 0.00404082
18 0.273023 0.890633 0.0722031 0.0636735
18 0.730875 0.786276 0.0479062 0.0468367
18 0.724578 0.706061 0.0247812 0.0285306
18 0.318625 0.800276 0.0320937 0.0363878
18 0.175352 0.733745 0.0146719 0.0242653
18 0.0716016 0.928296 0.0501719 0.0603878
18 0.709602 0.656469 0.0207656 0.0220816
18 0.327766 0.64598 0.013 0.012449
