52 0.778646 0.595703 0.442708 0.0851563
52 0.634479 0.388938 0.3025 0.037375
52 0.76825 0.550648 0.424583 0.0514219
52 0.766646 0.51082 0.400083 0.0624531
52 0.649115 0.356406 0.271646 0.0236563
52 0.719448 0.499039 0.387313 0.0542656
52 0.708771 0.469992 0.363958 0.0361406
52 0.678375 0.459219 0.360833 0.0438438
52 0.668125 0.43082 0.335875 0.0311406
52 0.655802 0.41493 0.320396 0.0334219
69 0.218729 0.217 0.425458 0.276406
0 0.757677 0.333711 0.484646 0.262922
69 0.690219 0.192492 0.619563 0.323578
