25 0.759008 0.618719 0.139391 0.152604
25 0.904641 0.558365 0.153875 0.0615625
25 0.629055 0.603854 0.115609 0.0999167
25 0.541117 0.580417 0.0901406 0.0408333
25 0.397422 0.619125 0.0930625 0.107375
56 0.868859 0.74726 0.051 0.0652292
60 0.913789 0.697865 0.0852344 0.0223958
0 0.968117 0.673708 0.0387969 0.069625
0 0.497906 0.641781 0.018375 0.0813542
0 0.589836 0.634771 0.0200781 0.0671667
0 0.811172 0.6885 0.0419062 0.083625
60 0.637273 0.694833 0.0564844 0.0108333
14 0.275375 0.773177 0.0226562 0.0109375
14 0.171797 0.759354 0.00615625 0.00916667
25 0.466023 0.579073 0.0853594 0.0367708
25 0.304164 0.592667 0.0842969 0.03275
58 0.657867 0.730469 0.0436094 0.0727708
58 0.37875 0.700479 0.0265 0.03425
0 0.563234 0.611083 0.0114375 0.0235417
0 0.52393 0.608458 0.0130156 0.02275
0 0.745281 0.67674 0.0199063 0.0459375
0 0.956719 0.65449 0.0180312 0.0357292
0 0.992977 0.67176 0.0138906 0.0757708
25 0.249781 0.596073 0.0594063 0.0288125
25 0.219336 0.634583 0.0755469 0.086625
58 0.475367 0.704875 0.0345156 0.0414167
58 0.227992 0.692156 0.0208281 0.0283125
58 0.153047 0.697583 0.019375 0.0342917
58 0.109773 0.692573 0.0151406 0.0257292
58 0.0922813 0.683802 0.0136875 0.0242708
58 0.0830625 0.682469 0.0127188 0.0213125
58 0.0600391 0.679396 0.0130469 0.020875
58 0.965664 0.749031 0.0686719 0.0815208
60 0.767859 0.697552 0.0424687 0.0184375
60 0.460359 0.674823 0.0621875 0.0107708
60 0.345172 0.676396 0.0550312 0.00416667
60 0.264492 0.691167 0.0307344 0.037375
60 0.117844 0.670292 0.028875 0.00345833
60 0.0862344 0.667802 0.0265625 0.0105208
25 0.175648 0.606073 0.0485781 0.0227292
