32 0.88495 0.60752 0.0223 0.0123733
34 0.5488 0.560347 0.07308 0.0722667
35 0.52176 0.677227 0.03456 0.04016
0 0.45286 0.70396 0.16996 0.216667
0 0.30473 0.688627 0.10606 0.270373
0 0.43403 0.404667 0.03798 0.05728
0 0.06169 0.490467 0.05934 0.169147
0 0.09516 0.489213 0.05092 0.168453
0 0.58511 0.63992 0.16882 0.294667
0 0.19339 0.501213 0.05066 0.130853
0 0.59438 0.39896 0.04744 0.0645333
0 0.2648 0.426773 0.04176 0.0587733
0 0.3572 0.408453 0.03256 0.05024
0 0.82443 0.392067 0.0281 0.0456267
0 0.18035 0.322373 0.02014 0.0421333
0 0.14112 0.324107 0.01856 0.0336
