56 0.459375 0.642744 0.106156 0.149023
56 0.143977 0.553815 0.0109844 0.0153638
56 0.142234 0.846237 0.248906 0.286029
57 0.727164 0.801933 0.351891 0.368815
60 0.137664 0.56659 0.0215781 0.0125156
41 0.780219 0.820031 0.0242188 0.0653015
73 0.833562 0.871559 0.1485 0.0858628
75 0.39207 0.58474 0.0180781 0.0710187
45 0.422039 0.739875 0.0805781 0.0442827
57 0.143477 0.842848 0.251828 0.283119
75 0.565125 0.651383 0.0305 0.0296258
56 0.215406 0.748992 0.163688 0.202141
56 0.159703 0.605936 0.0706563 0.128212
56 0.207055 0.599168 0.0322031 0.0964241
56 0.130945 0.553108 0.00960937 0.0156133
56 0.369336 0.61869 0.0822656 0.133805
