62 0.52925 0.570785 0.152938 0.161803
47 0.823555 0.798232 0.0761406 0.112529
64 0.611961 0.69856 0.0358906 0.0291101
66 0.509672 0.68774 0.159906 0.0282201
66 0.728906 0.761112 0.0653125 0.062459
66 0.832172 0.738279 0.134594 0.0736066
63 0.872484 0.664309 0.220781 0.241639
73 0.0932344 0.670187 0.0160313 0.0967213
73 0.0825703 0.67192 0.0169531 0.0993443
73 0.0603047 0.516241 0.0257969 0.114262
73 0.161172 0.526885 0.0446875 0.089274
73 0.187836 0.526218 0.0120781 0.0885948
73 0.20257 0.527166 0.0113281 0.0883841
73 0.212641 0.528126 0.0098125 0.0851991
73 0.0630156 0.676557 0.0118438 0.101686
73 0.0873203 0.817588 0.0207969 0.0990632
73 0.0535156 0.682155 0.0132188 0.0983138
73 0.0581172 0.826956 0.0201719 0.102763
73 0.0688047 0.826241 0.0232031 0.108501
64 0.696734 0.798712 0.0731563 0.0387822
73 0.0776016 0.818478 0.0292031 0.105386
