1 0.552969 0.753271 0.171594 0.242375
1 0.602664 0.515687 0.0337656 0.07325
1 0.0326562 0.710188 0.0653125 0.112917
9 0.355289 0.383677 0.00726563 0.0356042
9 0.273203 0.382344 0.0080625 0.0185208
0 0.882469 0.553521 0.0513438 0.248458
0 0.790453 0.7045 0.151688 0.564042
0 0.451016 0.735354 0.371625 0.5045
0 0.157586 0.719104 0.288203 0.507875
0 0.196547 0.531052 0.212969 0.203729
1 0.874711 0.80326 0.142234 0.279687
24 0.541867 0.550979 0.0580469 0.137708
24 0.266875 0.725854 0.140969 0.216
0 0.473383 0.535865 0.0778594 0.245979
0 0.647766 0.558969 0.0675625 0.266479
0 0.563898 0.547844 0.0456719 0.257479
0 0.933156 0.521906 0.0544687 0.122146
0 0.519977 0.463365 0.0140469 0.0429792
0 0.680094 0.474615 0.0340312 0.104979
1 0.742109 0.770125 0.0475938 0.264833
1 0.92007 0.714125 0.0921719 0.162
2 0.0838203 0.870583 0.167641 0.235292
0 0.718477 0.493604 0.0263906 0.130292
1 0.712938 0.61224 0.067125 0.130188
1 0.605359 0.588333 0.0414062 0.0745833
1 0.672734 0.613437 0.0162188 0.118583
0 0.381523 0.477146 0.0979844 0.0845833
26 0.801047 0.652406 0.0770625 0.0651875
