24 0.31274 0.426973 0.0804 0.0996533
0 0.55003 0.555733 0.16666 0.494613
26 0.9626 0.617787 0.06984 0.118507
62 0.24483 0.318747 0.05422 0.05776
0 0.70855 0.511187 0.12162 0.441467
0 0.88736 0.626973 0.17696 0.642693
0 0.30767 0.51452 0.12158 0.40696
0 0.17049 0.500333 0.07454 0.289893
0 0.06894 0.490573 0.06896 0.259227
0 0.62038 0.443267 0.07116 0.214213
0 0.2018 0.39856 0.05132 0.1168
0 0.13911 0.396973 0.06746 0.132773
0 0.26018 0.48268 0.07552 0.35464
24 0.95909 0.620227 0.08182 0.130587
24 0.32917 0.702307 0.08918 0.07256
24 0.20187 0.49972 0.05386 0.0961867
24 0.10049 0.426507 0.03062 0.0656
24 0.6967 0.751533 0.09988 0.121733
24 0.3021 0.528227 0.07492 0.0790667
26 0.61057 0.577747 0.04134 0.0900533
26 0.19413 0.441347 0.03982 0.138
26 0.59772 0.474427 0.02944 0.16464
28 0.32722 0.70156 0.09644 0.08104
26 0.16705 0.431813 0.03382 0.0592533
26 0.04772 0.4682 0.02056 0.0586933
26 0.207 0.47524 0.04628 0.0617333
