0 0.229391 0.286511 0.018 0.0786417
0 0.262648 0.472857 0.0996406 0.619906
0 0.570477 0.521698 0.0830781 0.350749
0 0.527883 0.246745 0.0645781 0.200047
0 0.746852 0.269122 0.366578 0.404333
36 0.700531 0.487506 0.120562 0.0806792
36 0.600398 0.869028 0.256609 0.0716393
0 0.312305 0.234251 0.0568281 0.121335
0 0.451984 0.436815 0.122906 0.523232
24 0.0308594 0.389344 0.0615625 0.22089
36 0.60325 0.8563 0.264781 0.0738642
36 0.667586 0.787623 0.276172 0.163817
0 0.0420703 0.182529 0.0841406 0.245667
0 0.158188 0.446183 0.139344 0.783794
0 0.487789 0.175913 0.0810469 0.0918267
0 0.354766 0.478841 0.0923438 0.57548
0 0.21 0.438595 0.0838125 0.572272
36 0.0817578 0.670492 0.0795156 0.350117
36 0.398648 0.6813 0.0747656 0.0960422
36 0.557453 0.655398 0.0353438 0.0745902
0 0.450664 0.482424 0.0700156 0.526159
