28 0.761461 0.7625 0.0632031 0.135
28 0.176039 0.645666 0.135828 0.0746028
28 0.616336 0.791005 0.0723906 0.131589
28 0.516617 0.783797 0.0910469 0.125911
28 0.348297 0.782897 0.0458125 0.118178
28 0.195719 0.571741 0.04925 0.084743
28 0.167664 0.538902 0.0634531 0.135981
28 0.0816953 0.53243 0.0427344 0.0922897
28 0.343781 0.753213 0.0698125 0.140117
28 0.349039 0.670701 0.0568281 0.036028
28 0.403867 0.798551 0.0603281 0.0800467
28 0.674734 0.809988 0.0597812 0.124556
7 0.292273 0.433329 0.293922 0.407407
7 0.657156 0.573026 0.45025 0.440584
28 0.57643 0.762348 0.0625156 0.154743
7 0.741047 0.303294 0.517906 0.247944
