39 0.0247813 0.806229 0.0485938 0.2355
56 0.731516 0.766229 0.423313 0.467542
63 0.321906 0.545687 0.171906 0.292125
64 0.490406 0.659698 0.0456562 0.0352292
66 0.373453 0.724792 0.291094 0.170958
73 0.568852 0.494844 0.0420781 0.142354
73 0.555453 0.473479 0.0483438 0.168583
73 0.607047 0.504198 0.0349375 0.139771
73 0.637922 0.505615 0.146625 0.148312
73 0.537508 0.476562 0.0522656 0.163083
73 0.651062 0.406219 0.143531 0.0746458
73 0.849664 0.514042 0.0225781 0.0671667
73 0.472633 0.437583 0.0316719 0.0694167
47 0.124898 0.87899 0.0409844 0.0551875
62 0.145805 0.227417 0.291609 0.149125
39 0.491312 0.539354 0.0244688 0.080625
56 0.0400313 0.259885 0.0800625 0.140729
66 0.319586 0.60325 0.146016 0.104833
73 0.500492 0.454313 0.0650469 0.10175
73 0.702219 0.519552 0.0293438 0.129021
73 0.814516 0.504177 0.0190937 0.0661042
73 0.878289 0.514656 0.0217969 0.0644375
73 0.925469 0.513583 0.0173437 0.0423333
