2 0.85775 0.689188 0.279687 0.281529
2 0.786898 0.594271 0.171234 0.163882
2 0.928836 0.586929 0.142328 0.119929
5 0.470063 0.502247 0.447687 0.595506
0 0.575273 0.498776 0.0726719 0.0919059
0 0.857656 0.614529 0.0359063 0.0613412
9 0.844305 0.475871 0.00664062 0.0244471
0 0.858836 0.524553 0.00854687 0.0287294
0 0.00970312 0.571906 0.0194062 0.253929
0 0.0254844 0.483682 0.00553125 0.0314588
0 0.826969 0.620929 0.0234688 0.0566353
0 0.0430547 0.486482 0.00892187 0.0331529
0 0.790195 0.623588 0.0299531 0.0673647
0 0.0310156 0.479953 0.00596875 0.0249882
