58 0.77579 0.582957 0.194324 0.278029
58 0.851686 0.750557 0.082381 0.175286
39 0.428019 0.671643 0.0280381 0.0840857
39 0.106371 0.667371 0.026 0.0945143
72 0.0284667 0.762357 0.0569333 0.449457
45 0.102429 0.0849429 0.0652381 0.0289714
46 0.71821 0.710243 0.0744 0.0595143
46 0.703524 0.723257 0.0617905 0.0812571
49 0.764514 0.723286 0.0413333 0.0600571
49 0.756238 0.683143 0.0286286 0.0261714
40 0.521686 0.574357 0.0273714 0.0752857
45 0.182543 0.0910286 0.0581143 0.0212
45 0.133238 0.446371 0.0533714 0.0349143
45 0.122838 0.4913 0.0423619 0.0308857
45 0.0338667 0.0842 0.0569143 0.0426857
45 0.189857 0.462557 0.0340381 0.0229429
45 0.193867 0.494514 0.0425143 0.0168571
45 0.315086 0.491243 0.0371429 0.0255714
45 0.487648 0.634443 0.101048 0.0839714
45 0.189914 0.4818 0.0412381 0.0170857
45 0.182952 0.0568429 0.0601905 0.0419714
49 0.789971 0.7233 0.0189905 0.0472286
49 0.75941 0.774071 0.0357333 0.0395714
49 0.718552 0.771114 0.0253333 0.03
58 0.82259 0.762171 0.029181 0.0658857
58 0.718276 0.660814 0.0641714 0.0594571
69 0.108657 0.900871 0.103333 0.198257
71 0.301733 0.701271 0.186362 0.0716286
41 0.233305 0.479986 0.0323619 0.0157429
41 0.452276 0.472386 0.0221143 0.0298571
41 0.425343 0.4802 0.0205143 0.0371429
41 0.497457 0.473614 0.0296571 0.0504857
41 0.101733 0.698114 0.0263619 0.0574286
41 0.139962 0.703157 0.0235048 0.0532286
45 0.0800286 0.4588 0.0395238 0.0360571
