0 0.482023 0.497188 0.232672 0.557615
31 0.465984 0.746816 0.248406 0.205755
0 0.0351328 0.125536 0.0493281 0.149584
0 0.202305 0.102462 0.0179844 0.0751641
0 0.624406 0.139387 0.00825 0.0364114
0 0.696625 0.157976 0.0235625 0.0605908
0 0.476727 0.168271 0.0141719 0.0468709
0 0.656945 0.138304 0.0123906 0.0341138
0 0.601789 0.128654 0.00995313 0.03814
0 0.425914 0.144168 0.0139531 0.0412035
0 0.437445 0.157265 0.0151406 0.0554048
31 0.702469 0.188982 0.021 0.0182276
31 0.762375 0.101915 0.00684375 0.0153392
0 0.930273 0.193271 0.0344844 0.0305252
0 0.917531 0.173982 0.0264375 0.0364114
31 0.0192031 0.166783 0.033625 0.0316849
0 0.765336 0.0947046 0.00845313 0.0370241
