62 0.949773 0.204014 0.0847656 0.150939
39 0.864359 0.690869 0.0288125 0.0604695
39 0.827687 0.66027 0.0317812 0.0703991
56 0.741148 0.555305 0.182828 0.290939
56 0.406766 0.379624 0.0972187 0.216901
59 0.311773 0.726291 0.623547 0.505634
59 0.170906 0.515775 0.341812 0.416667
63 0.503055 0.254167 0.0700781 0.0891784
73 0.545438 0.324202 0.0553125 0.0253991
73 0.348773 0.763674 0.0759844 0.133263
24 0.480336 0.62838 0.152359 0.195634
26 0.475547 0.63115 0.143313 0.181643
26 0.0506406 0.492324 0.100344 0.129484
56 0.632984 0.47331 0.188312 0.333521
59 0.165492 0.241385 0.330359 0.255023
72 0.834742 0.672453 0.128922 0.179554
75 0.588344 0.277582 0.0150625 0.0693897
28 0.869914 0.533028 0.166328 0.239155
58 0.59493 0.215927 0.0605781 0.191338
