56 0.645625 0.780667 0.251625 0.438667
56 0.713531 0.698562 0.189562 0.396958
56 0.383781 0.712167 0.1695 0.411708
56 0.25293 0.787583 0.259891 0.424833
60 0.423148 0.700458 0.359797 0.168917
40 0.0866094 0.29374 0.0173437 0.0674375
40 0.0666406 0.293354 0.0226562 0.0751667
40 0.0549609 0.299385 0.0203281 0.0619375
73 0.0682578 0.624719 0.0556094 0.0179792
40 0.0281875 0.302687 0.0175 0.0600833
40 0.0417578 0.302229 0.0126406 0.05725
41 0.495219 0.645698 0.0191562 0.0570625
73 0.0508828 0.597167 0.0343281 0.0372917
73 0.445078 0.60374 0.0277813 0.0536458
73 0.468102 0.60376 0.0287031 0.0447292
73 0.471875 0.602615 0.0299063 0.0443542
75 0.087375 0.45849 0.026625 0.0559375
75 0.0367188 0.456948 0.0219688 0.0683542
73 0.252852 0.66899 0.0262031 0.0261042
73 0.474437 0.601542 0.0326562 0.044
40 0.0357813 0.318073 0.00865625 0.0286458
40 0.0499062 0.316135 0.00846875 0.0265208
