39 0.311578 0.672849 0.0117813 0.0443953
39 0.0627812 0.767709 0.0104688 0.0483953
25 0.41193 0.374895 0.252109 0.113744
56 0.491445 0.710558 0.0981406 0.186512
56 0.317156 0.683977 0.0919375 0.141349
0 0.595562 0.624919 0.136344 0.457558
0 0.482195 0.527267 0.0651406 0.189651
0 0.215641 0.680058 0.124906 0.225419
0 0.688187 0.5955 0.08625 0.360302
38 0.589344 0.636581 0.101188 0.0965116
32 0.500891 0.695116 0.0116875 0.0138605
32 0.801781 0.567093 0.00975 0.0126977
32 0.829492 0.568326 0.00876563 0.0126977
32 0.491289 0.695279 0.0100156 0.011814
32 0.48182 0.697733 0.0102031 0.0143488
32 0.809633 0.568105 0.00854687 0.013
32 0.839477 0.567279 0.00992188 0.0106512
56 0.890961 0.335302 0.109766 0.103814
