56 0.174891 0.776341 0.123562 0.362826
56 0.161375 0.967886 0.0667813 0.0430193
60 0.0974141 0.76 0.194828 0.16
72 0.521711 0.512101 0.0856719 0.188406
66 0.833828 0.873249 0.1785 0.182198
71 0.395477 0.562524 0.0448594 0.0227295
56 0.613727 0.579903 0.0466719 0.0857971
58 0.0961328 0.622186 0.0480156 0.162633
58 0.154617 0.627295 0.0634844 0.133575
58 0.2615 0.556014 0.0335937 0.0553623
75 0.0378437 0.710942 0.0742188 0.0905797
71 0.444047 0.584589 0.129937 0.0297585
58 0.0619453 0.655024 0.123891 0.206763
58 0.340781 0.526775 0.017125 0.0257729
58 0.297883 0.552077 0.0247969 0.07
