47 0.671875 0.896019 0.275 0.185012
47 0.542062 0.834379 0.23325 0.331241
47 0.901031 0.958782 0.197938 0.0824356
49 0.116438 0.690023 0.129344 0.145386
49 0.676609 0.414122 0.141281 0.192927
49 0.570172 0.398419 0.119406 0.147658
49 0.0269297 0.726686 0.0538594 0.168173
49 0.0374766 0.611698 0.0749531 0.0332787
49 0.109172 0.621792 0.118781 0.0606323
49 0.420703 0.437845 0.1005 0.116393
49 0.517953 0.376651 0.121156 0.174848
49 0.631055 0.290199 0.115578 0.138103
49 0.214492 0.564356 0.121578 0.123888
49 0.0280078 0.640855 0.0560156 0.0438173
