2 0.0701458 0.737711 0.140292 0.0871094
2 0.262802 0.70532 0.0264375 0.0177969
9 0.248031 0.637398 0.0309792 0.0297969
9 0.662302 0.600742 0.0195625 0.0312031
0 0.586604 0.751023 0.0604583 0.159172
0 0.429406 0.707141 0.0116042 0.0311875
0 0.22775 0.706711 0.00958333 0.0142969
0 0.179021 0.707453 0.00766667 0.0100313
0 0.552865 0.707437 0.0336875 0.0608125
0 0.24899 0.705383 0.0095625 0.0191719
0 0.1845 0.708492 0.00679167 0.0114531
8 0.895188 0.70157 0.0726667 0.0249219
2 0.132396 0.710875 0.0102917 0.00609375
9 0.557219 0.447328 0.0650625 0.113375
