9 0.397062 0.314542 0.028125 0.125458
0 0.584273 0.875042 0.128578 0.249917
0 0.295781 0.90449 0.15 0.191021
0 0.0661484 0.810333 0.132297 0.373125
0 0.148859 0.698094 0.0520938 0.130104
0 0.899844 0.554635 0.0465938 0.0795208
0 0.922086 0.905083 0.155828 0.156958
0 0.931711 0.81074 0.136578 0.201604
0 0.950242 0.717146 0.0990781 0.265292
0 0.20432 0.807052 0.130484 0.332562
0 0.424961 0.911729 0.0847031 0.176542
0 0.496344 0.573104 0.0450313 0.0849167
0 0.476156 0.923813 0.0765625 0.152375
26 0.272211 0.961896 0.0195781 0.0762083
0 0.446758 0.604 0.0374844 0.082
24 0.0438828 0.800458 0.0877656 0.182625
