74 0.52518 0.112927 0.0363906 0.0500625
2 0.382586 0.752125 0.711234 0.373042
2 0.599156 0.69326 0.433156 0.249438
2 0.199344 0.540802 0.155344 0.0458542
2 0.266398 0.540031 0.0771719 0.0494375
2 0.32532 0.545625 0.124172 0.0479583
74 0.574453 0.118177 0.0105313 0.0455625
2 0.733445 0.667229 0.265797 0.199583
2 0.596047 0.545948 0.049625 0.0484375
2 0.0167031 0.618708 0.0330625 0.0825417
2 0.740539 0.622833 0.235953 0.113125
2 0.797742 0.5815 0.139797 0.0654167
2 0.838656 0.54576 0.0576562 0.0376875
2 0.0825313 0.585135 0.165063 0.0985625
2 0.176359 0.550156 0.104594 0.0316458
7 0.123172 0.513583 0.128844 0.048
