39 0.719648 0.289554 0.0262344 0.0624413
39 0.955305 0.254695 0.0165156 0.076338
39 0.0304297 0.281056 0.0226719 0.0752113
56 0.832406 0.642477 0.184656 0.442934
56 0.770422 0.262629 0.0389688 0.0344131
60 0.491398 0.386115 0.527141 0.0917136
0 0.622805 0.522007 0.440234 0.923263
0 0.118172 0.267852 0.233344 0.411244
0 0.340391 0.177371 0.106813 0.134085
0 0.439922 0.439378 0.247187 0.81946
0 0.835305 0.427242 0.199234 0.69439
0 0.907094 0.142406 0.0890312 0.210681
0 0.282703 0.163674 0.0688125 0.152793
0 0.120414 0.67993 0.240828 0.6
77 0.667867 0.702242 0.273734 0.4427
39 0.937289 0.150305 0.0142969 0.0277465
41 0.0313594 0.947477 0.0627188 0.105047
41 0.718766 0.35338 0.0336562 0.0685915
56 0.714453 0.292477 0.0673438 0.0803521
56 0.930297 0.267664 0.032875 0.0267371
56 0.623086 0.923474 0.582578 0.153052
60 0.840641 0.286573 0.222469 0.0221127
60 0.0612031 0.29777 0.122406 0.0346948
0 0.961211 0.402054 0.0775781 0.420962
56 0.150414 0.676631 0.183266 0.444155
56 0.431203 0.566326 0.113375 0.271385
41 0.949617 0.929014 0.100766 0.141972
60 0.798922 0.922782 0.402156 0.154437
