19 0.531453 0.562365 0.211281 0.195688
0 0.540672 0.449594 0.0342812 0.0721042
0 0.208547 0.47099 0.0761875 0.110313
0 0.658617 0.523323 0.0730781 0.247813
0 0.554117 0.460406 0.0658281 0.0613125
0 0.632695 0.468781 0.0178594 0.0586042
2 0.451852 0.459469 0.0793906 0.0630625
2 0.766266 0.478021 0.0545937 0.0727917
2 0.892359 0.473969 0.107187 0.0785625
2 0.0473359 0.522094 0.0946719 0.102188
2 0.518578 0.45576 0.0486562 0.0675625
2 0.796531 0.451677 0.0174687 0.0254375
2 0.477961 0.458521 0.0332969 0.0642917
2 0.0760234 0.459167 0.0330469 0.016125
2 0.49718 0.444115 0.0475469 0.0483542
2 0.0267969 0.476635 0.0525937 0.0741042
7 0.314164 0.509323 0.188797 0.176229
7 0.845898 0.452615 0.0861094 0.0893958
2 0.741625 0.442896 0.0956562 0.0365417
