60 0.550586 0.638823 0.635297 0.661188
0 0.235336 0.511115 0.186766 0.554521
0 0.641094 0.348542 0.176063 0.325708
0 0.745727 0.450437 0.257984 0.405542
0 0.811258 0.605052 0.377484 0.789896
0 0.33118 0.387635 0.183703 0.379771
0 0.386922 0.290031 0.04725 0.137729
0 0.360625 0.335969 0.122031 0.203687
43 0.692375 0.68626 0.0783125 0.0769792
43 0.382469 0.625396 0.042875 0.0891667
43 0.36118 0.787375 0.0979219 0.0785
44 0.355117 0.599885 0.0590469 0.0271458
45 0.60625 0.616167 0.0919062 0.0578333
45 0.403883 0.525594 0.0711406 0.0336042
0 0.575648 0.299719 0.0757344 0.208354
0 0.401305 0.254094 0.0370469 0.112812
0 0.798063 0.291281 0.0392188 0.130479
40 0.475 0.372917 0.027375 0.05
41 0.494008 0.748771 0.0484531 0.102708
43 0.640984 0.539917 0.028625 0.0187083
43 0.579805 0.489729 0.0197656 0.0235417
44 0.425523 0.486469 0.0370156 0.0332292
56 0.129719 0.285594 0.049625 0.0633958
75 0.53293 0.185479 0.0365156 0.0692083
75 0.462953 0.12301 0.0279063 0.0607292
0 0.156742 0.637083 0.306734 0.698875
0 0.632695 0.315271 0.0535781 0.192125
40 0.492859 0.638958 0.0506562 0.114292
40 0.588469 0.622615 0.0491875 0.137937
40 0.55775 0.4895 0.0347812 0.111292
40 0.465484 0.654333 0.0379063 0.141458
40 0.466141 0.538271 0.0358125 0.0895
40 0.468281 0.338938 0.0173125 0.0273333
41 0.524906 0.48949 0.0432188 0.0493125
42 0.379156 0.783573 0.099 0.0922292
42 0.73182 0.691563 0.0574844 0.0704583
42 0.355375 0.601385 0.0592812 0.0226875
42 0.419844 0.426833 0.0380937 0.005375
43 0.429586 0.491437 0.0420781 0.0270833
56 0.881094 0.441073 0.0230937 0.0348958
56 0.168383 0.254156 0.0232344 0.0404792
56 0.0368281 0.292094 0.0359063 0.0220208
75 0.460875 0.259354 0.0219062 0.0487083
75 0.605695 0.12974 0.0262969 0.0538958
75 0.531531 0.0420417 0.02125 0.0840833
0 0.0588828 0.278031 0.115891 0.128938
45 0.583359 0.564781 0.0566562 0.0488125
45 0.466703 0.501052 0.0898438 0.0395625
60 0.0298203 0.379281 0.0331719 0.0316042
75 0.457766 0.197312 0.031875 0.04625
41 0.592141 0.728437 0.05125 0.0966667
