57 0.42578 0.48248 0.65868 0.346187
57 0.11774 0.76344 0.22904 0.43872
0 0.5076 0.684893 0.67416 0.62696
0 0.56928 0.499987 0.18976 0.194533
0 0.42298 0.651187 0.8446 0.697627
67 0.88148 0.835747 0.07568 0.0464267
73 0.72192 0.416853 0.0842 0.0528
73 0.76897 0.746547 0.09718 0.06616
77 0.2277 0.2838 0.141 0.128133
65 0.81471 0.758293 0.07454 0.07552
65 0.86934 0.778387 0.15544 0.0866933
0 0.33162 0.356733 0.09604 0.0701067
2 0.74727 0.819667 0.06882 0.0585333
65 0.90564 0.786333 0.1328 0.0694667
65 0.48251 0.635773 0.0337 0.0286133
65 0.2567 0.395787 0.02656 0.04768
