23 0.683836 0.282573 0.632328 0.565146
51 0.37468 0.567958 0.0203906 0.02075
0 0.191289 0.778281 0.365734 0.415729
0 0.330344 0.944188 0.0711563 0.111625
0 0.445633 0.909573 0.0773594 0.161437
0 0.391398 0.909281 0.0790781 0.181438
0 0.424852 0.745198 0.113422 0.198021
0 0.0344531 0.710271 0.0689063 0.183083
0 0.296648 0.906688 0.0710781 0.186625
0 0.200539 0.747479 0.0648594 0.131667
0 0.333391 0.801823 0.032625 0.146604
0 0.171617 0.745062 0.0409219 0.14325
26 0.0619063 0.895687 0.0715937 0.208625
0 0.353922 0.816833 0.0422812 0.132083
