17 0.506953 0.639697 0.595187 0.654507
17 0.737344 0.54343 0.245781 0.593543
0 0.471367 0.32852 0.134672 0.622466
0 0.575445 0.255404 0.107953 0.236278
0 0.811969 0.575975 0.0851875 0.341457
13 0.885859 0.413498 0.0424062 0.0383857
13 0.265969 0.364888 0.0447188 0.0358744
13 0.924656 0.415235 0.0409687 0.0417265
0 0.110766 0.330303 0.0116562 0.0347309
0 0.0711094 0.329383 0.0104688 0.0381839
0 0.0565 0.330661 0.010375 0.0365247
0 0.0466562 0.331065 0.007375 0.0315919
0 0.0129922 0.314563 0.0121406 0.0129372
0 0.0808828 0.334787 0.00820313 0.0279596
0 0.087875 0.331177 0.0065625 0.0351345
0 0.0409062 0.327993 0.00846875 0.038139
