27 0.556375 0.679619 0.0757188 0.29836
27 0.134219 0.572125 0.033125 0.204619
27 0.823953 0.641293 0.0384375 0.154088
0 0.318344 0.671582 0.231656 0.628106
0 0.864805 0.605624 0.267516 0.554296
0 0.58493 0.661963 0.222984 0.584665
0 0.396445 0.534838 0.0381406 0.0546189
27 0.536469 0.217771 0.0152812 0.249815
73 0.795766 0.948903 0.205656 0.102194
73 0.895266 0.932875 0.209469 0.132356
0 0.488 0.699192 0.0669375 0.431732
26 0.433031 0.782679 0.03875 0.117552
27 0.313961 0.194723 0.0140469 0.239561
27 0.319672 0.188187 0.013375 0.225751
27 0.324602 0.195162 0.0168281 0.235497
27 0.709992 0.233118 0.0124844 0.247621
27 0.663188 0.223568 0.0105938 0.248383
27 0.330109 0.199088 0.0184687 0.239607
0 0.115977 0.597921 0.228453 0.771409
