0 0.65204 0.597978 0.26544 0.77929
0 0.84056 0.457746 0.1974 0.391011
0 0.56495 0.37832 0.10974 0.360027
34 0.50272 0.587637 0.14464 0.0831421
34 0.51396 0.589672 0.12648 0.0512022
34 0.58633 0.721161 0.0173 0.0205191
62 0.54472 0.266311 0.0286 0.0453005
62 0.42977 0.267923 0.07322 0.0813115
74 0.70684 0.533115 0.018 0.0345902
74 0.78225 0.558251 0.01266 0.0134426
0 0.35279 0.313033 0.10062 0.254262
34 0.55374 0.690437 0.0668 0.0413115
34 0.54617 0.670164 0.06842 0.0391803
34 0.52611 0.624467 0.10746 0.0531421
34 0.52029 0.609577 0.11774 0.0788251
34 0.52798 0.63765 0.09988 0.0380874
34 0.53788 0.657145 0.0778 0.044071
64 0.37768 0.818128 0.0572 0.0379508
66 0.4152 0.919699 0.1706 0.160601
76 0.87358 0.697459 0.0302 0.0550273
0 0.70307 0.172391 0.01882 0.0262568
