0 0.562227 0.564208 0.0487031 0.05825
0 0.713172 0.541146 0.0271875 0.01675
0 0.663641 0.577438 0.140187 0.0442917
0 0.385437 0.546313 0.0183125 0.0208333
0 0.275117 0.547021 0.0197031 0.02075
37 0.75232 0.575937 0.0509219 0.0292917
0 0.601516 0.542937 0.0100625 0.0154583
37 0.543406 0.590115 0.13875 0.0169375
37 0.852344 0.537146 0.0292187 0.0115833
0 0.639938 0.54001 0.00540625 0.0055625
0 0.535016 0.543177 0.0075625 0.0106875
0 0.882055 0.530177 0.0247344 0.0175208
37 0.749836 0.542396 0.0546719 0.00995833
37 0.261406 0.554771 0.0120313 0.00345833
37 0.589492 0.550271 0.0164219 0.00441667
0 0.0439844 0.586781 0.0264375 0.0200208
