62 0.281039 0.393604 0.226859 0.275375
41 0.538695 0.791052 0.0985156 0.216646
41 0.897414 0.576417 0.0514219 0.0780417
63 0.605898 0.629521 0.233266 0.191625
63 0.779648 0.580615 0.202641 0.165479
64 0.327742 0.534573 0.0360781 0.0161875
65 0.680773 0.640115 0.0382344 0.0171042
66 0.404148 0.507667 0.133641 0.0525833
66 0.6345 0.683896 0.174594 0.0909583
73 0.480945 0.410573 0.0577031 0.121687
66 0.787008 0.619292 0.116609 0.0425
73 0.464961 0.413042 0.0378594 0.115792
57 0.815586 0.692208 0.368828 0.589625
73 0.475969 0.411177 0.0483125 0.121563
73 0.449055 0.417229 0.0468594 0.119333
73 0.439555 0.421302 0.0454531 0.110521
73 0.616523 0.498719 0.0339531 0.0172292
73 0.594227 0.530302 0.0811719 0.0602292
73 0.490812 0.402698 0.0566562 0.142396
16 0.712422 0.434865 0.0559687 0.0609375
16 0.896453 0.427177 0.0450313 0.0487292
16 0.844852 0.42125 0.0620156 0.0403333
77 0.846781 0.427292 0.0643438 0.0514583
