57 0.155383 0.698275 0.290047 0.423992
27 0.485563 0.676967 0.0797188 0.453934
0 0.539305 0.578517 0.634891 0.771802
0 0.77268 0.436337 0.0678281 0.151822
0 0.578867 0.347471 0.0573281 0.0728101
0 0.628859 0.373905 0.0305 0.0262209
0 0.254437 0.402316 0.136906 0.1675
0 0.931984 0.40124 0.0729375 0.104302
0 0.942844 0.38064 0.0295938 0.0305814
0 0.654227 0.379952 0.0350781 0.0388566
0 0.359844 0.370475 0.0674375 0.0860271
56 0.742492 0.478508 0.0702344 0.141667
56 0.90032 0.517849 0.170141 0.214845
0 0.914594 0.411202 0.141781 0.146783
57 0.746898 0.476453 0.0789219 0.137016
