1 0.912039 0.599604 0.0766094 0.123667
2 0.202227 0.626635 0.0430156 0.0811458
10 0.467375 0.808219 0.209969 0.383563
36 0.585258 0.524135 0.209609 0.120271
0 0.496625 0.25225 0.375 0.50225
0 0.167492 0.606083 0.0558281 0.250625
0 0.11607 0.59974 0.0478281 0.226104
0 0.985055 0.579594 0.0298906 0.123188
0 0.239047 0.594729 0.045 0.183042
0 0.910008 0.549656 0.0732969 0.151562
0 0.945391 0.538813 0.0212812 0.0665417
0 0.323781 0.596635 0.0324062 0.154812
0 0.0464062 0.590792 0.0636875 0.251792
1 0.0461328 0.652708 0.0854844 0.097625
26 0.869219 0.547604 0.026375 0.0570417
0 0.872383 0.560531 0.0333281 0.123979
26 0.105102 0.610802 0.0232656 0.0283542
0 0.964539 0.565823 0.0224531 0.124437
