57 0.768547 0.361292 0.41775 0.266667
57 0.342672 0.682115 0.433188 0.456896
56 0.0756172 0.446167 0.146984 0.300292
60 0.0538203 0.492115 0.106422 0.221812
0 0.514039 0.382021 0.134828 0.265167
0 0.507766 0.571948 0.357 0.506646
41 0.697719 0.772115 0.0331875 0.0792292
45 0.859742 0.626667 0.0665469 0.0514167
45 0.761156 0.496312 0.06475 0.0482917
39 0.874969 0.55201 0.0385313 0.126896
39 0.816672 0.483542 0.0233437 0.0677083
41 0.720758 0.440875 0.0242656 0.055875
65 0.54268 0.481885 0.0224844 0.0190208
65 0.552117 0.53975 0.0586406 0.0884167
65 0.791523 0.613 0.0744531 0.0202917
65 0.776109 0.638385 0.059 0.0204792
65 0.822922 0.567854 0.074875 0.0259167
56 0.282562 0.469979 0.145219 0.205875
56 0.020875 0.373115 0.0417187 0.0422292
