5 0.403773 0.656535 0.605672 0.46396
0 0.845695 0.753354 0.0618594 0.221361
0 0.784789 0.790767 0.0485156 0.0926238
0 0.752477 0.691312 0.0630156 0.160248
2 0.839859 0.718886 0.167906 0.128218
2 0.0548203 0.675483 0.109641 0.104183
2 0.926937 0.677512 0.120594 0.0665099
2 0.726047 0.697537 0.0150937 0.0882921
26 0.861969 0.738354 0.0345937 0.087995
2 0.0801484 0.62302 0.0575781 0.0277228
0 0.921648 0.777574 0.0121406 0.17297
0 0.468891 0.613502 0.0260312 0.116559
0 0.710555 0.710062 0.0204844 0.208144
