25 0.632867 0.157302 0.729766 0.274146
60 0.637414 0.82449 0.330141 0.327313
60 0.530055 0.601125 0.180328 0.146083
60 0.0573203 0.690323 0.114641 0.204188
60 0.943164 0.496948 0.0820156 0.101729
25 0.489883 0.307771 0.365734 0.0584167
25 0.10475 0.239052 0.2095 0.161979
56 0.761102 0.766937 0.216828 0.336542
56 0.467695 0.819104 0.254484 0.361792
56 0.672461 0.595521 0.0947656 0.184458
56 0.559031 0.582781 0.0684375 0.175604
56 0.45225 0.604896 0.127562 0.166875
56 0.345461 0.611542 0.0971719 0.198917
56 0.144648 0.661302 0.156641 0.248146
56 0.895977 0.497063 0.0693281 0.0986667
56 0.0713125 0.647813 0.141594 0.23475
56 0.7205 0.497135 0.0453438 0.0968958
25 0.969391 0.235927 0.0612188 0.0981042
56 0.979781 0.707115 0.039625 0.260396
56 0.540266 0.498031 0.0525937 0.0872708
60 0.718547 0.467417 0.0730625 0.0110417
56 0.990961 0.488448 0.0180469 0.0917708
58 0.19407 0.474729 0.142797 0.275708
