67 0.342391 0.657553 0.0474375 0.0833958
0 0.198664 0.477529 0.301359 0.878665
26 0.176937 0.607939 0.150875 0.48993
26 0.158883 0.392049 0.0587031 0.196838
26 0.957711 0.393817 0.0845781 0.161452
0 0.0251797 0.434543 0.0503594 0.713396
26 0.943414 0.687482 0.113172 0.256276
26 0.628234 0.518571 0.0935 0.142061
26 0.713875 0.809778 0.0617188 0.161194
26 0.113828 0.634754 0.0648438 0.296768
26 0.559742 0.429859 0.159422 0.257143
0 0.300086 0.497869 0.363922 0.781827
26 0.727711 0.531323 0.119391 0.171358
26 0.81443 0.82644 0.132609 0.2363
26 0.578875 0.912658 0.141094 0.17267
26 0.751414 0.347775 0.0960781 0.153958
