62 0.612586 0.706499 0.345547 0.562787
56 0.908758 0.635902 0.182484 0.536487
73 0.1975 0.68048 0.20025 0.106393
73 0.354305 0.44137 0.158578 0.0704215
73 0.485773 0.197763 0.137922 0.0539344
73 0.344984 0.319707 0.142313 0.0670023
73 0.355125 0.508665 0.161906 0.0706323
73 0.365766 0.632974 0.147531 0.0922248
73 0.373875 0.697939 0.133781 0.0892272
73 0.208539 0.726464 0.192891 0.115644
73 0.196273 0.702775 0.192453 0.101335
73 0.197508 0.642845 0.185672 0.0869555
73 0.188969 0.564543 0.160812 0.0777986
73 0.182781 0.533583 0.147687 0.0685714
73 0.489328 0.269637 0.1355 0.0370258
73 0.210727 0.75034 0.196984 0.10171
73 0.217023 0.773899 0.198578 0.122225
73 0.35718 0.524684 0.164609 0.0732084
73 0.48793 0.286803 0.137297 0.0373536
45 0.324086 0.91781 0.116609 0.10363
73 0.347164 0.392564 0.138047 0.0533724
