58 0.487531 0.284122 0.0572187 0.117799
39 0.875539 0.467927 0.0589844 0.21534
43 0.2375 0.405222 0.0115 0.0199063
45 0.452594 0.566429 0.0246875 0.0266276
71 0.484281 0.550433 0.245562 0.446581
39 0.615781 0.458419 0.0219688 0.0773536
39 0.702094 0.490199 0.0326875 0.0735129
41 0.47468 0.5874 0.0321719 0.0296487
41 0.452172 0.565632 0.0250937 0.0279391
45 0.419914 0.447834 0.0322344 0.0169321
47 0.433477 0.428934 0.0120156 0.0167916
47 0.406008 0.432916 0.0120781 0.0186651
69 0.0322344 0.854415 0.0644687 0.243021
39 0.821531 0.471171 0.05125 0.181265
39 0.161562 0.137073 0.0225625 0.0642155
39 0.735633 0.493501 0.0398594 0.0727166
40 0.553305 0.558677 0.0482656 0.0472365
43 0.236758 0.431335 0.0120781 0.0149415
43 0.249297 0.410164 0.0122813 0.0184075
43 0.234078 0.409941 0.013875 0.0217564
43 0.247852 0.397237 0.0168594 0.0317564
43 0.252008 0.385878 0.0165469 0.0308665
43 0.230516 0.390995 0.00859375 0.0132319
43 0.232297 0.386171 0.0129688 0.0262529
47 0.423266 0.427213 0.00978125 0.0146604
47 0.427234 0.437389 0.00921875 0.00793911
44 0.6485 0.279356 0.0209063 0.0936534
45 0.454531 0.568337 0.0454062 0.0291803
47 0.416617 0.43678 0.0111719 0.011733
47 0.415656 0.426651 0.00996875 0.0108665
68 0.331508 0.411639 0.0724219 0.0723653
