0 0.898375 0.517708 0.0705 0.0965833
0 0.510578 0.318344 0.033 0.0553542
0 0.683805 0.316365 0.0157344 0.0243125
8 0.208891 0.443167 0.266781 0.268458
8 0.87332 0.439813 0.0956406 0.136458
37 0.392852 0.763979 0.641984 0.228792
37 0.440734 0.507865 0.325281 0.364063
37 0.20793 0.448042 0.253547 0.267625
37 0.571352 0.516844 0.313484 0.283146
37 0.892484 0.439146 0.066 0.13575
37 0.791188 0.41774 0.153469 0.190146
37 0.307594 0.422115 0.148844 0.108521
37 0.687102 0.332854 0.0446094 0.01875
8 0.853055 0.245958 0.00398438 0.02375
37 0.759289 0.525719 0.251172 0.300604
37 0.26382 0.427563 0.210578 0.183917
37 0.352758 0.408448 0.128078 0.0719792
0 0.0953437 0.478438 0.11275 0.0470833
