25 0.713195 0.489125 0.276859 0.116167
25 0.537047 0.551677 0.124875 0.0518125
25 0.617297 0.575771 0.0919688 0.079
56 0.192461 0.673885 0.0693594 0.0532708
56 0.396297 0.64349 0.0643438 0.0685625
56 0.526836 0.652573 0.0485781 0.0591042
0 0.214422 0.651458 0.110125 0.0975417
0 0.941992 0.616667 0.0203281 0.0529167
0 0.919219 0.614333 0.0194687 0.0445833
0 0.410055 0.637417 0.0579531 0.0814583
0 0.521023 0.636365 0.0608281 0.0851458
0 0.574812 0.631635 0.0349687 0.0288125
0 0.821375 0.62124 0.00515625 0.0240625
0 0.673664 0.627375 0.0190469 0.0274167
0 0.842742 0.617365 0.00767187 0.0276042
56 0.672422 0.656573 0.0285 0.0313542
0 0.472266 0.630417 0.0053125 0.01
0 0.564211 0.626635 0.00698437 0.0091875
0 0.0387266 0.681438 0.00692187 0.0108333
25 0.631297 0.622698 0.0737812 0.0431875
25 0.585617 0.613063 0.0304531 0.0126667
56 0.592039 0.635302 0.0114531 0.0152708
56 0.590273 0.667458 0.0164844 0.0239167
56 0.642547 0.645802 0.0169687 0.0335208
56 0.652633 0.645479 0.0220781 0.0314583
56 0.626711 0.651729 0.0164531 0.0201667
0 0.0844062 0.677021 0.0101875 0.016
25 0.764297 0.538635 0.0315 0.0420208
25 0.632141 0.59374 0.0887187 0.0160208
