27 0.542234 0.494055 0.011125 0.033871
27 0.443828 0.532535 0.207531 0.16871
60 0.36507 0.734735 0.244422 0.285553
60 0.496109 0.580207 0.145187 0.160415
60 0.580789 0.374493 0.0815156 0.128618
13 0.312555 0.84485 0.272609 0.273894
13 0.393383 0.608376 0.204672 0.141129
13 0.416797 0.596509 0.205719 0.156797
0 0.268648 0.823479 0.0890781 0.312673
0 0.381898 0.800553 0.112891 0.184332
0 0.504008 0.578065 0.0615156 0.169401
0 0.400289 0.62 0.0642344 0.116682
0 0.342344 0.588283 0.089625 0.132143
0 0.55625 0.492316 0.0568125 0.116889
0 0.503516 0.456313 0.0478125 0.0915668
0 0.222 0.699009 0.0358438 0.0783871
0 0.417227 0.538341 0.0864219 0.147005
0 0.588508 0.57803 0.0637344 0.217396
0 0.452094 0.669758 0.072375 0.140853
0 0.410195 0.435023 0.0574219 0.0684793
13 0.619164 0.258571 0.0298594 0.0360369
13 0.53132 0.471371 0.0127969 0.0226498
24 0.549945 0.638168 0.0347031 0.0651843
39 0.342508 0.637385 0.00914062 0.0406221
39 0.489039 0.501336 0.00973437 0.0418433
39 0.39675 0.68432 0.0091875 0.043894
45 0.450953 0.497592 0.0196563 0.0356452
45 0.349352 0.670449 0.0327969 0.0478111
45 0.537664 0.324908 0.0179219 0.024977
75 0.436172 0.723859 0.00540625 0.00873272
75 0.273125 0.634355 0.00796875 0.0157143
26 0.315953 0.777062 0.0170937 0.0477189
27 0.549031 0.241071 0.0040625 0.00988479
60 0.619469 0.236267 0.0634062 0.0493548
60 0.618898 0.325714 0.0324531 0.0873272
60 0.546484 0.418468 0.0994063 0.113664
60 0.651031 0.173594 0.0375937 0.0414286
75 0.619328 0.294585 0.00546875 0.0146083
75 0.375047 0.454896 0.00609375 0.00965438
75 0.591414 0.349009 0.00304688 0.0151613
77 0.185195 0.878802 0.0418281 0.0471429
0 0.457406 0.445242 0.05425 0.0929263
27 0.667461 0.148537 0.00242187 0.011682
56 0.621391 0.255599 0.0203125 0.0199078
75 0.525438 0.543318 0.00909375 0.0184793
75 0.434438 0.731371 0.0095 0.0183641
