42 0.927539 0.29299 0.0648594 0.194021
51 0.428508 0.253781 0.0697344 0.0516875
51 0.411586 0.282125 0.0475469 0.0437083
51 0.395977 0.243781 0.0409844 0.0522708
51 0.42075 0.225719 0.0430313 0.0590208
51 0.44357 0.179031 0.0510156 0.0483958
51 0.514047 0.315354 0.094375 0.087625
51 0.476883 0.246844 0.0287344 0.0532292
51 0.494664 0.20225 0.0320156 0.0404583
51 0.436539 0.334552 0.121734 0.138896
51 0.551156 0.253208 0.0319375 0.0544583
60 0.498875 0.494385 0.99775 0.984271
43 0.88107 0.206823 0.0264219 0.0939375
51 0.485484 0.271917 0.103781 0.123792
41 0.0677031 0.0507083 0.122094 0.0959583
51 0.473375 0.14676 0.0584375 0.0649375
51 0.518602 0.23599 0.0475469 0.0559375
