7 0.62617 0.80872 0.04018 0.0464533
0 0.2312 0.90092 0.04328 0.167013
0 0.80461 0.837947 0.02514 0.06672
2 0.092 0.965213 0.184 0.0695733
2 0.09594 0.9124 0.16844 0.13808
2 0.37497 0.836027 0.05198 0.0646933
2 0.2845 0.83412 0.04828 0.04776
2 0.30983 0.816893 0.03002 0.0367733
2 0.332 0.807307 0.02604 0.0311467
2 0.42503 0.804987 0.03122 0.0304533
2 0.91485 0.92176 0.17018 0.156213
0 0.25693 0.889973 0.03914 0.186347
2 0.4546 0.78136 0.01504 0.0165333
2 0.55519 0.807427 0.03046 0.0372
2 0.86969 0.826453 0.04486 0.0394667
3 0.8083 0.857067 0.01552 0.0408533
7 0.7027 0.84912 0.07964 0.100587
0 0.12422 0.875773 0.01972 0.03256
0 0.76647 0.809053 0.00946 0.0400267
0 0.3819 0.7794 0.00608 0.0138933
0 0.22848 0.782 0.00728 0.01024
