46 0.200102 0.60249 0.0643594 0.143562
46 0.302625 0.598677 0.143437 0.149729
46 0.427547 0.584656 0.0857187 0.159021
46 0.103039 0.698198 0.202703 0.193687
46 0.608937 0.58724 0.0379375 0.108271
46 0.677992 0.590104 0.0931719 0.129125
46 0.785289 0.584573 0.0398594 0.129396
46 0.352203 0.679052 0.157094 0.231979
46 0.846336 0.563719 0.0630156 0.0907292
46 0.752531 0.685396 0.176969 0.170792
46 0.239719 0.701698 0.150406 0.177354
46 0.484734 0.68101 0.146406 0.210229
46 0.627938 0.68775 0.182531 0.181
