49 0.0828203 0.26074 0.0309219 0.0342292
49 0.595508 0.238625 0.0241406 0.0316667
49 0.135148 0.235979 0.0279219 0.0345
49 0.196594 0.221365 0.0267812 0.0372292
49 0.191961 0.923781 0.0267344 0.0318958
49 0.252836 0.326865 0.0233281 0.0330208
49 0.600336 0.470313 0.0230156 0.0237917
49 0.660367 0.45699 0.0190469 0.0276042
49 0.757469 0.578448 0.021 0.0270625
49 0.230977 0.326479 0.0273906 0.0384167
49 0.0904297 0.289677 0.0285469 0.0235625
49 0.446484 0.800719 0.02175 0.0344792
49 0.117109 0.361115 0.0210625 0.0353542
