32 0.473758 0.0135521 0.0249219 0.0233542
13 0.586758 0.638917 0.140172 0.14
38 0.480555 0.0915833 0.0411406 0.183167
0 0.548594 0.529208 0.220781 0.698875
0 0.780609 0.560323 0.0750938 0.334729
0 0.958102 0.578813 0.0837969 0.351667
0 0.262344 0.463552 0.0900625 0.188854
0 0.232109 0.425656 0.0311563 0.0979375
0 0.205289 0.471156 0.0638906 0.169063
0 0.151828 0.461885 0.0574063 0.181771
0 0.118 0.403396 0.0380625 0.0683333
0 0.104844 0.478135 0.05975 0.155479
0 0.0484609 0.467135 0.0737344 0.171479
0 0.0822578 0.382875 0.0378594 0.0843333
27 0.948328 0.501333 0.0169375 0.087125
0 0.333148 0.423667 0.0590469 0.0961667
0 0.316047 0.383083 0.0205 0.041625
