25 0.552617 0.716713 0.139953 0.0942061
2 0.315492 0.864262 0.0834219 0.112479
2 0.268766 0.854777 0.051625 0.0968524
2 0.0705859 0.819443 0.0301719 0.0362117
2 0.153062 0.815975 0.0226562 0.047493
2 0.131352 0.822716 0.0202969 0.0271588
0 0.517727 0.894708 0.0437656 0.191755
2 0.239461 0.840474 0.0586094 0.0981616
9 0.0862656 0.700599 0.0180312 0.0165181
9 0.179508 0.702437 0.0122969 0.063649
26 0.509477 0.887479 0.0231406 0.0663788
26 0.48443 0.847019 0.0166406 0.041727
0 0.588328 0.899387 0.0236563 0.145181
0 0.636391 0.87571 0.0295312 0.190808
0 0.728664 0.869638 0.0262969 0.189972
0 0.605086 0.882075 0.0307031 0.171281
0 0.551758 0.88454 0.0319219 0.182284
0 0.0373437 0.871908 0.0495937 0.194234
0 0.491219 0.884095 0.0257812 0.231811
0 0.172906 0.829443 0.0140937 0.0681337
0 0.202461 0.829248 0.0193281 0.0617827
2 0.179609 0.827939 0.0413125 0.0628412
24 0.486367 0.863329 0.0227656 0.0798607
11 0.769797 0.683747 0.0113125 0.097688
