2 0.600859 0.726604 0.0233437 0.031875
2 0.47757 0.720781 0.0292031 0.0349792
7 0.565109 0.72026 0.0540625 0.0637708
9 0.0475938 0.364198 0.0745 0.189771
9 0.418383 0.575865 0.0100156 0.0304375
9 0.642094 0.600146 0.0161563 0.0389167
9 0.732305 0.672167 0.0104219 0.0265
2 0.960195 0.753615 0.0754531 0.0396458
2 0.557961 0.733177 0.0329531 0.0381875
7 0.600953 0.726198 0.02375 0.0346875
9 0.423187 0.65651 0.0146563 0.0315208
9 0.576836 0.630708 0.00692187 0.021375
2 0.379234 0.705146 0.0161563 0.0197917
2 0.322805 0.714469 0.00957812 0.0240208
9 0.556016 0.65401 0.003625 0.00597917
9 0.544867 0.662521 0.00357813 0.00554167
9 0.441281 0.697521 0.00678125 0.0167917
5 0.519297 0.710677 0.04275 0.0682708
2 0.404922 0.703583 0.0102813 0.0122083
2 0.534055 0.736688 0.0367656 0.0340833
