30 0.455484 0.81312 0.0622188 0.0142061
0 0.455688 0.713788 0.0403437 0.193259
0 0.358687 0.608384 0.0390313 0.134986
0 0.749656 0.505989 0.0405625 0.149861
0 0.270641 0.509011 0.0179063 0.0416435
0 0.173375 0.534471 0.0184687 0.0503343
0 0.0724297 0.512159 0.0402969 0.0861003
0 0.389508 0.484262 0.0176406 0.101114
0 0.356469 0.520265 0.023375 0.0266017
0 0.815969 0.567006 0.0301875 0.124206
0 0.711727 0.498148 0.0230781 0.0506685
30 0.359805 0.672354 0.0596094 0.0112813
30 0.748625 0.575627 0.0586563 0.0191086
31 0.0685 0.553148 0.0453125 0.0183844
31 0.749242 0.57773 0.0663281 0.0257103
31 0.603602 0.53837 0.0455156 0.0266574
0 0.867695 0.301448 0.0144844 0.0445125
30 0.874664 0.332061 0.0372031 0.0236212
30 0.805148 0.627047 0.0862344 0.0162117
0 0.184219 0.466086 0.0259688 0.0568524
