4 0.49932 0.444383 0.991922 0.537092
0 0.264625 0.737322 0.0170937 0.0775732
0 0.216664 0.744205 0.0196719 0.0253556
0 0.191945 0.748253 0.00839063 0.0170502
0 0.722187 0.726559 0.267437 0.0792259
0 0.967562 0.706789 0.0195625 0.0708159
0 0.229148 0.737238 0.0217656 0.070795
0 0.305 0.70864 0.0166563 0.0292469
0 0.558266 0.712228 0.0140313 0.0506485
0 0.477055 0.714414 0.0121719 0.0519665
0 0.454469 0.715084 0.014875 0.0447699
0 0.291461 0.713274 0.0118906 0.0416527
0 0.419367 0.723023 0.0189531 0.0639121
0 0.980453 0.708326 0.0235 0.0766109
