32 0.2868 0.638307 0.01924 0.02664
0 0.1755 0.554893 0.11616 0.43064
0 0.50338 0.570947 0.20608 0.743227
38 0.51625 0.716627 0.10426 0.25336
29 0.11398 0.51228 0.04988 0.0410933
32 0.76548 0.927813 0.02508 0.03056
32 0.70268 0.910373 0.01856 0.03408
32 0.71569 0.912227 0.02002 0.0305867
38 0.29875 0.66836 0.02418 0.0811467
0 0.3422 0.58548 0.13916 0.467547
32 0.27242 0.8056 0.0136 0.0209067
32 0.75181 0.922213 0.01538 0.02928
32 0.74048 0.920893 0.01412 0.02728
32 0.73093 0.91832 0.01438 0.0293867
32 0.26134 0.80292 0.01372 0.0214667
32 0.72341 0.915693 0.01222 0.02648
32 0.24949 0.799587 0.01518 0.0218933
