0 0.81975 0.452187 0.1303 0.292107
0 0.15384 0.326813 0.02328 0.0428
73 0.94706 0.333533 0.00788 0.0582133
73 0.92143 0.327653 0.04502 0.0716267
73 0.88015 0.302853 0.01618 0.0384533
73 0.85941 0.30104 0.00946 0.0347733
73 0.83408 0.298307 0.00972 0.03704
73 0.96121 0.259467 0.00682 0.05632
73 0.96907 0.40756 0.0077 0.0526667
73 0.7515 0.29996 0.00648 0.0353333
73 0.94075 0.397853 0.00358 0.0516
73 0.92957 0.258773 0.00446 0.0570667
73 0.86481 0.300947 0.00534 0.0369867
56 0.70824 0.813733 0.24476 0.372533
56 0.23789 0.88052 0.2991 0.23896
56 0.13431 0.734133 0.0581 0.227307
56 0.49066 0.58296 0.0652 0.0842133
56 0.9147 0.675 0.1706 0.343973
56 0.64381 0.509267 0.10142 0.19848
56 0.59329 0.458747 0.05182 0.14176
56 0.88986 0.4434 0.06292 0.118747
56 0.34131 0.466107 0.08006 0.13504
56 0.13077 0.451333 0.02486 0.0629333
56 0.70761 0.511107 0.11302 0.12632
73 0.94123 0.257347 0.00566 0.0568267
56 0.11043 0.44068 0.06442 0.154747
63 0.28841 0.415933 0.06446 0.0255733
63 0.17073 0.379213 0.04698 0.0179467
63 0.23954 0.364973 0.05444 0.0278667
56 0.1725 0.52392 0.12424 0.141227
63 0.19253 0.42256 0.08378 0.02928
63 0.70318 0.419733 0.0838 0.0255467
63 0.1869 0.363227 0.04944 0.01408
63 0.66083 0.359427 0.0403 0.0628
63 0.50249 0.347613 0.05114 0.0135733
73 0.83826 0.241227 0.00408 0.03488
63 0.55487 0.763867 0.19178 0.123147
63 0.44313 0.604613 0.14046 0.06528
63 0.23645 0.643373 0.1245 0.08824
63 0.2982 0.450267 0.07456 0.0369067
63 0.19833 0.46672 0.07674 0.0349333
