36 0.390727 0.533944 0.144859 0.0371362
36 0.715719 0.333967 0.0455 0.0112676
0 0.0569922 0.42338 0.112172 0.15108
0 0.0214297 0.311608 0.0428594 0.195282
0 0.702719 0.306608 0.069375 0.0697418
0 0.505461 0.4098 0.124109 0.120305
0 0.881797 0.261526 0.0305 0.162629
0 0.378875 0.440739 0.134031 0.180634
0 0.838875 0.223228 0.00690625 0.0221362
0 0.366672 0.258533 0.0278438 0.052277
0 0.918117 0.268075 0.0253906 0.167277
0 0.338445 0.318791 0.0453906 0.0709624
0 0.284016 0.204812 0.016625 0.056385
0 0.492016 0.220223 0.015125 0.0633099
0 0.316383 0.259331 0.0209531 0.0442958
