39 0.732891 0.619323 0.0190625 0.0936875
39 0.721 0.569604 0.0153125 0.0784167
39 0.73725 0.546313 0.0179375 0.0422083
39 0.745672 0.603187 0.014625 0.076125
56 0.307734 0.663552 0.130344 0.235313
56 0.264242 0.725406 0.120297 0.263229
56 0.373859 0.608135 0.042625 0.161896
56 0.398312 0.587969 0.0460313 0.166146
56 0.581383 0.829073 0.192953 0.315437
56 0.648969 0.555135 0.104031 0.108979
56 0.613508 0.472365 0.0460469 0.0877292
60 0.745641 0.713865 0.254719 0.175604
60 0.292594 0.551448 0.205156 0.0896875
60 0.739844 0.51524 0.115125 0.0609375
0 0.884211 0.561625 0.166016 0.316208
40 0.759703 0.649635 0.0223438 0.0807708
40 0.728734 0.723771 0.0253125 0.0846667
40 0.700437 0.593062 0.0199375 0.0617917
40 0.751836 0.580396 0.0172969 0.05025
60 0.231523 0.623281 0.0706094 0.0506875
24 0.642281 0.68775 0.114 0.109958
60 0.739047 0.456177 0.0960625 0.0539375
60 0.749156 0.593469 0.157094 0.0991042
60 0.364641 0.481927 0.100188 0.0490625
60 0.549859 0.452813 0.0738437 0.0587917
60 0.247133 0.480615 0.118766 0.0598125
56 0.666445 0.485073 0.0523281 0.0526458
56 0.647086 0.509875 0.0696094 0.054375
56 0.674188 0.444156 0.0340937 0.0386458
56 0.605492 0.680917 0.0842656 0.135958
56 0.326602 0.497729 0.0773594 0.0402083
60 0.312602 0.44674 0.0510469 0.0216875
60 0.391414 0.444365 0.0429531 0.0184375
0 0.557805 0.536438 0.135578 0.211583
39 0.721688 0.682063 0.0227812 0.115125
39 0.37382 0.448281 0.00954687 0.0369792
60 0.0210313 0.720812 0.0420625 0.133042
56 0.213 0.549667 0.0395625 0.041375
