39 0.724 0.330604 0.0342187 0.123042
39 0.756414 0.339802 0.0327031 0.134229
39 0.787656 0.335896 0.0298438 0.123208
39 0.816578 0.334021 0.0305625 0.118708
39 0.847789 0.335583 0.0324531 0.111708
42 0.535094 0.540677 0.0626562 0.0326875
42 0.624719 0.539719 0.0712187 0.0296042
60 0.563773 0.584083 0.802484 0.117375
60 0.5 0.887385 1 0.191438
71 0.106555 0.454083 0.120578 0.0565417
39 0.180977 0.625448 0.0301406 0.0884375
39 0.205773 0.639885 0.0147656 0.0754792
44 0.607719 0.534031 0.0424062 0.0200208
56 0.839648 0.676021 0.320703 0.389583
