3 0.452789 0.560035 0.875578 0.874169
3 0.190352 0.195515 0.379703 0.386815
3 0.936367 0.0774941 0.0594531 0.140422
3 0.905727 0.0520726 0.0654219 0.0864871
0 0.545273 0.226007 0.456266 0.446206
0 0.179492 0.204485 0.164453 0.404801
0 0.815047 0.155012 0.118656 0.303981
0 0.591359 0.144731 0.117813 0.289461
0 0.0663125 0.0785714 0.132625 0.152693
0 0.49825 0.132248 0.0813438 0.264496
0 0.05875 0.0361358 0.05575 0.0722717
26 0.972391 0.249473 0.0552188 0.183255
26 0.132688 0.451967 0.134063 0.14192
3 0.536469 0.1124 0.0728125 0.124239
0 0.959344 0.154532 0.0813125 0.307892
