39 0.321742 0.552667 0.189766 0.124
39 0.427594 0.740271 0.0724687 0.34075
39 0.97943 0.545427 0.0346719 0.141729
39 0.905414 0.518677 0.0237656 0.136604
39 0.344859 0.656073 0.0372813 0.147771
39 0.943062 0.53876 0.0277813 0.133688
0 0.604258 0.374188 0.473516 0.631375
0 0.783133 0.580323 0.293297 0.404729
0 0.351773 0.503 0.123859 0.320917
60 0.538117 0.788115 0.914797 0.401354
40 0.216594 0.750917 0.086625 0.287833
40 0.40857 0.916469 0.102766 0.164771
40 0.486797 0.86526 0.117969 0.267604
40 0.604266 0.874146 0.147281 0.251708
40 0.844367 0.899927 0.0697344 0.196896
40 0.551875 0.719583 0.07775 0.212292
40 0.0294219 0.610135 0.0588437 0.192354
40 0.484992 0.66424 0.0658281 0.143271
40 0.0858516 0.614479 0.0485469 0.0748333
40 0.167742 0.728719 0.0756094 0.263896
40 0.142133 0.558344 0.0392031 0.0864792
40 0.238086 0.829031 0.0592344 0.201813
42 0.7295 0.908 0.0619375 0.0799583
42 0.712117 0.808781 0.0740469 0.0587708
43 0.0974219 0.967958 0.163594 0.0640833
56 0.945195 0.68426 0.0506719 0.109771
56 0.0479688 0.49526 0.0787188 0.0239792
0 0.494773 0.535854 0.230672 0.348292
43 0.942617 0.939354 0.0470781 0.0604167
56 0.262734 0.508729 0.0544687 0.112417
56 0.624484 0.587177 0.0570937 0.108688
0 0.0737812 0.571323 0.0596875 0.0906875
0 0.0181328 0.81624 0.0362656 0.157271
40 0.242445 0.579979 0.0529844 0.0712083
60 0.94043 0.611823 0.119141 0.0976875
75 0.355531 0.811344 0.0637812 0.117854
