18 0.508102 0.497781 0.0816719 0.169187
18 0.733266 0.495438 0.160594 0.1815
18 0.323742 0.499365 0.0924844 0.166521
18 0.211953 0.495833 0.1515 0.162417
26 0.151187 0.926219 0.108813 0.147562
26 0.490102 0.888563 0.0925469 0.1325
0 0.165266 0.856021 0.223156 0.266208
0 0.298195 0.738729 0.0761406 0.2165
0 0.326969 0.852802 0.117969 0.253937
0 0.421523 0.815521 0.159922 0.2865
0 0.502805 0.849167 0.163484 0.299417
0 0.587477 0.836302 0.166047 0.327271
0 0.545352 0.658927 0.0852344 0.0999375
0 0.859133 0.963427 0.0978594 0.0731458
0 0.365922 0.64725 0.0556562 0.151
0 0.332859 0.676063 0.0503437 0.124542
0 0.498352 0.65174 0.0451094 0.0909792
0 0.717953 0.957052 0.0785625 0.0858958
26 0.394188 0.961073 0.0661562 0.0778542
26 0.58607 0.837177 0.0413906 0.0559375
26 0.09975 0.711542 0.040875 0.037375
0 0.243516 0.838719 0.0726875 0.322563
26 0.0320156 0.881948 0.0640312 0.0997708
26 0.399023 0.817552 0.0699219 0.128688
