57 0.476617 0.797854 0.230641 0.382792
0 0.3 0.593823 0.353938 0.795521
0 0.712844 0.617677 0.371625 0.764646
39 0.0222188 0.720802 0.023 0.0930208
39 0.967016 0.951229 0.0291875 0.0975417
39 0.006875 0.724917 0.01375 0.088375
65 0.874914 0.545156 0.0353281 0.0322708
65 0.4195 0.602927 0.0386875 0.0323542
24 0.821133 0.871698 0.147422 0.186896
58 0.939492 0.516771 0.121016 0.295625
65 0.441664 0.50225 0.0271406 0.0349167
65 0.633703 0.463219 0.0540937 0.0994375
56 0.475617 0.79724 0.224609 0.405521
