17 0.655937 0.561289 0.333522 0.838703
0 0.283328 0.472219 0.148498 0.388906
0 0.1737 0.351133 0.0152827 0.0453281
0 0.8492 0.345898 0.0156543 0.0374219
0 0.807787 0.339164 0.0121163 0.0215469
0 0.904645 0.341914 0.0108401 0.0125781
7 0.962884 0.333094 0.0491276 0.0325937
7 0.490032 0.340656 0.124136 0.0859375
0 0.0636349 0.343094 0.0202585 0.0165937
0 0.0422698 0.342844 0.0134572 0.0199375
0 0.89374 0.336289 0.0187237 0.0244531
0 0.791712 0.337508 0.0160582 0.0234531
0 0.849378 0.319742 0.0267044 0.0212969
0 0.875008 0.33493 0.0185137 0.0301406
56 0.824628 0.362656 0.0203716 0.0222812
56 0.932569 0.364094 0.0163489 0.0255312
56 0.911074 0.363023 0.0228595 0.0242031
0 0.829556 0.337234 0.0120355 0.0229375
0 0.839249 0.338266 0.0134895 0.0265312
56 0.876648 0.364086 0.0223748 0.0206094
