0 0.19777 0.807824 0.1217 0.344529
0 0.32313 0.795912 0.12654 0.327529
0 0.57291 0.454794 0.11366 0.198765
0 0.95109 0.620324 0.01202 0.0255882
0 0.95258 0.718574 0.06012 0.183676
0 0.92228 0.69775 0.03008 0.137971
0 0.05968 0.765765 0.04676 0.168118
0 0.88299 0.671632 0.03002 0.0899118
0 0.82462 0.625853 0.0152 0.0367647
0 0.90654 0.686603 0.0242 0.128088
0 0.85788 0.670735 0.024 0.0908235
0 0.29182 0.709544 0.03728 0.153676
0 0.8454 0.672103 0.02076 0.0570882
20 0.52398 0.718353 0.34452 0.397412
