62 0.473766 0.406583 0.108031 0.144042
72 0.110641 0.481979 0.221281 0.777042
39 0.167508 0.504302 0.0247969 0.0817708
39 0.144289 0.506708 0.0243281 0.0830833
72 0.872078 0.698698 0.255844 0.602604
39 0.0334062 0.513437 0.0190625 0.08
39 0.0842813 0.511531 0.0173125 0.0820625
39 0.0895937 0.668208 0.019375 0.095125
39 0.0600391 0.513938 0.0202656 0.0835417
39 0.111656 0.508333 0.0191875 0.0803333
39 0.169422 0.396115 0.0201563 0.0623958
39 0.150555 0.396063 0.0179844 0.0585417
39 0.0830859 0.402313 0.0202031 0.0568333
39 0.169016 0.293979 0.0176875 0.058
39 0.111867 0.400479 0.0146719 0.057625
39 0.151391 0.296333 0.0120625 0.0635417
39 0.109469 0.302354 0.0171563 0.0711667
