44 0.232198 0.29692 0.186356 0.246944
41 0.156626 0.412451 0.271324 0.302451
41 0.260531 0.0610458 0.16152 0.122092
45 0.505907 0.423922 0.143252 0.142092
47 0.771356 0.719788 0.112157 0.10281
47 0.825931 0.903644 0.0528431 0.159248
47 0.611201 0.84857 0.113676 0.110735
47 0.91884 0.600768 0.0949673 0.128889
60 0.498701 0.492206 0.997402 0.979216
48 0.637721 0.161904 0.158807 0.161291
48 0.894681 0.210033 0.137271 0.226209
48 0.847026 0.110286 0.113399 0.153611
48 0.67031 0.30875 0.144281 0.141029
48 0.782279 0.228538 0.137925 0.115997
48 0.760637 0.141634 0.100915 0.0847712
