56 0.320656 0.149354 0.132812 0.0802113
56 0.627398 0.164413 0.0704531 0.0607981
0 0.943094 0.217981 0.0762812 0.0943662
38 0.452203 0.143768 0.307437 0.282512
0 0.149539 0.257559 0.0615156 0.0924413
0 0.570195 0.519014 0.626203 0.961972
0 0.686766 0.0917606 0.123719 0.183521
0 0.979594 0.132077 0.0408125 0.247629
0 0.962898 0.120376 0.0570781 0.105915
0 0.791703 0.0698709 0.123719 0.131761
56 0.0537891 0.178169 0.106859 0.166197
56 0.433617 0.0360915 0.0997969 0.0721831
56 0.304336 0.0348944 0.126672 0.0663146
56 0.834711 0.162254 0.0707656 0.0492019
56 0.815555 0.251878 0.0986406 0.042723
56 0.938711 0.0794131 0.0672969 0.0719718
56 0.842844 0.0726526 0.265656 0.137746
56 0.0504219 0.0350352 0.1 0.0700704
56 0.172953 0.0391432 0.1365 0.0753756
0 0.22375 0.216866 0.07525 0.16392
56 0.18407 0.153087 0.131484 0.0938263
