39 0.173538 0.649055 0.202272 0.142641
56 0.524321 0.268055 0.633708 0.293453
60 0.499321 0.778406 0.998642 0.443187
0 0.48312 0.346141 0.445405 0.320719
45 0.299856 0.61075 0.213446 0.0975
45 0.282467 0.810492 0.553342 0.254641
45 0.785392 0.803375 0.429217 0.253938
50 0.489112 0.628742 0.207676 0.0690469
50 0.848995 0.733062 0.131149 0.0615625
50 0.790039 0.787289 0.419922 0.260391
50 0.869752 0.680008 0.0471802 0.0155156
50 0.515888 0.67932 0.211723 0.0681094
56 0.0642037 0.435422 0.128407 0.423281
