2 0.81058 0.227222 0.277 0.152393
2 0.24662 0.343825 0.19668 0.220214
2 0.04095 0.363739 0.06482 0.234145
0 0.50376 0.499017 0.3176 0.87641
0 0.11558 0.385192 0.1102 0.649957
36 0.37562 0.770769 0.03528 0.121282
13 0.26816 0.496068 0.1062 0.169231
13 0.78787 0.439915 0.03762 0.0412821
13 0.34946 0.462308 0.15452 0.238718
36 0.12109 0.708248 0.05514 0.0419658
2 0.59465 0.108526 0.04618 0.0436325
13 0.59888 0.455 0.03876 0.0335897
2 0.64267 0.116752 0.05274 0.109744
2 0.56691 0.195021 0.04958 0.137991
2 0.62458 0.201709 0.0606 0.141026
