46 0.401969 0.792698 0.372469 0.388771
46 0.637914 0.51349 0.311797 0.388771
46 0.459266 0.170792 0.301687 0.337083
46 0.302445 0.27524 0.298984 0.365229
46 0.173594 0.388906 0.30675 0.413479
46 0.76525 0.366469 0.289031 0.349229
46 0.89507 0.256094 0.209859 0.335187
46 0.920406 0.846302 0.159187 0.280271
46 0.0857656 0.534646 0.168156 0.275792
46 0.725562 0.0747188 0.294937 0.139313
46 0.774492 0.887385 0.255078 0.200437
46 0.542531 0.702594 0.29025 0.433771
46 0.226242 0.937677 0.167797 0.124646
