0 0.512984 0.300958 0.136 0.221542
14 0.436 0.140969 0.00871875 0.00585417
14 0.458625 0.145146 0.0060625 0.00529167
14 0.478039 0.146937 0.00670312 0.005625
14 0.466477 0.144677 0.00645312 0.00614583
37 0.862094 0.548635 0.259094 0.158646
37 0.347492 0.479 0.152703 0.131958
37 0.518742 0.481229 0.120078 0.157542
37 0.692617 0.480354 0.159953 0.149917
37 0.178633 0.518771 0.264078 0.137708
14 0.440391 0.14849 0.00803125 0.0096875
14 0.494836 0.149625 0.00676562 0.005875
14 0.475844 0.142052 0.0115625 0.00764583
14 0.501625 0.143375 0.00509375 0.00879167
14 0.520055 0.1485 0.00804688 0.00608333
14 0.451695 0.140208 0.00870313 0.00708333
14 0.51193 0.144417 0.00907812 0.00858333
14 0.527969 0.146094 0.0045 0.0073125
