0 0.529711 0.587438 0.245516 0.798208
0 0.777023 0.600229 0.273641 0.779292
0 0.416031 0.356542 0.0831875 0.354083
0 0.141867 0.269271 0.0976094 0.184958
0 0.830125 0.320625 0.07825 0.237542
24 0.869305 0.577521 0.0845469 0.284292
0 0.957148 0.354104 0.0363906 0.114375
0 0.987242 0.457 0.0251719 0.280458
0 0.327813 0.334156 0.14325 0.364063
0 0.231484 0.658021 0.45925 0.65925
0 0.379805 0.648031 0.427703 0.703937
0 0.213508 0.273292 0.0925469 0.160792
0 0.896414 0.385865 0.0275781 0.0602292
0 0.934813 0.351979 0.0537188 0.153667
24 0.476625 0.784 0.178531 0.221042
30 0.657375 0.7405 0.111594 0.03125
30 0.650578 0.844292 0.0803125 0.311417
30 0.473687 0.583708 0.0479062 0.38825
30 0.975914 0.59051 0.0445156 0.0258542
