25 0.91318 0.763902 0.173641 0.189116
25 0.718172 0.811237 0.165469 0.233687
25 0.547023 0.751338 0.162922 0.110404
25 0.357062 0.799886 0.177094 0.222197
25 0.182078 0.687525 0.164219 0.100808
24 0.170453 0.851894 0.0713125 0.169343
0 0.0811875 0.841503 0.104219 0.274217
0 0.171547 0.8525 0.0944375 0.249899
0 0.351914 0.926843 0.122797 0.105909
0 0.510289 0.855051 0.111234 0.22697
0 0.862078 0.861793 0.172406 0.240455
0 0.600063 0.860404 0.09275 0.234899
0 0.0125156 0.750568 0.02225 0.107854
0 0.703617 0.91101 0.0955781 0.13202
