2 0.75436 0.49669 0.49128 0.55058
2 0.505627 0.38955 0.28432 0.14966
2 0.32632 0.3566 0.226347 0.09164
2 0.0269733 0.362 0.04776 0.05264
37 0.61292 0.84396 0.37432 0.31104
0 0.38912 0.50982 0.307893 0.38444
7 0.73468 0.49574 0.53064 0.55828
2 0.335547 0.40236 0.142613 0.14004
37 0.621733 0.50932 0.237013 0.04804
0 0.0119067 0.32154 0.0146933 0.01752
0 0.20656 0.33063 0.0152 0.02298
7 0.51272 0.37881 0.30752 0.13794
7 0.0233333 0.36102 0.0466667 0.05168
7 0.333293 0.38633 0.165733 0.13862
2 0.0899333 0.3401 0.0721867 0.03936
