62 0.79129 0.169107 0.37246 0.3236
62 0.53391 0.447307 0.30438 0.293707
62 0.20377 0.561987 0.12862 0.0888267
0 0.42128 0.679613 0.191 0.51592
0 0.90484 0.692707 0.19032 0.614587
0 0.65308 0.622173 0.07556 0.110533
0 0.65646 0.705907 0.08004 0.118427
0 0.59594 0.74976 0.11616 0.17616
0 0.35649 0.821333 0.37974 0.354667
0 0.06725 0.791507 0.12482 0.324773
0 0.51815 0.781707 0.09514 0.18352
0 0.24524 0.684907 0.06552 0.0973867
56 0.59999 0.83512 0.09718 0.0826133
56 0.57541 0.89852 0.13502 0.09672
0 0.52045 0.70048 0.06862 0.14912
0 0.64772 0.868827 0.15 0.236373
0 0.17334 0.771253 0.11344 0.22784
