0 0.611477 0.588302 0.103109 0.551937
0 0.466445 0.496344 0.202234 0.555063
0 0.0756563 0.318625 0.0525937 0.175292
38 0.567141 0.657844 0.033625 0.215063
38 0.476398 0.520219 0.0636094 0.0899375
0 0.373031 0.310969 0.027875 0.119354
0 0.641 0.282052 0.026 0.0548125
0 0.600141 0.317781 0.0225625 0.120479
0 0.34443 0.316521 0.0260156 0.11875
0 0.0228438 0.327083 0.031 0.0969583
0 0.41418 0.302479 0.0222656 0.0606667
0 0.677063 0.298719 0.057 0.134771
32 0.827859 0.40776 0.00725 0.0101875
32 0.848437 0.404385 0.00709375 0.0093125
32 0.896883 0.394104 0.00635938 0.009625
32 0.852305 0.400771 0.00476562 0.00741667
32 0.984414 0.417292 0.00714063 0.010125
32 0.995766 0.399375 0.005875 0.00858333
32 0.985086 0.394802 0.00510938 0.00664583
32 0.720219 0.41801 0.0076875 0.0102708
32 0.7605 0.403604 0.00690625 0.00804167
32 0.674883 0.427937 0.00848437 0.0108333
32 0.372039 0.492656 0.0103594 0.0125208
7 0.939766 0.272073 0.120469 0.131937
0 0.615273 0.280896 0.0260781 0.0447083
32 0.364234 0.429844 0.00721875 0.0111458
32 0.578789 0.416073 0.00642188 0.0091875
