62 0.87282 0.204198 0.254359 0.401729
56 0.214406 0.536615 0.053 0.0963542
56 0.205203 0.799438 0.03325 0.102292
56 0.510742 0.624688 0.0922344 0.281333
0 0.179094 0.67825 0.354813 0.621083
0 0.21268 0.665292 0.234328 0.477417
65 0.343648 0.532635 0.0371406 0.0504375
0 0.109742 0.520521 0.0547656 0.108083
73 0.0751953 0.365333 0.0625781 0.0185417
73 0.545344 0.622344 0.0594063 0.0263958
56 0.479562 0.484187 0.0559375 0.0999583
56 0.927555 0.892531 0.136609 0.214938
73 0.691148 0.612958 0.104672 0.086625
0 0.778102 0.707219 0.240141 0.339646
0 0.793719 0.898563 0.314438 0.202875
