63 0.851586 0.362302 0.101578 0.117396
28 0.890922 0.180812 0.0422812 0.102708
28 0.939828 0.201615 0.04375 0.0774792
28 0.820008 0.199625 0.0488594 0.099125
0 0.910547 0.418458 0.154062 0.320833
0 0.522477 0.80449 0.289891 0.391021
0 0.346 0.363385 0.231063 0.717187
0 0.588688 0.179802 0.126688 0.358854
0 0.61975 0.176448 0.0739062 0.288271
0 0.323594 0.924719 0.168531 0.128104
0 0.45 0.330333 0.161812 0.557292
24 0.53507 0.410583 0.0725156 0.127958
24 0.0958203 0.230031 0.155672 0.293563
24 0.725367 0.116677 0.0421094 0.155521
28 0.0833125 0.968656 0.159375 0.0626875
28 0.940469 0.0784167 0.0203438 0.0467083
0 0.175734 0.34776 0.126125 0.683854
0 0.687727 0.174385 0.0660781 0.346396
0 0.0447656 0.143021 0.0895312 0.2455
0 0.216578 0.284271 0.0960625 0.546083
0 0.365875 0.0579583 0.06125 0.112833
24 0.57068 0.0924896 0.0607969 0.141854
28 0.655945 0.235875 0.0231406 0.102833
0 0.416492 0.295031 0.104422 0.529438
24 0.777141 0.237469 0.0482187 0.0863958
24 0.495305 0.099625 0.0434844 0.101917
24 0.637156 0.0778854 0.0465313 0.0746042
