8 0.499391 0.796025 0.998781 0.328494
0 0.128992 0.623839 0.101547 0.103075
0 0.250883 0.666935 0.0619531 0.087636
0 0.314602 0.676192 0.0724844 0.1159
0 0.391898 0.696077 0.0798281 0.143117
0 0.466633 0.690094 0.0742344 0.16069
0 0.673336 0.706559 0.0802344 0.169812
0 0.771141 0.740952 0.124219 0.177259
0 0.829438 0.716663 0.0699063 0.173661
0 0.613516 0.729236 0.104469 0.151611
0 0.379648 0.617197 0.0257656 0.0324268
0 0.201688 0.649969 0.0523125 0.0942469
0 0.298141 0.654174 0.0320937 0.0954603
0 0.253664 0.630115 0.0395781 0.0522803
