25 0.436437 0.386528 0.616219 0.426736
25 0.885141 0.351227 0.166688 0.115842
25 0.864039 0.291289 0.0887344 0.0519335
0 0.95407 0.389106 0.0596094 0.231892
0 0.0608047 0.38315 0.0506719 0.235946
0 0.13793 0.375468 0.0389844 0.154179
25 0.0708672 0.275104 0.0230781 0.021185
26 0.793102 0.888669 0.0777031 0.183701
0 0.414844 0.63737 0.297656 0.702973
0 0.665328 0.649283 0.267625 0.701435
0 0.885766 0.524241 0.0988125 0.349189
0 0.872437 0.316247 0.0400937 0.0334927
0 0.00746875 0.388004 0.0149375 0.143784
0 0.793352 0.388534 0.0660781 0.242848
0 0.151195 0.519761 0.0385781 0.10264
25 0.0355156 0.273607 0.03275 0.0367775
26 0.554031 0.970083 0.118188 0.0598337
26 0.141563 0.381289 0.0164375 0.0424116
25 0.870062 0.263046 0.0439063 0.017817
25 0.0174531 0.274636 0.0349062 0.0360083
25 0.772078 0.262921 0.0908125 0.0396466
25 0.941836 0.252692 0.0854531 0.0379834
25 0.128859 0.300676 0.105531 0.0593555
