17 0.577219 0.538784 0.282531 0.37769
17 0.343938 0.47234 0.2025 0.38693
19 0.238969 0.600061 0.212281 0.227295
0 0.354016 0.368252 0.0631875 0.318085
0 0.284758 0.0719149 0.0404219 0.14383
0 0.557875 0.420684 0.06625 0.352857
0 0.440664 0.0907447 0.0587969 0.181368
0 0.140844 0.0690426 0.0586875 0.129088
0 0.042875 0.0652128 0.0659687 0.130426
0 0.529 0.0811094 0.0625313 0.146413
0 0.855937 0.166641 0.0519687 0.094924
0 0.6195 0.0937234 0.0928438 0.158389
17 0.690805 0.213754 0.157797 0.216687
17 0.960391 0.0529179 0.07525 0.0945897
17 0.497469 0.19579 0.179437 0.223313
0 0.0862813 0.0622188 0.0474687 0.124438
