56 0.910852 0.556521 0.0294844 0.0576805
8 0.0975703 0.507724 0.0167969 0.0381619
0 0.605789 0.605777 0.347578 0.761663
56 0.803172 0.579453 0.0168125 0.0203939
56 0.824773 0.578578 0.0155156 0.0157549
33 0.453945 0.651718 0.559109 0.530219
0 0.176406 0.581127 0.0169375 0.0212473
0 0.954414 0.550219 0.00995313 0.0131291
0 0.923664 0.547495 0.0206719 0.0553392
0 0.779805 0.569847 0.0119219 0.0331729
56 0.778805 0.577166 0.0152031 0.0226915
0 0.803445 0.562965 0.00760937 0.00680525
0 0.908414 0.552637 0.0174531 0.0650547
0 0.820945 0.565985 0.00667187 0.00628009
56 0.953594 0.569694 0.0204688 0.0323851
