27 0.786016 0.56241 0.0247812 0.0955049
0 0.505563 0.684267 0.161688 0.604495
0 0.405047 0.657728 0.136094 0.605098
0 0.627367 0.685391 0.168172 0.602248
0 0.787852 0.703917 0.202359 0.592166
0 0.906555 0.704121 0.131516 0.559544
0 0.306148 0.647671 0.152266 0.564886
0 0.718266 0.438713 0.112344 0.158795
0 0.976758 0.708884 0.0350469 0.187248
27 0.627469 0.539218 0.0217188 0.110228
27 0.435656 0.482809 0.0199688 0.0688436
27 0.344766 0.517777 0.0214688 0.134349
27 0.733234 0.48048 0.0188437 0.0443485
0 0.984719 0.810619 0.0269062 0.325798
24 0.0633281 0.806678 0.102563 0.0985668
0 0.565297 0.459365 0.0513125 0.0679805
