39 0.818516 0.660563 0.08375 0.186833
32 0.370805 0.369344 0.0805469 0.102896
32 0.427172 0.327656 0.0531875 0.0724792
32 0.579203 0.322615 0.0629687 0.0851042
32 0.154633 0.48201 0.0687344 0.0885208
0 0.617695 0.869667 0.369109 0.238208
0 0.492492 0.723823 0.314828 0.550729
0 0.291414 0.67576 0.224484 0.510354
0 0.875 0.565312 0.209469 0.833333
0 0.161437 0.620385 0.236781 0.474521
0 0.0813047 0.523552 0.0837031 0.283521
0 0.815305 0.408208 0.130828 0.373125
0 0.700422 0.507802 0.161406 0.435812
0 0.182898 0.479125 0.113141 0.307458
0 0.586453 0.56826 0.235344 0.361521
0 0.405836 0.553906 0.163141 0.381854
0 0.373977 0.0988437 0.0976719 0.181521
73 0.312844 0.699333 0.0672188 0.0949583
0 0.268109 0.260969 0.0690937 0.222979
