0 0.268102 0.586096 0.0427344 0.115781
0 0.461242 0.597797 0.0730469 0.117972
0 0.614125 0.626667 0.111469 0.42648
0 0.678586 0.624021 0.0413281 0.174336
0 0.71943 0.598147 0.0635156 0.110699
0 0.745086 0.524487 0.0483906 0.0795105
41 0.299516 0.837494 0.0695625 0.131585
41 0.505828 0.725909 0.0431563 0.0757809
41 0.118922 0.780886 0.0674687 0.125268
75 0.311055 0.57528 0.122016 0.346084
0 0.760688 0.588345 0.0360625 0.0889977
0 0.973242 0.58021 0.0439531 0.0437296
0 0.464727 0.560047 0.0223594 0.0773893
41 0.428305 0.656841 0.0333281 0.0533566
41 0.511078 0.86972 0.0680313 0.13697
60 0.712195 0.6812 0.0323281 0.0470163
0 0.525977 0.554942 0.0265156 0.0803263
0 0.228383 0.578893 0.0716406 0.135082
41 0.558305 0.774242 0.0536719 0.0952448
41 0.37857 0.746096 0.0437656 0.146923
60 0.285922 0.841911 0.456062 0.312681
0 0.54657 0.646911 0.0751406 0.134848
0 0.687117 0.555594 0.0156719 0.0250816
56 0.179547 0.627902 0.0763438 0.0890909
56 0.877234 0.925559 0.0757812 0.137832
