0 0.322305 0.786563 0.0362656 0.194792
0 0.438648 0.607094 0.0175469 0.0720208
0 0.688977 0.709927 0.0274531 0.0972708
0 0.130414 0.639427 0.0232344 0.0813125
0 0.0642344 0.599635 0.0284375 0.0444375
0 0.171508 0.52701 0.0247344 0.0338125
0 0.186938 0.510188 0.021125 0.0204583
0 0.26882 0.828094 0.0488906 0.213479
0 0.976594 0.673292 0.0392188 0.133708
0 0.526773 0.553094 0.0225469 0.0471875
37 0.793695 0.551646 0.0653906 0.03875
37 0.371109 0.641719 0.115344 0.0129375
37 0.689945 0.497542 0.0252344 0.00616667
37 0.626102 0.482594 0.0599531 0.00447917
37 0.374016 0.59425 0.0919688 0.0128333
37 0.264203 0.576937 0.0556875 0.01
37 0.551937 0.484063 0.0161875 0.00616667
0 0.163703 0.511271 0.0114375 0.0132917
37 0.600469 0.588698 0.0852187 0.0444792
37 0.296891 0.820365 0.252906 0.0332292
37 0.184586 0.683458 0.125797 0.0100417
37 0.232047 0.580385 0.0273438 0.00827083
37 0.708117 0.420937 0.00742187 0.011875
0 0.252914 0.639198 0.0198594 0.0818125
0 0.130914 0.80726 0.0562344 0.137104
37 0.966461 0.739208 0.0661719 0.0135417
