32 0.437727 0.288281 0.0512969 0.0709792
20 0.535344 0.686333 0.0832187 0.266125
20 0.661984 0.63949 0.140219 0.217146
20 0.136078 0.77726 0.272156 0.442062
20 0.308328 0.570375 0.152469 0.184167
0 0.141578 0.51349 0.252812 0.411229
0 0.238906 0.64675 0.022625 0.084625
0 0.894781 0.70776 0.0445625 0.163812
0 0.958734 0.682583 0.0305625 0.127625
0 0.891477 0.620719 0.0141719 0.0151875
0 0.540047 0.562458 0.064625 0.148167
0 0.923859 0.68124 0.0302812 0.128271
0 0.387633 0.691615 0.0421719 0.156396
