44 0.182891 0.706521 0.0269375 0.182335
65 0.439484 0.275861 0.116906 0.128608
73 0.0665 0.2675 0.0180625 0.235519
73 0.109898 0.265719 0.0329219 0.239599
73 0.146578 0.269941 0.0297812 0.240825
73 0.188484 0.262288 0.0490938 0.259387
73 0.271906 0.2698 0.04375 0.248231
73 0.303844 0.236274 0.027875 0.186557
73 0.549453 0.272771 0.0398437 0.296627
73 0.58732 0.270778 0.0312656 0.294387
73 0.692547 0.18566 0.0145313 0.138632
73 0.238367 0.27013 0.0336406 0.249222
73 0.0855313 0.266733 0.0220625 0.240307
56 0.307164 0.764929 0.149703 0.438962
73 0.616438 0.277087 0.0177187 0.293986
73 0.0929219 0.142854 0.134219 0.0311792
0 0.629977 0.566144 0.736109 0.842382
