2 0.773534 0.950492 0.139335 0.0578281
9 0.735541 0.157305 0.310956 0.310109
9 0.148056 0.816422 0.0295842 0.0411562
9 0.786778 0.691305 0.0910187 0.109797
9 0.418222 0.140031 0.264927 0.266219
0 0.280094 0.942883 0.135322 0.113422
0 0.42079 0.957086 0.105613 0.0858281
0 0.163649 0.950359 0.0417672 0.0989688
0 0.112464 0.953742 0.059605 0.0925156
24 0.318628 0.96082 0.0756757 0.0783594
9 0.0902599 0.838594 0.0379002 0.05625
9 0.877765 0.767039 0.055738 0.0531719
9 0.0565281 0.832406 0.0107277 0.0360625
0 0.837131 0.919344 0.0211227 0.0369375
0 0.213056 0.939883 0.0258628 0.0513594
0 0.0418815 0.946133 0.083763 0.107734
0 0.890509 0.922469 0.021684 0.0255625
9 0.427401 0.434391 0.297672 0.154719
24 0.12394 0.950789 0.036237 0.0460156
9 0.536019 0.761656 0.168919 0.476687
9 0.815052 0.777586 0.0476507 0.0365469
9 0.746331 0.38293 0.161933 0.140984
0 0.348358 0.936727 0.0453638 0.0966719
