8 0.428516 0.540448 0.801937 0.231453
8 0.120742 0.48638 0.241484 0.127627
0 0.463203 0.423487 0.0113125 0.0313317
0 0.501563 0.414128 0.0127188 0.0374576
0 0.393523 0.430714 0.0153594 0.0488378
0 0.364219 0.431901 0.01975 0.0454964
0 0.327141 0.430472 0.0118438 0.0501453
0 0.433508 0.428087 0.0112344 0.0536562
0 0.411039 0.430545 0.00689063 0.0528087
0 0.355789 0.43224 0.0120781 0.0457869
0 0.416586 0.433438 0.0100469 0.0446005
0 0.405266 0.430133 0.00859375 0.0499516
7 0.8565 0.531416 0.0543438 0.0569249
0 0.486078 0.425496 0.0135 0.054431
0 0.37593 0.429709 0.0145781 0.0526877
8 0.699156 0.562397 0.259281 0.115593
0 0.47582 0.426429 0.00904687 0.0557143
