0 0.142031 0.526365 0.284062 0.932541
54 0.669211 0.451988 0.0413594 0.0387059
54 0.691594 0.482153 0.046375 0.0417176
54 0.726797 0.511071 0.0494062 0.0401176
54 0.726883 0.475447 0.0382344 0.0403529
54 0.643234 0.426518 0.0406562 0.0386824
54 0.792297 0.503518 0.039625 0.0370118
54 0.798547 0.5804 0.0495 0.0330824
54 0.834125 0.571741 0.0390313 0.0268235
54 0.867289 0.564671 0.0411406 0.0303294
54 0.889547 0.5978 0.051375 0.0475059
54 0.893102 0.640624 0.0559219 0.0485882
54 0.764805 0.477282 0.0373906 0.0311765
0 0.0815703 0.0589882 0.0432344 0.0528
54 0.737039 0.444224 0.0346719 0.0372941
