27 0.417555 0.52322 0.0704531 0.395527
26 0.798508 0.813478 0.115703 0.1663
0 0.443039 0.478279 0.223391 0.930328
0 0.366578 0.606745 0.310344 0.764028
0 0.682219 0.226347 0.072125 0.164403
0 0.921234 0.566838 0.157531 0.866323
0 0.829281 0.316405 0.065125 0.146956
0 0.790344 0.392225 0.0804062 0.298782
0 0.210773 0.439075 0.0733594 0.322459
0 0.15782 0.418162 0.0762969 0.181616
26 0.468578 0.842564 0.110125 0.304707
26 0.851797 0.409087 0.0268125 0.159204
0 0.724414 0.41103 0.155078 0.339344
0 0.09375 0.489157 0.1875 0.117096
0 0.595461 0.575129 0.475328 0.80829
