17 0.324367 0.568502 0.0808281 0.0774879
17 0.544828 0.569203 0.081375 0.0779227
17 0.781813 0.576341 0.0806875 0.0774155
17 0.3745 0.571522 0.0550625 0.0766184
19 0.179883 0.599891 0.0917656 0.0784783
19 0.0604531 0.588563 0.114094 0.0846618
19 0.408953 0.594505 0.0697187 0.0691063
19 0.484898 0.585447 0.0775781 0.0818599
19 0.897266 0.595785 0.10475 0.101087
0 0.870836 0.525012 0.0260469 0.0555797
0 0.790844 0.543104 0.0224062 0.080942
0 0.544508 0.537065 0.0280469 0.0903623
0 0.391328 0.530266 0.0240625 0.0823671
0 0.326945 0.535519 0.0191406 0.0872705
17 0.837734 0.578659 0.04425 0.0800242
19 0.103555 0.632476 0.109734 0.0863043
