32 0.29289 0.772953 0.0551 0.0794955
0 0.47032 0.550742 0.09176 0.156914
0 0.44235 0.276291 0.03574 0.135371
0 0.39005 0.276766 0.03426 0.136617
0 0.32441 0.275608 0.0371 0.161958
0 0.76517 0.255059 0.03486 0.100623
0 0.94345 0.222226 0.0339 0.129436
35 0.43209 0.586439 0.02058 0.0526409
35 0.44124 0.443858 0.01872 0.0405935
35 0.39736 0.294466 0.01076 0.0244807
35 0.32823 0.242774 0.01218 0.018724
35 0.44006 0.241736 0.01504 0.0260831
35 0.76281 0.248368 0.01382 0.0127596
35 0.9546 0.207418 0.0128 0.0206528
0 0.03029 0.821335 0.03938 0.316855
32 0.07099 0.75681 0.00922 0.00673591
32 0.08122 0.75132 0.0078 0.010178
0 0.42151 0.428947 0.05866 0.259436
32 0.08026 0.709792 0.01892 0.00866469
