0 0.506078 0.361484 0.228938 0.628388
0 0.380961 0.337079 0.148766 0.633692
46 0.151789 0.758423 0.144266 0.141565
46 0.110414 0.577453 0.0688281 0.0871495
46 0.339891 0.736145 0.100344 0.0781776
46 0.72368 0.81264 0.116547 0.0928505
46 0.214766 0.540269 0.0623125 0.0347897
46 0.40518 0.265491 0.0771094 0.0611682
46 0.388273 0.343808 0.0524219 0.061215
46 0.493703 0.767079 0.174563 0.137009
46 0.284758 0.654544 0.0822969 0.0558178
46 0.383148 0.334883 0.0603281 0.0601402
46 0.157609 0.636717 0.109719 0.161472
46 0.672977 0.832301 0.292578 0.236519
46 0.858492 0.91611 0.169172 0.163949
