0 0.368443 0.416383 0.367892 0.178859
0 0.872354 0.588938 0.0405386 0.0350937
0 0.593337 0.569398 0.0113583 0.0248594
0 0.304157 0.5825 0.0259719 0.0339062
37 0.602506 0.320539 0.354005 0.100016
33 0.939063 0.105883 0.121874 0.192953
33 0.4513 0.145125 0.0493911 0.0626562
33 0.687705 0.242359 0.119906 0.103531
33 0.712026 0.140953 0.123489 0.0659062
37 0.854169 0.609266 0.0395316 0.00621875
33 0.0632436 0.353078 0.11178 0.126531
33 0.229485 0.429484 0.0613115 0.0337187
0 0.0943091 0.581375 0.0247775 0.0205313
0 0.924297 0.58118 0.0227869 0.0137031
0 0.0150937 0.586219 0.0301874 0.0417187
0 0.399052 0.571602 0.0162295 0.00689063
