4 0.506447 0.435625 0.97502 0.61675
0 0.456073 0.816695 0.0613583 0.141266
0 0.510531 0.828992 0.0614173 0.125703
0 0.6094 0.745547 0.013248 0.0348437
0 0.543593 0.759047 0.0287992 0.070875
0 0.0597146 0.761813 0.0504134 0.0851875
0 0.0349213 0.755992 0.0225984 0.0624531
0 0.0473917 0.738906 0.0171457 0.0364063
0 0.20128 0.753102 0.0227165 0.0615156
0 0.848652 0.743969 0.0165551 0.0441875
0 0.804183 0.741156 0.0150591 0.0328125
0 0.950679 0.74668 0.0134843 0.0454219
0 0.861742 0.745078 0.0158465 0.0435313
0 0.818917 0.743969 0.0114173 0.0259062
