0 0.773359 0.622155 0.0076875 0.0155775
0 0.758188 0.623845 0.00746875 0.0161972
8 0.527086 0.59569 0.0266094 0.0113239
8 0.0699375 0.54438 0.0245625 0.0618873
8 0.948297 0.603254 0.019625 0.0127042
8 0.177844 0.591437 0.031625 0.0118873
8 0.37057 0.599831 0.0252656 0.0190423
8 0.777555 0.635338 0.0325469 0.0185634
8 0.497914 0.592183 0.0233906 0.0183944
33 0.9535 0.497775 0.0119063 0.0358873
33 0.813906 0.461141 0.0169063 0.057831
33 0.754922 0.519746 0.0272188 0.0786479
33 0.969367 0.448155 0.0234844 0.0635211
33 0.712812 0.502296 0.01775 0.0508451
33 0.49575 0.497042 0.0120625 0.0380282
33 0.623867 0.507577 0.00939062 0.0494648
33 0.730445 0.408169 0.0355781 0.0858592
33 0.542617 0.500268 0.0179844 0.0471831
33 0.17207 0.498155 0.0138281 0.0495493
33 0.491805 0.354014 0.0169844 0.0642535
33 0.205789 0.441028 0.0161406 0.0552958
33 0.271031 0.514859 0.016125 0.0634648
8 0.229945 0.597563 0.0249531 0.0146761
8 0.803984 0.612606 0.0245312 0.0111831
0 0.789164 0.608577 0.00842187 0.0127042
