14 0.42382 0.860824 0.0232656 0.0198588
8 0.721719 0.609129 0.0429062 0.0393882
8 0.598336 0.584588 0.0850781 0.0474353
8 0.420156 0.585059 0.020875 0.0357176
8 0.311383 0.580365 0.0263281 0.0441176
8 0.377812 0.587094 0.0424062 0.0348941
8 0.138492 0.630235 0.113672 0.0224941
8 0.902695 0.597894 0.0772344 0.0279765
8 0.527297 0.596271 0.05375 0.0171059
8 0.265648 0.591918 0.0334844 0.0225647
14 0.497016 0.881718 0.020125 0.0168941
14 0.35775 0.868035 0.012 0.0193647
14 0.789539 0.866612 0.0136094 0.0193882
14 0.827516 0.868353 0.012 0.0216471
14 0.869437 0.866812 0.0129688 0.0198353
14 0.485336 0.863776 0.00960937 0.0169176
8 0.471328 0.582682 0.0277813 0.0386353
8 0.981844 0.597012 0.0363125 0.0264
14 0.517258 0.871024 0.0142969 0.0175765
14 0.528672 0.865847 0.016875 0.0191765
8 0.441094 0.595671 0.0188125 0.0220706
8 0.334187 0.587318 0.0155312 0.0217882
