49 0.391799 0.42481 0.0328571 0.0271
49 0.345529 0.36005 0.15963 0.07178
49 0.508704 0.35255 0.159524 0.05922
49 0.674603 0.36929 0.193175 0.10134
49 0.450794 0.46151 0.0202646 0.0103
47 0.42082 0.26646 0.146561 0.0418
47 0.320529 0.2764 0.0127513 0.0102
47 0.680635 0.27734 0.110159 0.05736
47 0.237831 0.2722 0.101587 0.03008
47 0.303003 0.27606 0.0487037 0.0376
47 0.322169 0.28333 0.0532275 0.0199
47 0.583214 0.26769 0.0210317 0.00902
49 0.422103 0.41081 0.0375397 0.02838
49 0.367804 0.41605 0.172275 0.07742
47 0.798452 0.38889 0.0818783 0.04926
