15 0.730609 0.398199 0.073375 0.0755658
57 0.138219 0.698926 0.276438 0.50321
56 0.767492 0.602148 0.245891 0.42582
56 0.893773 0.838199 0.212453 0.296628
73 0.804273 0.277517 0.00607813 0.074157
73 0.794656 0.282656 0.0106563 0.0698383
73 0.844266 0.278811 0.0095625 0.0684758
75 0.478867 0.581397 0.0593594 0.180577
58 0.153695 0.422529 0.169297 0.221409
73 0.821437 0.279411 0.0068125 0.0688915
73 0.834383 0.279411 0.00648438 0.0655196
75 0.834641 0.168083 0.0504687 0.0753811
75 0.838594 0.0595266 0.0421875 0.0843187
73 0.132008 0.177263 0.00598438 0.0637644
73 0.809867 0.278764 0.00595313 0.0653349
73 0.815969 0.278568 0.00490625 0.0662818
73 0.142453 0.176443 0.007625 0.0611547
