16 0.0628047 0.853318 0.0801719 0.164988
57 0.479914 0.652235 0.359766 0.250541
57 0.845102 0.881459 0.307703 0.213365
73 0.455773 0.744082 0.0508906 0.0302353
73 0.461664 0.748224 0.0571719 0.0424235
75 0.873461 0.404082 0.0328594 0.0808706
75 0.381273 0.271529 0.0253594 0.0629176
75 0.8175 0.371694 0.026125 0.0462588
45 0.555617 0.712047 0.0884531 0.0582588
56 0.841023 0.888235 0.317953 0.223529
56 0.526898 0.904776 0.297609 0.190447
56 0.672289 0.590624 0.0735781 0.148118
75 0.416445 0.267306 0.0191719 0.0630353
75 0.791336 0.380153 0.0260156 0.0229882
73 0.457164 0.725588 0.0425156 0.0258118
75 0.329914 0.271235 0.0287969 0.0523529
75 0.357711 0.275482 0.0191719 0.0402824
