56 0.887469 0.349927 0.0619062 0.140729
56 0.418625 0.370469 0.0453125 0.257271
56 0.243109 0.600344 0.328875 0.355604
56 0.559047 0.474271 0.205219 0.164708
56 0.956266 0.584094 0.0874687 0.225729
56 0.954461 0.329625 0.0866719 0.200958
56 0.752313 0.509958 0.119813 0.132625
60 0.412078 0.815875 0.824156 0.341583
60 0.685398 0.38349 0.251578 0.185521
41 0.638555 0.897646 0.122484 0.189917
41 0.527281 0.884823 0.0792812 0.168437
41 0.641922 0.301885 0.0343125 0.0779375
41 0.679969 0.30526 0.038125 0.0623542
41 0.355492 0.944781 0.0834531 0.110437
41 0.214531 0.853604 0.0878437 0.177917
41 0.741977 0.275406 0.0280781 0.0427708
43 0.0880547 0.898458 0.176109 0.0426667
43 0.529945 0.750406 0.0142344 0.114604
44 0.488875 0.534542 0.0825313 0.0466667
44 0.252648 0.600542 0.0552344 0.0276667
44 0.494984 0.74851 0.0329062 0.0683958
44 0.544242 0.734292 0.0189531 0.0849583
44 0.225602 0.755344 0.118328 0.0347708
45 0.279148 0.615469 0.114359 0.0919375
45 0.597039 0.826396 0.149703 0.137167
45 0.708922 0.969875 0.175344 0.06025
45 0.763719 0.311188 0.0594688 0.0355
45 0.531188 0.570323 0.103469 0.0777292
0 0.538008 0.25676 0.211141 0.425688
0 0.212188 0.482781 0.2115 0.300729
0 0.523914 0.45101 0.217141 0.239646
0 0.595789 0.170781 0.0589844 0.157313
0 0.86325 0.214458 0.197344 0.383458
27 0.0391016 0.0578229 0.00976562 0.0293542
41 0.364133 0.57075 0.0650469 0.0931667
41 0.610781 0.550187 0.055875 0.0864167
42 0.544891 0.732885 0.0235 0.0895625
42 0.107258 0.827052 0.112109 0.117021
43 0.226117 0.769219 0.129484 0.0578125
44 0.743898 0.346594 0.0667344 0.0208542
44 0.576469 0.730083 0.035125 0.0692917
45 0.970727 0.766208 0.0585469 0.108458
56 0.752141 0.199875 0.119125 0.0651667
60 0.755211 0.171573 0.141766 0.0367292
0 0.825172 0.5655 0.349656 0.295292
0 0.795828 0.353573 0.196188 0.253188
41 0.735672 0.891656 0.0786875 0.134521
41 0.31707 0.972542 0.0903281 0.0545
41 0.755242 0.228823 0.0260781 0.0470625
43 0.557492 0.72901 0.0264844 0.0759375
43 0.74232 0.345521 0.0902344 0.0127083
44 0.0532969 0.911437 0.106156 0.018875
60 0.683844 0.525125 0.0345625 0.0976667
60 0.975906 0.190854 0.0481875 0.0127083
45 0.656859 0.265146 0.05025 0.0244583
56 0.805445 0.705969 0.301453 0.219729
41 0.26043 0.92849 0.0840156 0.142646
60 0.543305 0.590188 0.272859 0.160208
