16 0.39804 0.500573 0.02872 0.09416
2 0.43726 0.29248 0.19324 0.133333
2 0.59113 0.24696 0.12742 0.133333
2 0.70229 0.247987 0.09142 0.103813
5 0.07383 0.190373 0.14766 0.35792
0 0.67248 0.502253 0.12472 0.442693
0 0.59443 0.332533 0.09602 0.176053
9 0.39277 0.0694133 0.06434 0.1264
0 0.46264 0.517973 0.13652 0.465173
0 0.22216 0.242547 0.01852 0.0651467
0 0.2476 0.24032 0.02168 0.06896
9 0.91096 0.04944 0.09944 0.09888
0 0.67595 0.216013 0.01938 0.0175733
0 0.70533 0.218427 0.00626 0.0152
0 0.60594 0.21208 0.01316 0.0191467
0 0.47656 0.259467 0.01852 0.04016
2 0.76714 0.218333 0.06712 0.0813067
