34 0.341721 0.676633 0.575152 0.189609
32 0.635211 0.598281 0.147237 0.0944688
32 0.288103 0.737031 0.144918 0.0990625
32 0.408478 0.582469 0.130398 0.0845937
32 0.182799 0.54068 0.136604 0.0850156
32 0.0748361 0.52775 0.11534 0.0806875
55 0.5 0.494383 1 0.984266
32 0.833302 0.106336 0.095644 0.0485469
32 0.555152 0.0628594 0.0936768 0.039875
32 0.296382 0.563172 0.120211 0.081375
35 0.656604 0.585734 0.330913 0.203625
32 0.0388525 0.492133 0.0777049 0.0758594
32 0.844836 0.553117 0.113044 0.0891719
