5 0.120359 0.454956 0.237531 0.51128
0 0.198023 0.775276 0.135203 0.422472
0 0.126914 0.704393 0.0605156 0.331214
0 0.946953 0.760828 0.106094 0.478344
0 0.285141 0.654691 0.0315312 0.279801
0 0.839234 0.573797 0.036875 0.158366
70 0.540797 0.584272 0.286313 0.43596
26 0.163148 0.710121 0.0447656 0.113576
26 0.0996875 0.718168 0.0410313 0.0770419
0 0.253578 0.698543 0.0746563 0.330861
0 0.862734 0.599536 0.0180312 0.0664459
26 0.247578 0.874636 0.0702187 0.135011
0 0.883234 0.597439 0.0374063 0.0641501
