0 0.4941 0.482538 0.1239 0.161024
0 0.606317 0.509837 0.1734 0.22512
0 0.177067 0.483137 0.120333 0.4
0 0.933658 0.327919 0.0532833 0.118758
58 0.90415 0.419183 0.107633 0.137451
59 0.760908 0.806111 0.395817 0.259935
59 0.662608 0.714412 0.405217 0.427124
59 0.378433 0.521253 0.138433 0.166296
0 0.642858 0.37915 0.0593833 0.129717
59 0.573258 0.631176 0.339783 0.327277
59 0.75215 0.735392 0.436867 0.302331
59 0.389575 0.61756 0.05105 0.223442
59 0.341483 0.488388 0.1184 0.154771
59 0.361933 0.563878 0.0449667 0.208017
59 0.316425 0.473148 0.09525 0.119586
59 0.377058 0.451318 0.100483 0.0519608
59 0.280917 0.461449 0.0553333 0.102854
59 0.562825 0.512135 0.07835 0.0363834
