1 0.846698 0.710922 0.306604 0.26775
33 0.365937 0.457445 0.317166 0.0780469
0 0.538911 0.748312 0.357026 0.480906
0 0.835082 0.607242 0.329836 0.379266
0 0.494157 0.177164 0.0513115 0.0703281
0 0.824461 0.450922 0.0485012 0.040875
0 0.164977 0.451414 0.0472365 0.0234219
0 0.455773 0.481156 0.0863466 0.149875
0 0.55582 0.491844 0.106112 0.11475
0 0.695234 0.186414 0.036089 0.0363281
3 0.0477283 0.453359 0.0362998 0.0169063
0 0.489005 0.4895 0.0526698 0.0889687
0 0.642986 0.473016 0.0687822 0.0894062
0 0.134859 0.434031 0.0385714 0.0574375
1 0.632482 0.604281 0.504637 0.224688
3 0.77829 0.506898 0.110398 0.0587656
3 0.0881499 0.500992 0.156909 0.0717656
0 0.0986885 0.446336 0.124403 0.0907969
0 0.699614 0.462641 0.0597424 0.117125
