62 0.342531 0.450521 0.162375 0.220625
39 0.821148 0.776781 0.0442344 0.207813
39 0.814984 0.77749 0.2005 0.228104
0 0.224195 0.563979 0.383859 0.279583
0 0.501961 0.469281 0.237109 0.482062
43 0.353687 0.576583 0.107844 0.0400417
44 0.697109 0.774104 0.0385313 0.051625
45 0.53825 0.830688 0.0704063 0.0590417
45 0.945227 0.892177 0.0779219 0.0800208
55 0.456672 0.754573 0.161594 0.140521
45 0.588055 0.723562 0.0502344 0.0387917
45 0.531594 0.745875 0.0328125 0.04175
56 0.664828 0.651594 0.0970312 0.203313
56 0.0863906 0.667604 0.172781 0.190375
56 0.403203 0.635135 0.011625 0.0503125
60 0.5 0.82599 1 0.325854
45 0.556383 0.873906 0.0753594 0.0755208
45 0.535781 0.723427 0.04775 0.0363958
45 0.169578 0.770292 0.164219 0.105708
45 0.384492 0.736156 0.0388906 0.0404792
45 0.333844 0.714562 0.0927188 0.0262917
45 0.851859 0.791406 0.0169687 0.0456458
45 0.0760547 0.777677 0.0483594 0.0417708
45 0.711938 0.776354 0.0675625 0.0585
41 0.530227 0.74926 0.0302031 0.0513958
0 0.88418 0.619385 0.231641 0.446437
