2 0.921547 0.483656 0.122375 0.0656042
2 0.643875 0.469469 0.0484062 0.0428958
3 0.455008 0.577292 0.222203 0.165708
3 0.199 0.582698 0.263188 0.197396
3 0.819797 0.565563 0.194406 0.164333
0 0.455336 0.543344 0.108734 0.250729
0 0.197711 0.546552 0.113203 0.279562
0 0.830867 0.528708 0.108109 0.241917
0 0.76557 0.46375 0.0332031 0.087
0 0.712594 0.493188 0.0463125 0.164333
9 0.655398 0.248906 0.0344844 0.101729
9 0.708797 0.34299 0.0256875 0.0491042
9 0.858945 0.29724 0.0330469 0.0863958
9 0.714547 0.25151 0.0190937 0.0689375
0 0.74382 0.46374 0.0249844 0.0680208
2 0.688852 0.465031 0.0181094 0.0475208
26 0.8145 0.496667 0.0366875 0.0355
26 0.763906 0.492604 0.0190937 0.0196667
2 0.993977 0.497438 0.0117969 0.0425417
