36 0.429609 0.586185 0.142562 0.0871596
0 0.390117 0.276162 0.324016 0.526408
0 0.620211 0.46223 0.130766 0.276854
0 0.932602 0.512113 0.0175781 0.0649296
0 0.36393 0.576608 0.0293594 0.0403521
0 0.384766 0.561268 0.0206875 0.0556338
0 0.326289 0.575798 0.0278281 0.0451174
0 0.305961 0.579906 0.0376719 0.0394836
0 0.202141 0.515023 0.0135937 0.0517371
0 0.43207 0.525211 0.0115156 0.0300939
0 0.444 0.533181 0.0101875 0.0154695
0 0.332422 0.526585 0.0121875 0.0408216
36 0.334992 0.54216 0.00954687 0.0100939
0 0.272922 0.581373 0.031125 0.0330282
0 0.278984 0.576596 0.0166563 0.0370423
