56 0.967531 0.810235 0.0649375 0.295117
56 0.918227 0.604131 0.0413594 0.0635211
56 0.686375 0.480939 0.0869687 0.115869
26 0.94425 0.419108 0.1115 0.231455
0 0.41168 0.379366 0.0635781 0.216714
0 0.685625 0.309789 0.017 0.0608451
0 0.671266 0.300822 0.0359063 0.112347
26 0.692664 0.370563 0.0450781 0.133333
41 0.708391 0.636737 0.0289375 0.0587793
76 0.18407 0.929401 0.120641 0.065892
76 0.16182 0.978662 0.0880469 0.0426761
76 0.143523 0.878709 0.0756719 0.0998122
0 0.338859 0.520235 0.139219 0.650892
0 0.72725 0.689085 0.491875 0.621831
0 0.133672 0.421279 0.11375 0.331291
0 0.664867 0.148545 0.0182031 0.0806573
0 0.635664 0.343779 0.0715469 0.145728
0 0.694109 0.347324 0.0529375 0.170892
0 0.673219 0.62257 0.228906 0.429883
0 0.866078 0.38142 0.0635938 0.223873
0 0.939492 0.444613 0.121016 0.451761
26 0.716711 0.133369 0.00995313 0.0220892
76 0.0409844 0.843627 0.0429375 0.0445305
0 0.729344 0.485974 0.0872813 0.253263
