56 0.452859 0.544438 0.104594 0.292857
56 0.65807 0.504508 0.0586406 0.10096
56 0.656562 0.508595 0.0615 0.107963
56 0.616273 0.480703 0.0326719 0.0493677
56 0.792 0.562881 0.106531 0.306792
60 0.563656 0.449098 0.167063 0.0685948
41 0.547328 0.433806 0.0174375 0.0194614
45 0.560758 0.434192 0.0129219 0.0153162
45 0.546852 0.430855 0.0147031 0.011452
47 0.592258 0.429789 0.0329844 0.0264637
56 0.946781 0.211417 0.106438 0.238806
73 0.889828 0.340773 0.012625 0.0268852
73 0.876047 0.340761 0.0151875 0.0286885
74 0.560117 0.283712 0.0157656 0.0322014
41 0.513477 0.428419 0.0115469 0.0289696
