2 0.19038 0.962672 0.16768 0.0520413
2 0.16338 0.916628 0.05384 0.042156
2 0.09802 0.911181 0.02732 0.0294725
2 0.29869 0.915528 0.04146 0.0382569
2 0.38172 0.895367 0.03172 0.011422
9 0.36007 0.41867 0.06822 0.163028
0 0.62031 0.948016 0.0251 0.103647
0 0.58337 0.954679 0.05034 0.0894037
0 0.06449 0.947374 0.0831 0.105252
0 0.75888 0.931101 0.01792 0.0557339
0 0.63917 0.933979 0.03342 0.0890138
0 0.82441 0.9468 0.11538 0.0990138
0 0.25449 0.914679 0.02402 0.0414679
0 0.13164 0.899128 0.0214 0.0287615
2 0.02613 0.912615 0.03206 0.0356881
2 0.18651 0.913784 0.01782 0.0296789
9 0.41773 0.763486 0.06626 0.0741284
0 0.78398 0.942248 0.03048 0.0504587
0 0.22197 0.92117 0.01302 0.0311468
0 0.20167 0.914874 0.01598 0.0404358
2 0.32729 0.913532 0.02402 0.0233945
0 0.31088 0.977833 0.0522 0.0430046
2 0.50492 0.848911 0.01752 0.0240138
0 0.47069 0.937076 0.17002 0.125849
