3 0.222781 0.444146 0.0725937 0.149083
3 0.14607 0.448146 0.0959844 0.149917
3 0.283789 0.426292 0.0490781 0.08475
0 0.680219 0.596635 0.277469 0.782521
0 0.456742 0.603375 0.242703 0.766292
0 0.234031 0.420948 0.0593437 0.150063
0 0.283398 0.394437 0.0401719 0.118042
46 0.525445 0.681937 0.0127656 0.033625
46 0.848992 0.86325 0.0877344 0.0933333
46 0.549937 0.684042 0.011375 0.0343333
46 0.507156 0.664531 0.0835937 0.0543958
49 0.762586 0.87299 0.129266 0.0953125
2 0.53418 0.44251 0.0858281 0.262146
46 0.510578 0.651813 0.0270312 0.028
0 0.158711 0.410573 0.0391719 0.155146
3 0.0110547 0.51876 0.0212344 0.109771
