57 0.408742 0.595653 0.401016 0.312797
60 0.527578 0.782506 0.411656 0.402354
0 0.76225 0.644406 0.207875 0.631096
0 0.674078 0.462914 0.188281 0.278648
0 0.534297 0.348881 0.350187 0.452914
0 0.356211 0.490629 0.165359 0.384662
40 0.547547 0.586946 0.0225938 0.0561772
40 0.343414 0.384382 0.0239531 0.0314219
40 0.635969 0.451585 0.0195625 0.073986
40 0.420672 0.592168 0.0229375 0.0698834
40 0.618664 0.625862 0.0249844 0.0764802
40 0.635844 0.598275 0.0229062 0.0801865
40 0.565508 0.591387 0.0177969 0.0644988
41 0.661297 0.600023 0.031 0.0379487
73 0.190352 0.397925 0.0449844 0.0104895
73 0.191594 0.429825 0.0462187 0.0086014
73 0.191305 0.423951 0.0450781 0.00599068
73 0.137453 0.427005 0.0496875 0.0121911
41 0.506156 0.630629 0.0208125 0.0402797
41 0.527984 0.595548 0.0314375 0.0362238
41 0.39907 0.597995 0.0278594 0.0358974
42 0.551078 0.684289 0.0106875 0.0461538
42 0.626695 0.697762 0.00742187 0.0247086
45 0.521414 0.682634 0.0461719 0.0386014
45 0.594109 0.617925 0.0375625 0.046993
45 0.466953 0.63183 0.0212812 0.0241725
73 0.189344 0.455338 0.0565312 0.0221911
73 0.189211 0.445385 0.0478281 0.00927739
73 0.190531 0.436958 0.0470625 0.0110723
73 0.190312 0.41345 0.0479062 0.00927739
73 0.19107 0.404779 0.0466094 0.00853147
73 0.141719 0.443986 0.0500625 0.0128671
73 0.142445 0.434394 0.0507656 0.00934732
75 0.109352 0.693916 0.0407031 0.129977
40 0.866203 0.295338 0.0224688 0.0505361
41 0.650742 0.654627 0.0442969 0.0493939
73 0.145641 0.420175 0.0450938 0.00701632
41 0.805883 0.246492 0.0158281 0.0236131
56 0.8365 0.719499 0.262406 0.41676
