0 0.628961 0.702248 0.367328 0.586511
0 0.88007 0.649438 0.239859 0.678642
0 0.453102 0.571429 0.284484 0.518689
0 0.398273 0.481241 0.115547 0.264543
0 0.0963906 0.652939 0.192781 0.670422
0 0.141047 0.522529 0.117031 0.323419
40 0.234695 0.889052 0.0665781 0.0886885
40 0.302086 0.831604 0.0494531 0.159508
40 0.337242 0.805035 0.0491406 0.151429
42 0.0908281 0.984614 0.126719 0.0251054
42 0.199148 0.723185 0.0239531 0.037377
0 0.0957187 0.539731 0.0840313 0.373279
40 0.273336 0.692447 0.0318594 0.102881
40 0.311664 0.588642 0.0213906 0.0529274
44 0.371305 0.722471 0.0699531 0.0125761
45 0.259977 0.962096 0.198891 0.075808
60 0.299781 0.768021 0.488375 0.443677
40 0.331836 0.692237 0.0227656 0.0844262
40 0.248875 0.819532 0.055375 0.0755504
40 0.297547 0.70103 0.0326875 0.0962061
40 0.249016 0.577576 0.0271875 0.0321546
40 0.302172 0.631979 0.0309063 0.071171
43 0.465977 0.909813 0.0203281 0.0730211
43 0.0759609 0.915972 0.0805156 0.028103
43 0.201555 0.688197 0.0464219 0.0358314
42 0.461641 0.886593 0.0390625 0.0472834
