32 0.079875 0.673125 0.021875 0.0188333
34 0.513594 0.640844 0.0634687 0.0665208
35 0.68918 0.789229 0.0376094 0.0723333
0 0.449219 0.764344 0.274344 0.426062
0 0.788961 0.862656 0.208078 0.274271
0 0.924789 0.831635 0.150422 0.335854
0 0.958937 0.412969 0.082125 0.397396
0 0.7 0.340219 0.0813438 0.280188
0 0.598867 0.292792 0.0745469 0.367792
0 0.466484 0.293396 0.0880625 0.341792
0 0.214453 0.37324 0.123906 0.146479
0 0.139773 0.376542 0.0809219 0.188167
0 0.124766 0.0572083 0.0890937 0.0804583
0 0.838016 0.0917604 0.0934062 0.102604
0 0.88043 0.479823 0.0869844 0.0899792
34 0.971586 0.526656 0.0287031 0.180646
41 0.236094 0.428323 0.01275 0.0272292
56 0.917453 0.501823 0.0193125 0.0183125
0 0.770383 0.0845937 0.0699219 0.104562
56 0.924438 0.48699 0.0525312 0.0507708
