0 0.247789 0.467576 0.0156406 0.0474239
0 0.206156 0.467248 0.0103438 0.042178
0 0.296773 0.457564 0.0123906 0.0447775
13 0.825328 0.712752 0.25 0.207658
0 0.267094 0.457049 0.0083125 0.024356
0 0.169922 0.484567 0.011 0.0247307
0 0.179594 0.483431 0.0120625 0.0211007
0 0.151672 0.489426 0.0219062 0.0231616
0 0.12168 0.474379 0.0114531 0.0324122
0 0.19318 0.482482 0.00939062 0.0182201
0 0.501836 0.430948 0.00529688 0.0297658
0 0.528687 0.433349 0.0093125 0.0198126
0 0.463562 0.436019 0.00640625 0.0265574
