72 0.626927 0.215984 0.374354 0.301219
0 0.335583 0.494922 0.653125 0.986469
45 0.619604 0.591172 0.162083 0.109813
55 0.806583 0.858273 0.386833 0.283453
47 0.931875 0.0698672 0.13625 0.138797
0 0.665552 0.0869922 0.0312292 0.0276719
0 0.558219 0.119633 0.0198958 0.0222344
0 0.742448 0.0899062 0.0098125 0.030375
0 0.498698 0.224594 0.0320625 0.0276875
44 0.632469 0.482789 0.0548958 0.0494219
49 0.876938 0.236367 0.156208 0.103891
49 0.968719 0.255578 0.0625625 0.108906
41 0.86576 0.422516 0.0578125 0.0916875
