16 0.108174 0.7591 0.119826 0.135133
33 0.68613 0.239583 0.105783 0.0828333
0 0.163065 0.660117 0.0173913 0.0744333
0 0.0415652 0.658267 0.0444783 0.158933
0 0.706304 0.732633 0.0541739 0.246933
0 0.769413 0.660667 0.120174 0.462933
0 0.452315 0.662617 0.0151957 0.0445
0 0.421087 0.67025 0.0119565 0.0447
0 0.214815 0.65495 0.0870217 0.2891
0 0.0772935 0.6505 0.0227174 0.0982
0 0.477511 0.6614 0.0174565 0.0448
0 0.140239 0.675483 0.013 0.0375
0 0.366989 0.672617 0.0148913 0.0647
0 0.495837 0.662217 0.00954348 0.0414333
33 0.962446 0.0852833 0.00993478 0.0101667
0 0.297 0.657333 0.0672174 0.256267
