6 0.482727 0.47951 0.668328 0.886563
6 0.846352 0.437823 0.307297 0.651687
0 0.928086 0.548656 0.0312969 0.0763542
0 0.0910703 0.670563 0.0627344 0.170625
0 0.0774219 0.587906 0.0238125 0.0395625
0 0.0420781 0.661396 0.0485938 0.172667
0 0.122891 0.63699 0.035375 0.131854
0 0.0118828 0.648656 0.0237656 0.135396
0 0.0075 0.592177 0.01 0.0266875
26 0.911797 0.71349 0.0640312 0.0561875
0 0.102156 0.452656 0.0100625 0.0500625
0 0.128789 0.45724 0.0160781 0.0442292
0 0.0699453 0.860677 0.136516 0.256188
0 0.0177891 0.666458 0.0180781 0.12975
0 0.0242422 0.600521 0.0195156 0.0247083
0 0.801383 0.754698 0.0941094 0.367438
