8 0.463281 0.323595 0.212906 0.615714
8 0.600594 0.532588 0.156531 0.0438642
8 0.736281 0.506674 0.0870937 0.0369555
8 0.632508 0.584403 0.0900781 0.0306323
0 0.552906 0.557342 0.00640625 0.02363
2 0.0930312 0.455761 0.0166563 0.0227635
2 0.116875 0.457412 0.0300938 0.01726
2 0.203156 0.455023 0.0316563 0.0192272
2 0.285656 0.45219 0.027 0.0193677
2 0.499891 0.448665 0.0257812 0.0187354
2 0.701086 0.439766 0.0281094 0.0204215
2 0.723688 0.442178 0.0196563 0.0144731
2 0.024375 0.462998 0.019875 0.0144262
2 0.171625 0.454098 0.0315625 0.0233255
2 0.261188 0.451429 0.0326875 0.0246838
2 0.475133 0.447681 0.0267344 0.0241218
2 0.568031 0.444578 0.0321562 0.0232553
2 0.741375 0.439567 0.0242188 0.0159016
7 0.650805 0.442295 0.0358281 0.0236066
7 0.4785 0.448244 0.0319375 0.0159719
