3 0.180106 0.443594 0.0479108 0.0425
2 0.170387 0.415594 0.125094 0.0730625
2 0.160728 0.369445 0.063615 0.0211719
25 0.566021 0.359594 0.112559 0.023125
20 0.357852 0.6045 0.357864 0.498875
0 0.177371 0.410398 0.0637089 0.0623594
0 0.587394 0.425734 0.0310329 0.0837813
0 0.644542 0.402008 0.0450469 0.0320469
0 0.664108 0.400094 0.027277 0.0423125
7 0.768732 0.464492 0.338451 0.160672
0 0.0311033 0.438805 0.0606573 0.150828
0 0.171444 0.372359 0.0270657 0.0158438
0 0.554695 0.591313 0.171315 0.392594
0 0.0425587 0.418281 0.0577934 0.126031
0 0.123286 0.379562 0.022723 0.0330312
0 0.934542 0.420094 0.0350469 0.0744062
0 0.880669 0.409711 0.0145775 0.0198594
2 0.536244 0.422164 0.0953991 0.0911406
2 0.61162 0.399109 0.12 0.0385937
2 0.282441 0.365586 0.118545 0.0258594
0 0.10189 0.389656 0.0228873 0.0552813
0 0.635869 0.395727 0.0322535 0.0189531
24 0.54466 0.583602 0.082277 0.111359
