25 0.319898 0.385063 0.199391 0.205333
25 0.387422 0.207156 0.242281 0.193979
25 0.656461 0.255052 0.244391 0.240437
25 0.531523 0.395927 0.192984 0.213687
25 0.424219 0.498375 0.172313 0.17875
25 0.359438 0.555417 0.1475 0.0999167
25 0.752523 0.419177 0.179922 0.206271
25 0.679945 0.577031 0.148797 0.101271
25 0.802797 0.5285 0.175687 0.180417
25 0.741406 0.672385 0.127812 0.133938
25 0.518609 0.71849 0.110125 0.131021
25 0.399461 0.71325 0.114891 0.125417
25 0.857148 0.0805208 0.280516 0.161042
