62 0.496258 0.319215 0.212297 0.214871
39 0.604469 0.403735 0.06475 0.107518
59 0.352297 0.742155 0.701594 0.493255
73 0.680578 0.367681 0.0192812 0.102763
73 0.691258 0.362834 0.0257969 0.094192
73 0.651516 0.360925 0.0265312 0.123911
73 0.662094 0.363232 0.0176875 0.103513
73 0.70643 0.374895 0.0259219 0.093911
73 0.715258 0.379145 0.0241094 0.0914052
26 0.378469 0.629485 0.127344 0.224918
65 0.224258 0.827178 0.0685469 0.04274
73 0.669641 0.36555 0.0136875 0.0984543
73 0.643156 0.348712 0.0251563 0.147307
73 0.69993 0.36897 0.0262344 0.0980796
73 0.714086 0.396686 0.0107656 0.0567916
73 0.258828 0.65767 0.107688 0.123255
73 0.687781 0.360304 0.0269688 0.09363
65 0.391094 0.809918 0.0479375 0.0674239
73 0.316297 0.80082 0.110937 0.0981733
