62 0.45993 0.316141 0.23894 0.318408
62 0.27756 0.690105 0.22828 0.371141
56 0.04521 0.540946 0.08182 0.20045
56 0.2439 0.466156 0.05012 0.077958
56 0.36605 0.516426 0.12018 0.131652
0 0.41291 0.369324 0.18142 0.196727
0 0.66208 0.531246 0.24896 0.394685
0 0.777 0.470916 0.446 0.824955
63 0.36009 0.691922 0.41426 0.372132
63 0.51466 0.561667 0.11812 0.13042
63 0.53471 0.510586 0.09066 0.114745
63 0.56675 0.481486 0.0431 0.0775075
41 0.47332 0.710706 0.08664 0.110541
41 0.53383 0.616622 0.05498 0.0772072
41 0.6027 0.501321 0.02636 0.02997
63 0.27987 0.467042 0.05986 0.0943844
0 0.73059 0.399565 0.02314 0.0602703
56 0.14155 0.451456 0.09582 0.0694595
