0 0.67693 0.7337 0.217391 0.501124
33 0.275359 0.360164 0.219094 0.119016
33 0.514836 0.552529 0.0981406 0.0335363
33 0.957008 0.395574 0.0208281 0.0205152
33 0.567008 0.281897 0.0489844 0.0299297
0 0.798844 0.864473 0.00465625 0.032178
0 0.220242 0.944075 0.0117656 0.0203747
0 0.220875 0.851733 0.005875 0.0231382
0 0.404867 0.954028 0.00989063 0.0354098
0 0.433469 0.963618 0.00925 0.0469555
0 0.0174375 0.964508 0.010375 0.0504215
0 0.0728672 0.938841 0.00557812 0.0315457
0 0.0531406 0.943009 0.0040625 0.0176815
33 0.489125 0.618981 0.103531 0.0679859
33 0.459742 0.754637 0.0581094 0.0546136
33 0.520563 0.351663 0.0193125 0.0231382
33 0.320852 0.0446487 0.0160156 0.0148244
0 0.966336 0.943899 0.0109844 0.0290632
0 0.0635625 0.906944 0.005 0.0283607
