0 0.349562 0.698423 0.0830625 0.378518
20 0.649383 0.592129 0.485891 0.698868
20 0.824281 0.627251 0.248969 0.586469
0 0.712742 0.236779 0.0845156 0.278356
0 0.622094 0.18403 0.0449062 0.165633
0 0.298438 0.44438 0.0475 0.12779
0 0.260781 0.611065 0.0423437 0.0777089
0 0.25968 0.562049 0.0494219 0.0926685
0 0.108781 0.596819 0.0594688 0.127224
0 0.15918 0.618019 0.0386406 0.0622911
0 0.246117 0.889811 0.0933906 0.152237
0 0.632234 0.288814 0.0915625 0.423127
0 0.235063 0.601739 0.0294687 0.0608356
0 0.197539 0.613477 0.0294531 0.0625876
0 0.96157 0.891321 0.0327344 0.0593531
