57 0.916133 0.744094 0.167734 0.468813
56 0.0945938 0.577708 0.189188 0.549542
56 0.578812 0.5655 0.150438 0.43425
0 0.388484 0.478656 0.305063 0.885396
0 0.705336 0.480896 0.254484 0.867417
65 0.371711 0.12424 0.0444219 0.0489375
65 0.594484 0.332958 0.0367813 0.0454167
56 0.406383 0.61001 0.136484 0.132938
56 0.78725 0.535969 0.0303438 0.251229
58 0.948703 0.124875 0.102594 0.24975
58 0.0471094 0.0811458 0.0720937 0.058875
65 0.440242 0.294438 0.0218906 0.0365417
60 0.523336 0.576792 0.126234 0.235917
65 0.715672 0.17925 0.0247188 0.0380417
56 0.609734 0.454177 0.0569375 0.158854
