46 0.34003 0.79731 0.208709 0.17266
46 0.638303 0.83772 0.152643 0.23104
46 0.447087 0.85056 0.320541 0.2764
46 0.156456 0.86897 0.312913 0.25402
46 0.063994 0.77849 0.127988 0.14446
46 0.387462 0.19858 0.0553453 0.06896
46 0.602718 0.2169 0.257988 0.17464
46 0.738123 0.78728 0.134264 0.16748
45 0.418213 0.45883 0.822973 0.32662
46 0.448574 0.17456 0.0892793 0.13184
46 0.427372 0.26116 0.0893393 0.0876
47 0.503378 0.55955 0.993243 0.36406
49 0.878213 0.36997 0.111441 0.05162
49 0.964054 0.37787 0.0718919 0.04658
49 0.15967 0.74013 0.147508 0.08322
49 0.0978529 0.61051 0.106336 0.06594
46 0.868544 0.82987 0.262913 0.26234
46 0.318228 0.17896 0.108649 0.08056
46 0.314204 0.24602 0.201141 0.08932
49 0.92461 0.71679 0.138529 0.0439
49 0.952853 0.41354 0.0639039 0.05108
49 0.664459 0.68261 0.155946 0.10086
