0 0.43251 0.564734 0.0660625 0.157
0 0.323594 0.570109 0.0429792 0.158469
0 0.614281 0.569281 0.0833958 0.201313
0 0.495156 0.570688 0.0596458 0.143187
0 0.372615 0.56975 0.0710625 0.160906
33 0.577562 0.173461 0.0597083 0.0298594
33 0.330302 0.234172 0.204813 0.0504375
33 0.405823 0.192258 0.0933958 0.0228281
33 0.782427 0.0813047 0.368563 0.0398281
33 0.685312 0.0984687 0.0817917 0.04325
33 0.893479 0.379102 0.213042 0.0753281
33 0.762479 0.233117 0.141292 0.0349219
33 0.605385 0.30718 0.218229 0.0672656
33 0.844365 0.194008 0.311271 0.0397344
0 0.0464479 0.616852 0.0808958 0.217984
0 0.670021 0.575 0.0614167 0.192281
0 0.799427 0.534734 0.0123125 0.0348125
0 0.78575 0.53607 0.0160417 0.0354531
33 0.541958 0.218734 0.0459583 0.0139063
33 0.633979 0.254281 0.0423333 0.0276563
0 0.232583 0.707727 0.369917 0.472859
33 0.487406 0.103383 0.103771 0.0276094
33 0.951167 0.0735469 0.09425 0.034625
0 0.728333 0.557172 0.0527083 0.126063
