62 0.8405 0.486553 0.317156 0.542612
62 0.666117 0.314435 0.157453 0.224729
62 0.54768 0.2732 0.125953 0.175247
56 0.0751328 0.8222 0.150266 0.331882
56 0.392727 0.581859 0.211359 0.230118
0 0.443453 0.565094 0.788844 0.847882
0 0.500477 0.478882 0.392734 0.505012
64 0.786039 0.7946 0.0785781 0.0679765
64 0.672008 0.468259 0.0516406 0.0293176
66 0.599703 0.858612 0.219563 0.282776
39 0.520687 0.314094 0.0216562 0.111765
66 0.622094 0.523788 0.0631875 0.0654588
66 0.447445 0.390388 0.0384531 0.0327765
56 0.301445 0.385435 0.0446719 0.154024
64 0.488766 0.357718 0.029375 0.0212235
0 0.4415 0.314494 0.122375 0.289412
0 0.431508 0.269353 0.0205781 0.137765
