3 0.709344 0.664965 0.0326875 0.0414052
5 0.474531 0.784262 0.133438 0.305621
5 0.0907109 0.825843 0.181422 0.249438
0 0.687109 0.635047 0.012375 0.040445
0 0.726625 0.63329 0.00840625 0.0454098
0 0.736703 0.627307 0.011375 0.0265105
0 0.893414 0.815679 0.0187344 0.0710304
0 0.879375 0.754145 0.0150625 0.0651522
0 0.851586 0.73089 0.00667187 0.0253396
0 0.929914 0.767354 0.0128594 0.0207494
0 0.861305 0.735246 0.0173906 0.0363466
5 0.0505625 0.665422 0.101125 0.11993
0 0.90457 0.834742 0.0177969 0.0729977
5 0.312742 0.529063 0.0506406 0.0513349
5 0.427438 0.535457 0.087 0.0494145
5 0.591148 0.587037 0.230422 0.0805386
0 0.200836 0.592436 0.00842187 0.0288525
0 0.211352 0.59281 0.00779687 0.0255269
