62 0.759031 0.494302 0.231562 0.246021
57 0.387102 0.8 0.764516 0.4
41 0.680789 0.833448 0.0510469 0.107521
63 0.615172 0.765917 0.222469 0.19775
63 0.455305 0.7025 0.193766 0.160042
66 0.812352 0.630437 0.144766 0.0424167
73 0.919445 0.760448 0.0892031 0.0283958
73 0.91175 0.748688 0.07425 0.0279167
73 0.983672 0.765146 0.0321562 0.019375
58 0.08425 0.524948 0.125031 0.225396
73 0.979141 0.77375 0.0344687 0.0233333
73 0.918141 0.771833 0.0913438 0.0275833
73 0.985391 0.750531 0.0292187 0.0178125
73 0.927336 0.707458 0.0962031 0.0540833
73 0.985781 0.728635 0.0284375 0.0459792
73 0.985227 0.757146 0.0295469 0.0165
73 0.986781 0.576792 0.0249062 0.123458
41 0.300547 0.631021 0.0169375 0.0249583
41 0.272492 0.634969 0.0173281 0.0267292
64 0.705984 0.618469 0.0207813 0.0215625
66 0.451414 0.736469 0.122359 0.0534792
66 0.599062 0.80824 0.120219 0.0633958
73 0.926703 0.726458 0.100687 0.0453333
41 0.241578 0.638802 0.0167813 0.0259792
