25 0.296969 0.454346 0.264813 0.268458
0 0.0883828 0.664918 0.128016 0.668621
0 0.14825 0.665958 0.095125 0.61715
0 0.352406 0.71236 0.187844 0.548318
0 0.556797 0.649428 0.250969 0.68764
26 0.256789 0.78715 0.0617969 0.261075
41 0.604047 0.354252 0.018875 0.0414019
0 0.426594 0.656893 0.0859062 0.686215
0 0.630984 0.275386 0.04875 0.18993
0 0.174219 0.650012 0.0741875 0.595631
0 0.229086 0.772547 0.0924219 0.454907
7 0.690719 0.496297 0.618563 0.982734
26 0.189523 0.688306 0.0525781 0.115491
0 0.462195 0.477675 0.0542969 0.0984346
