1 0.92325 0.754949 0.14625 0.48707
3 0.581984 0.559078 0.362156 0.516598
5 0.0248438 0.160666 0.0428437 0.312357
7 0.0927969 0.0895492 0.096 0.0993443
0 0.596313 0.394539 0.232531 0.507111
0 0.524742 0.188709 0.0473594 0.167295
0 0.450695 0.184129 0.0473906 0.171988
0 0.333227 0.115533 0.0203281 0.045041
0 0.294531 0.185256 0.056375 0.23625
0 0.48818 0.17917 0.0364844 0.179119
0 0.624391 0.135881 0.0378437 0.0719262
0 0.725375 0.183822 0.0634062 0.194652
0 0.411719 0.174406 0.0299063 0.187541
0 0.553102 0.184682 0.0251406 0.168791
0 0.218219 0.158248 0.0292187 0.100717
0 0.867141 0.186701 0.0235625 0.113279
9 0.515984 0.0420902 0.0199375 0.0641803
26 0.518531 0.165348 0.0364063 0.0559426
26 0.457836 0.163084 0.0347031 0.0835451
26 0.765875 0.191209 0.0138125 0.0280738
26 0.563391 0.147582 0.0124688 0.032541
0 0.360508 0.0924693 0.00885937 0.0226434
5 0.0323672 0.104908 0.0220781 0.209816
26 0.276242 0.213279 0.0269219 0.042623
26 0.326094 0.176783 0.0292187 0.0337705
