67 0.559944 0.0651172 0.0302254 0.0897344
24 0.385242 0.275312 0.0987923 0.0802188
0 0.504879 0.442328 0.829114 0.876406
0 0.366916 0.270258 0.249066 0.323203
0 0.229058 0.225344 0.203076 0.228938
0 0.142979 0.140859 0.122995 0.272906
0 0.921288 0.291672 0.157424 0.463969
0 0.0384783 0.109695 0.0702576 0.157109
0 0.342762 0.225844 0.0880032 0.123594
0 0.285169 0.12107 0.0458937 0.0736406
0 0.103132 0.127531 0.0759903 0.155875
0 0.394388 0.1645 0.0346699 0.0298125
0 0.330805 0.201719 0.0472464 0.0734375
13 0.777053 0.777922 0.445894 0.407781
13 0.290298 0.289203 0.0669082 0.03175
26 0.383172 0.279797 0.113172 0.0790937
