2 0.939797 0.498052 0.120406 0.267021
0 0.356969 0.55974 0.172219 0.480229
46 0.515297 0.458823 0.183531 0.564688
46 0.232297 0.389052 0.136219 0.113312
46 0.234648 0.458042 0.160703 0.428542
46 0.376727 0.424208 0.0274219 0.087
46 0.310234 0.373448 0.030375 0.0707292
46 0.369703 0.422802 0.164125 0.362354
56 0.531656 0.708802 0.107438 0.307271
46 0.708047 0.62826 0.166094 0.136729
46 0.705281 0.42224 0.183188 0.376437
46 0.0981016 0.626969 0.0565156 0.0589375
46 0.150281 0.656125 0.0601563 0.069375
46 0.0985078 0.705427 0.0648906 0.0574375
46 0.19707 0.66376 0.0344844 0.0598958
56 0.338852 0.682719 0.0936719 0.159146
