34 0.670758 0.259333 0.129859 0.16897
35 0.439109 0.633009 0.0691563 0.0954333
0 0.707008 0.568689 0.284016 0.603607
0 0.208687 0.641148 0.345562 0.502248
0 0.805219 0.309567 0.114875 0.201429
0 0.383477 0.179789 0.0529844 0.143747
0 0.278375 0.145386 0.0455938 0.140422
0 0.940805 0.0370843 0.0344844 0.0561827
0 0.0566875 0.11192 0.0632812 0.0914754
0 0.888719 0.178396 0.037125 0.0495316
0 0.381711 0.657693 0.181203 0.328829
0 0.452398 0.112658 0.0293281 0.139415
0 0.223078 0.136218 0.0370313 0.0909836
0 0.0606094 0.0869555 0.0210625 0.049555
0 0.828727 0.184614 0.0256719 0.0480094
