2 0.506477 0.535208 0.418891 0.259208
2 0.251437 0.278177 0.0829375 0.0860625
2 0.310031 0.276313 0.0554375 0.071625
2 0.0457344 0.265792 0.0914688 0.111792
7 0.850211 0.342187 0.298391 0.297625
7 0.107758 0.252104 0.205734 0.146542
0 0.473797 0.315302 0.107937 0.218812
0 0.316258 0.400625 0.179797 0.355917
2 0.706984 0.268333 0.100531 0.0341667
2 0.384672 0.296406 0.137781 0.109187
0 0.65082 0.397687 0.268672 0.411667
0 0.488398 0.242156 0.0521719 0.0781042
0 0.548234 0.241437 0.041625 0.079375
