2 0.156742 0.461285 0.313484 0.290327
2 0.921164 0.36738 0.0468281 0.0225693
3 0.529703 0.586524 0.677469 0.8
0 0.604969 0.551071 0.324156 0.877406
0 0.432266 0.257141 0.0764062 0.146725
9 0.652422 0.125819 0.0234375 0.056927
9 0.322703 0.178652 0.0292812 0.128086
24 0.404148 0.425453 0.121953 0.275844
0 0.947906 0.617758 0.0515938 0.0778338
0 0.137625 0.388476 0.0460625 0.0472796
2 0.919953 0.700403 0.160094 0.26806
7 0.920977 0.693816 0.158047 0.271914
9 0.80932 0.128312 0.0148594 0.0603023
9 0.661328 0.112355 0.0170313 0.0640554
9 0.41368 0.00979849 0.0263281 0.019597
9 0.921695 0.248287 0.0157969 0.0618136
