0 0.627866 0.414305 0.416439 0.648859
44 0.572017 0.655773 0.0275708 0.0429844
45 0.726804 0.782883 0.190967 0.104422
45 0.548738 0.792281 0.171203 0.101562
45 0.355012 0.784992 0.22342 0.122703
45 0.631521 0.678562 0.163797 0.0720937
51 0.504764 0.704023 0.0524528 0.0215781
51 0.566733 0.730125 0.0398349 0.022625
51 0.620684 0.739742 0.0423113 0.0256406
51 0.447854 0.709375 0.0575943 0.0254375
51 0.463703 0.663266 0.139717 0.07075
51 0.586958 0.720281 0.0269811 0.0238125
51 0.452182 0.725117 0.0470047 0.0227969
51 0.637441 0.665492 0.0379953 0.0193594
45 0.182276 0.652937 0.10941 0.048875
