36 0.534391 0.675695 0.33534 0.194078
0 0.61637 0.422344 0.666511 0.36575
0 0.680187 0.518 0.157658 0.332125
0 0.879052 0.314266 0.170843 0.300438
0 0.0606909 0.39468 0.121382 0.117453
0 0.0692272 0.716445 0.138454 0.115516
0 0.354707 0.799445 0.0483372 0.0757344
0 0.277026 0.866555 0.127354 0.231766
0 0.105902 0.774188 0.111241 0.0365313
0 0.780913 0.735781 0.117658 0.0906875
0 0.0505269 0.773141 0.101054 0.03575
0 0.0766628 0.508375 0.153326 0.231906
0 0.429087 0.868305 0.196066 0.204672
0 0.319286 0.796242 0.0280328 0.0571719
