2 0.0656797 0.599696 0.0291406 0.0996622
2 0.904797 0.605372 0.0446562 0.132905
2 0.757086 0.606926 0.0237656 0.10277
2 0.0344453 0.598514 0.0250156 0.115541
2 0.185133 0.616318 0.0543594 0.13277
2 0.0167578 0.618581 0.0335156 0.138378
2 0.841938 0.541351 0.0124375 0.0314865
2 0.798203 0.551419 0.00909375 0.0352703
2 0.773836 0.575541 0.0188594 0.0667568
3 0.932969 0.587804 0.0211875 0.113716
5 0.445703 0.596284 0.447656 0.706081
7 0.708141 0.576926 0.0829375 0.280878
7 0.0979141 0.5325 0.0148906 0.0758108
11 0.273367 0.561858 0.0154531 0.0865541
2 0.150961 0.591182 0.0257344 0.0873649
2 0.139844 0.578649 0.0186562 0.0666216
3 0.952719 0.577399 0.0140313 0.0892568
2 0.78618 0.564155 0.0143594 0.0591216
