39 0.828234 0.382746 0.01325 0.0544601
39 0.445039 0.544671 0.00679687 0.0389671
39 0.926125 0.458897 0.00446875 0.0486385
39 0.931227 0.356373 0.0150156 0.0550469
72 0.230352 0.543815 0.176516 0.323592
47 0.40482 0.54081 0.0140469 0.0183333
47 0.385008 0.562418 0.0206406 0.0368075
47 0.367344 0.565845 0.0191562 0.0271362
47 0.370344 0.543979 0.029625 0.0229343
49 0.362602 0.648873 0.0278281 0.0411268
49 0.402461 0.651796 0.0167031 0.0297418
69 0.513188 0.594049 0.088 0.208239
71 0.682336 0.600106 0.0699531 0.0145775
47 0.399828 0.555493 0.0181562 0.0341315
47 0.388016 0.635188 0.0227812 0.0156338
60 0.313797 0.814284 0.624125 0.371432
43 0.939562 0.623697 0.0176875 0.0357512
43 0.952187 0.59534 0.0116875 0.01777
49 0.386008 0.656338 0.0288281 0.0349296
68 0.885703 0.641291 0.1265 0.104695
