67 0.771398 0.253094 0.0443281 0.0971458
0 0.208891 0.510281 0.293625 0.872479
0 0.576344 0.742938 0.541937 0.492167
0 0.798875 0.423594 0.256188 0.725854
60 0.52275 0.832583 0.9545 0.307875
0 0.46093 0.421812 0.313484 0.596417
0 0.960953 0.386521 0.0780937 0.467417
0 0.759852 0.199729 0.0664219 0.141583
39 0.0428672 0.894406 0.0832344 0.206146
41 0.110422 0.188323 0.047625 0.0733125
41 0.111945 0.228833 0.0483906 0.011625
41 0.114961 0.237687 0.0440781 0.00845833
41 0.151961 0.178354 0.0365156 0.0638333
41 0.151258 0.215 0.0380469 0.0164167
41 0.15425 0.240844 0.0357188 0.0109375
41 0.320516 0.0899583 0.0306875 0.0706667
41 0.304898 0.216031 0.0274531 0.0447292
