27 0.496098 0.638305 0.176715 0.583797
0 0.531234 0.510984 0.827824 0.978031
73 0.928452 0.273617 0.0248117 0.0394844
73 0.783033 0.268508 0.0146862 0.0400156
73 0.838672 0.269813 0.0120711 0.0389375
73 0.726056 0.32118 0.171946 0.0467656
73 0.728023 0.262555 0.0141632 0.0503906
73 0.837615 0.321781 0.0150209 0.0429062
73 0.851935 0.324977 0.0134937 0.0400781
73 0.87114 0.322641 0.028431 0.0467813
73 0.988033 0.270953 0.01159 0.0356875
73 0.102845 0.508367 0.108619 0.0386406
73 0.624665 0.265195 0.024477 0.0411094
73 0.896548 0.274797 0.0155649 0.034125
56 0.879487 0.831477 0.241025 0.337047
73 0.750324 0.267234 0.0132427 0.0412813
