0 0.456492 0.769865 0.0592344 0.217604
0 0.5195 0.748167 0.033625 0.143083
0 0.791195 0.789125 0.0857656 0.206292
0 0.903539 0.70225 0.0232031 0.0749167
0 0.410375 0.745729 0.0187812 0.0775417
0 0.650742 0.741333 0.0250781 0.0287083
33 0.228477 0.214917 0.146422 0.196375
33 0.0651875 0.227896 0.073 0.0998333
33 0.897586 0.0530208 0.0320781 0.01425
33 0.159336 0.919021 0.184859 0.1385
33 0.807406 0.0131771 0.0645938 0.0263542
0 0.832289 0.695281 0.0172656 0.0337292
0 0.919578 0.70126 0.02275 0.0718542
0 0.950719 0.747521 0.0387188 0.15425
0 0.815211 0.703896 0.0140469 0.0555833
0 0.00635938 0.786427 0.0127188 0.134812
0 0.390805 0.750187 0.0232969 0.0745417
