2 0.721531 0.585667 0.161437 0.109625
2 0.437078 0.575865 0.0686563 0.0400208
7 0.613352 0.47049 0.241953 0.330771
7 0.249797 0.574656 0.319625 0.155562
9 0.800563 0.401125 0.0303438 0.0561667
9 0.87825 0.494688 0.0146563 0.039875
9 0.834461 0.40799 0.0135156 0.0388542
9 0.857039 0.40551 0.0142344 0.0401875
9 0.898383 0.494479 0.00985938 0.043125
0 0.684312 0.294667 0.0140937 0.03
9 0.765109 0.327083 0.0222812 0.0625833
9 0.636195 0.419167 0.0161094 0.0154583
9 0.888883 0.336885 0.0276094 0.0652292
9 0.625102 0.458708 0.0162656 0.0297917
0 0.716734 0.294698 0.0213125 0.0399792
0 0.237969 0.523042 0.01525 0.0211667
0 0.706812 0.556073 0.0141563 0.0143542
0 0.566938 0.625417 0.01475 0.0156667
2 0.412023 0.55224 0.0207969 0.0155625
2 0.828094 0.584448 0.0584063 0.0398542
