39 0.086875 0.267594 0.0469062 0.245094
39 0.0193281 0.270434 0.0357813 0.25162
56 0.410594 0.808298 0.471187 0.355047
0 0.524703 0.596843 0.42275 0.691432
40 0.840633 0.651315 0.0867656 0.25169
40 0.147984 0.335974 0.0510312 0.109601
40 0.536992 0.83034 0.0927344 0.303357
45 0.672281 0.290634 0.117438 0.09277
60 0.872141 0.79054 0.255719 0.130563
69 0.275188 0.584401 0.219094 0.400587
71 0.589328 0.341033 0.0730937 0.0161972
39 0.0414531 0.260552 0.0627188 0.252981
39 0.534484 0.252805 0.0220312 0.0574413
40 0.12343 0.327277 0.0386094 0.121878
45 0.39918 0.290516 0.0655469 0.0537089
45 0.353086 0.317582 0.0312344 0.0412676
53 0.78332 0.870399 0.0814844 0.0430516
53 0.868133 0.862394 0.0887344 0.0550704
53 0.813453 0.809789 0.0737812 0.0543192
53 0.843648 0.786385 0.0895469 0.0638498
53 0.700422 0.831056 0.0829375 0.0613146
53 0.793133 0.830786 0.0986094 0.0608216
