49 0.600383 0.383976 0.0177031 0.0273412
49 0.49257 0.228447 0.0142344 0.0253176
49 0.624773 0.366682 0.0274844 0.0432941
49 0.569117 0.345412 0.0124219 0.0226353
49 0.557867 0.520812 0.0186406 0.0249647
49 0.686312 0.238835 0.0164375 0.0240235
49 0.72018 0.312353 0.0159531 0.0253647
49 0.646344 0.328859 0.00875 0.00835294
49 0.512961 0.550859 0.0146719 0.0261412
49 0.482375 0.490306 0.0131562 0.0215059
49 0.446117 0.436847 0.0147656 0.0211765
49 0.332289 0.437812 0.0190781 0.0277647
49 0.385969 0.3606 0.0179687 0.0261412
