39 0.399156 0.441393 0.0263437 0.114684
39 0.717383 0.504672 0.0319219 0.106019
60 0.529633 0.570375 0.620828 0.137049
60 0.27607 0.405328 0.105484 0.0884075
13 0.412719 0.817927 0.610781 0.364145
24 0.880711 0.846651 0.129672 0.306698
26 0.629367 0.539684 0.127078 0.263021
0 0.947336 0.423466 0.0700156 0.371101
0 0.886844 0.37863 0.0996875 0.28082
0 0.71843 0.410059 0.0802656 0.22185
0 0.657445 0.280422 0.0830469 0.213208
0 0.527477 0.26815 0.0738594 0.198923
0 0.0277187 0.419813 0.0545937 0.197892
0 0.429125 0.372892 0.0899688 0.194778
0 0.505992 0.37829 0.128359 0.210304
0 0.581172 0.564169 0.09425 0.468618
0 0.559961 0.260445 0.0642969 0.252037
0 0.254297 0.270468 0.0205 0.0381265
39 0.380188 0.464485 0.0315625 0.0979625
48 0.330063 0.503595 0.0464687 0.0237237
56 0.100742 0.402073 0.0412031 0.10274
13 0.911297 0.525141 0.0613125 0.0268618
41 0.433797 0.495258 0.025375 0.0559485
41 0.420906 0.481651 0.0340312 0.0440984
41 0.263039 0.46534 0.0214531 0.0303513
0 0.114992 0.37589 0.0491406 0.149532
13 0.0587109 0.415796 0.0216719 0.0413349
13 0.33557 0.426475 0.0981094 0.0406792
60 0.942 0.426393 0.0411875 0.0334895
0 0.806828 0.621593 0.163688 0.756815
