1 0.307492 0.642728 0.0233281 0.103208
3 0.630828 0.647763 0.059 0.144567
3 0.587938 0.645808 0.0512188 0.117892
3 0.5535 0.638806 0.0405 0.109883
7 0.167922 0.517986 0.275875 0.393255
7 0.625211 0.497752 0.221891 0.321358
7 0.902719 0.507881 0.194562 0.301803
0 0.546734 0.594895 0.0359063 0.158267
0 0.576117 0.598173 0.0506406 0.165105
0 0.620391 0.615937 0.0736875 0.205457
0 0.81257 0.615585 0.0786094 0.2174
0 0.786234 0.541417 0.0284687 0.132998
0 0.958172 0.473934 0.047625 0.166042
0 0.926906 0.446194 0.034875 0.0659251
24 0.799828 0.580539 0.0175313 0.0499297
0 0.889352 0.475082 0.0100781 0.031897
0 0.14468 0.452799 0.0374844 0.0516862
0 0.8455 0.466148 0.0135312 0.0428806
0 0.747812 0.564028 0.0228437 0.140843
0 0.990602 0.425726 0.0187969 0.0650351
7 0.333445 0.513091 0.0851094 0.173817
0 0.253578 0.450562 0.061625 0.0532553
