1 0.942531 0.643338 0.114937 0.129541
3 0.60275 0.69173 0.33675 0.352162
5 0.0344297 0.519108 0.0688594 0.705622
1 0.399344 0.675486 0.0445 0.131297
0 0.125367 0.603365 0.0532656 0.222459
0 0.633883 0.484446 0.0286406 0.133378
0 0.685328 0.508324 0.0220625 0.194649
0 0.350961 0.52277 0.0597344 0.122351
0 0.585305 0.560662 0.0409219 0.173973
0 0.547945 0.546014 0.0333594 0.183865
0 0.588703 0.445932 0.0493125 0.108514
0 0.812469 0.535081 0.0344375 0.163514
0 0.653672 0.497068 0.0451562 0.177162
0 0.953602 0.588527 0.0593594 0.237216
0 0.0695859 0.572 0.0332031 0.217297
0 0.707156 0.460824 0.0278438 0.101757
