56 0.745805 0.466019 0.0677656 0.159859
56 0.647609 0.435422 0.03275 0.0895785
56 0.586023 0.453115 0.0247656 0.142623
56 0.412703 0.423981 0.0247812 0.0874941
56 0.495141 0.457799 0.0617188 0.148009
0 0.440219 0.498958 0.0607812 0.26007
0 0.70582 0.681417 0.0845781 0.289766
0 0.341586 0.48966 0.0467656 0.277775
0 0.240219 0.683689 0.0865313 0.314637
0 0.239578 0.467237 0.0376875 0.150632
32 0.816648 0.206347 0.0103281 0.0160187
32 0.261523 0.691745 0.0142031 0.0190867
32 0.0568984 0.602494 0.00776562 0.0168852
32 0.970188 0.738864 0.0139375 0.0217564
32 0.362578 0.454333 0.0101563 0.0129742
32 0.704672 0.478372 0.00675 0.0114988
32 0.598617 0.639215 0.0127969 0.0199297
38 0.0658203 0.429742 0.0252969 0.0952693
38 0.245305 0.717119 0.0918281 0.0857143
38 0.583469 0.721019 0.0391562 0.0554333
38 0.61357 0.843197 0.0505469 0.0483138
38 0.853609 0.389192 0.0622188 0.049719
38 0.679391 0.520749 0.032125 0.082904
38 0.571734 0.524637 0.0360938 0.0932553
38 0.54057 0.55644 0.0378281 0.0804215
38 0.424125 0.529344 0.0447188 0.0724122
38 0.447375 0.540948 0.0254375 0.103489
38 0.341672 0.578419 0.0226562 0.0913115
38 0.328203 0.583747 0.0149062 0.0652459
0 0.568602 0.455948 0.0579844 0.285199
0 0.316195 0.504883 0.0400469 0.258759
0 0.0358984 0.581288 0.0717969 0.569602
0 0.187891 0.514122 0.108187 0.252272
32 0.431977 0.412927 0.0112656 0.0172365
0 0.640086 0.593126 0.105734 0.158665
0 0.6325 0.751557 0.0985938 0.275808
0 0.541359 0.481323 0.0527813 0.254309
0 0.389102 0.491218 0.0445469 0.276393
