58 0.526922 0.368949 0.0335937 0.0600467
58 0.579094 0.489089 0.0332812 0.0589252
39 0.439375 0.714638 0.0258125 0.131986
39 0.50943 0.369755 0.0123906 0.0611449
39 0.529438 0.873785 0.028875 0.122243
39 0.515219 0.743738 0.0235 0.115841
39 0.425039 0.841075 0.0204844 0.111542
72 0.121727 0.556928 0.171328 0.521332
41 0.847711 0.523773 0.0258906 0.0361916
71 0.688961 0.531308 0.0952969 0.0180374
39 0.521836 0.277699 0.0149219 0.054743
62 0.951086 0.115911 0.0638594 0.231075
39 0.455352 0.842407 0.0169844 0.100888
75 0.490078 0.376846 0.00996875 0.0374766
