39 0.280719 0.336727 0.030967 0.0546719
39 0.207288 0.334195 0.0307547 0.0566406
39 0.248432 0.339828 0.0326179 0.0487812
56 0.33559 0.525211 0.270283 0.294359
60 0.183715 0.498398 0.301627 0.225453
69 0.92092 0.468539 0.152642 0.222484
39 0.297075 0.264461 0.0266509 0.0387031
39 0.216333 0.352734 0.0195047 0.0265
39 0.14612 0.277453 0.0205425 0.0189062
73 0.636604 0.465367 0.0523585 0.00754687
73 0.633738 0.520016 0.0923349 0.0310312
73 0.603278 0.405773 0.045283 0.0109531
73 0.638255 0.44607 0.0460377 0.00692187
73 0.634186 0.453734 0.0539387 0.0085625
