24 0.327203 0.516627 0.01625 0.0590566
24 0.282383 0.496781 0.0247969 0.0574292
24 0.762977 0.425259 0.0478594 0.133255
26 0.681711 0.369245 0.151484 0.285142
26 0.419266 0.104906 0.09975 0.209811
28 0.880117 0.539611 0.0876406 0.156958
0 0.367281 0.511274 0.067375 0.251085
0 0.0326094 0.437571 0.0652188 0.413868
0 0.519898 0.330719 0.282234 0.656958
0 0.796945 0.41921 0.162953 0.431108
0 0.457047 0.570094 0.03275 0.125849
0 0.420961 0.558408 0.0243906 0.137193
0 0.311625 0.542264 0.0331562 0.180283
0 0.480945 0.599835 0.0143281 0.049434
26 0.382453 0.506061 0.0389062 0.0825943
26 0.0246641 0.348903 0.0493281 0.147759
0 0.187195 0.510059 0.0813906 0.267807
0 0.134281 0.56204 0.0488438 0.134033
0 0.0690156 0.558396 0.0460938 0.152453
0 0.11225 0.504009 0.0168125 0.0492453
0 0.265023 0.515495 0.0583906 0.24967
