39 0.316639 0.408094 0.046534 0.09075
39 0.639625 0.132891 0.0472131 0.101906
42 0.415047 0.594664 0.0806323 0.0583281
45 0.248115 0.448195 0.145176 0.0698281
45 0.315059 0.516883 0.15808 0.0715781
45 0.158208 0.506891 0.163864 0.06625
39 0.163407 0.211984 0.0203044 0.0380937
39 0.205187 0.211602 0.0240047 0.0378906
39 0.269133 0.210664 0.0190632 0.0348594
39 0.255785 0.210672 0.0194379 0.0327188
39 0.711838 0.131867 0.0410539 0.101078
39 0.275902 0.387602 0.0469321 0.0623281
39 0.221944 0.209281 0.0179859 0.0357188
42 0.401112 0.784922 0.222834 0.0222188
42 0.964883 0.597672 0.0702342 0.0735625
44 0.0313115 0.867523 0.0542389 0.0244531
44 0.184508 0.866062 0.0410539 0.0313125
56 0.213431 0.286539 0.114543 0.0908594
39 0.498513 0.143289 0.0393677 0.0742656
39 0.187998 0.208492 0.0169321 0.0350469
41 0.133724 0.792633 0.118735 0.0668594
41 0.0559368 0.869305 0.111874 0.110703
41 0.0256089 0.552109 0.0484075 0.0419375
41 0.112283 0.546437 0.0452225 0.0336562
41 0.156674 0.544242 0.0453396 0.0302656
41 0.202014 0.543305 0.0479625 0.0340781
41 0.250843 0.543695 0.0526464 0.0320156
41 0.0664169 0.550242 0.0521311 0.0446406
60 0.0459485 0.674695 0.091897 0.221609
45 0.0847541 0.46668 0.0913817 0.0310156
44 0.120035 0.815484 0.0366511 0.01675
44 0.174578 0.743789 0.210515 0.0655469
41 0.176417 0.863758 0.133349 0.110328
