0 0.376797 0.518729 0.398438 0.683153
0 0.661078 0.493259 0.152219 0.635976
0 0.725734 0.385694 0.0914062 0.444094
0 0.827961 0.511694 0.139547 0.237976
35 0.609 0.775906 0.123438 0.168847
0 0.0201484 0.506741 0.0372969 0.582
0 0.988711 0.363459 0.0225781 0.356424
34 0.133555 0.683341 0.0459531 0.252282
34 0.153688 0.6968 0.0363438 0.222306
0 0.447641 0.519341 0.134219 0.4688
13 0.134711 0.655376 0.229047 0.234047
34 0.0768828 0.684576 0.0702656 0.258376
0 0.0138281 0.209529 0.0276563 0.0574118
0 0.560508 0.451729 0.105203 0.467835
