62 0.50333 0.334107 0.04498 0.0447467
1 0.81297 0.347707 0.10778 0.08688
1 0.89927 0.33832 0.08202 0.09408
0 0.40025 0.349453 0.1325 0.1764
0 0.61486 0.486973 0.11328 0.385307
0 0.1875 0.650893 0.36824 0.671173
0 0.25914 0.423693 0.11368 0.244933
0 0.31058 0.3278 0.07924 0.1164
0 0.21638 0.32368 0.06172 0.13792
0 0.94041 0.513547 0.11918 0.398933
0 0.10196 0.377533 0.1264 0.211227
0 0.39775 0.652813 0.21574 0.57752
0 0.53835 0.435787 0.0719 0.166187
0 0.56111 0.473747 0.06618 0.18264
41 0.57155 0.46256 0.0227 0.05024
44 0.57829 0.65424 0.05742 0.0344533
56 0.75385 0.53044 0.06218 0.143493
56 0.51667 0.504453 0.0311 0.0793067
56 0.75075 0.417267 0.0625 0.11896
0 0.67459 0.704493 0.21126 0.591013
1 0.40115 0.7934 0.21122 0.196933
13 0.74988 0.52432 0.05532 0.02512
0 0.08122 0.411667 0.07788 0.17912
60 0.49383 0.460187 0.06566 0.07392
