2 0.0410547 0.465531 0.0811719 0.0304792
2 0.698063 0.451656 0.04025 0.0462292
2 0.96743 0.461719 0.0651406 0.0501875
0 0.399438 0.414604 0.101125 0.375292
0 0.2195 0.553354 0.120781 0.334542
0 0.655188 0.402375 0.104969 0.413083
0 0.664922 0.516115 0.235406 0.247438
0 0.736516 0.55326 0.283156 0.258437
0 0.486133 0.585844 0.216672 0.420229
13 0.920664 0.473292 0.150828 0.053
36 0.323688 0.567406 0.122562 0.0970625
36 0.49907 0.572594 0.103578 0.0296875
36 0.663039 0.477708 0.0461719 0.201458
36 0.259656 0.556562 0.0290625 0.0458333
36 0.757633 0.667 0.205703 0.0510833
2 0.139016 0.469844 0.123438 0.0344375
2 0.585562 0.478167 0.03225 0.0460833
36 0.635617 0.605146 0.0448281 0.0176667
