32 0.170172 0.863195 0.0950312 0.106805
0 0.340523 0.538204 0.494016 0.64494
0 0.887867 0.554672 0.105922 0.1919
0 0.805625 0.602556 0.160656 0.380207
0 0.115258 0.451623 0.0921094 0.121969
13 0.446109 0.625155 0.152219 0.144646
13 0.906875 0.689629 0.18625 0.0792228
0 0.729438 0.475095 0.405062 0.618238
0 0.210211 0.213377 0.101016 0.283368
0 0.0597656 0.198446 0.119531 0.306563
0 0.156555 0.640466 0.0907969 0.0855268
0 0.614453 0.582763 0.0765312 0.211883
0 0.0914844 0.572142 0.0855937 0.214715
0 0.208016 0.44253 0.091 0.216459
0 0.540469 0.644905 0.0655312 0.116788
13 0.0399453 0.619482 0.0798906 0.101313
0 0.63532 0.439154 0.109797 0.199585
13 0.945484 0.620302 0.109031 0.0559413
