3 0.907719 0.62001 0.117438 0.125271
3 0.782805 0.591875 0.141328 0.144542
3 0.556883 0.683823 0.178266 0.206396
3 0.492414 0.644469 0.164234 0.170771
3 0.295789 0.695656 0.294953 0.276396
3 0.120703 0.67249 0.156469 0.292771
3 0.590953 0.590542 0.107438 0.115958
0 0.667422 0.60674 0.0741563 0.305604
0 0.323367 0.641906 0.0914219 0.329562
0 0.36575 0.52674 0.0291563 0.0701042
0 0.230148 0.546323 0.0858281 0.122271
0 0.591719 0.54151 0.0506562 0.114396
0 0.415195 0.542167 0.0630469 0.129667
0 0.781195 0.572208 0.0792656 0.191792
0 0.918508 0.580333 0.0658281 0.213625
