29 0.928367 0.569589 0.0950469 0.191714
0 0.737617 0.506538 0.340922 0.986925
0 0.485383 0.601127 0.336547 0.74831
0 0.236773 0.616901 0.0365781 0.066338
0 0.144828 0.665399 0.0199063 0.0759155
0 0.0644609 0.655094 0.0969219 0.30108
0 0.100891 0.623427 0.0345 0.0900469
0 0.214789 0.649883 0.0188594 0.0676056
0 0.321586 0.709495 0.0388281 0.079554
0 0.292961 0.687089 0.0342656 0.107089
0 0.265516 0.671984 0.0383125 0.165704
0 0.334711 0.656209 0.0498281 0.176174
0 0.895359 0.635751 0.1405 0.482676
0 0.182422 0.672911 0.0424375 0.10723
