1 0.377422 0.748927 0.748375 0.353438
0 0.302898 0.522146 0.518047 0.953958
0 0.0830703 0.43875 0.0797031 0.281875
0 0.625031 0.534427 0.110438 0.417604
0 0.867453 0.494625 0.26175 0.984333
0 0.724617 0.588292 0.150703 0.617917
0 0.133273 0.427813 0.0596719 0.171833
39 0.303023 0.835 0.0901094 0.129375
39 0.387141 0.831646 0.0575937 0.163917
1 0.707594 0.642531 0.0956875 0.224979
0 0.817711 0.685552 0.0682969 0.271854
1 0.60868 0.641031 0.103922 0.304271
0 0.207031 0.89975 0.0507812 0.135417
1 0.65357 0.954552 0.177266 0.0649375
1 0.764391 0.852396 0.0308437 0.147375
74 0.127695 0.571229 0.0260781 0.033625
0 0.161398 0.517427 0.0748906 0.165646
