24 0.886227 0.587506 0.0311719 0.0620047
28 0.89025 0.82007 0.109813 0.191655
28 0.834617 0.672343 0.0457969 0.104172
0 0.576375 0.658508 0.0760625 0.348205
0 0.677828 0.546317 0.0342812 0.102284
0 0.469469 0.561352 0.0623437 0.145315
0 0.642328 0.548625 0.0435938 0.0994406
0 0.806688 0.591608 0.0540312 0.224848
0 0.903539 0.521935 0.0190469 0.0384615
0 0.960977 0.693881 0.0780469 0.40021
0 0.536391 0.535781 0.0438125 0.0778555
0 0.926555 0.59535 0.0397969 0.181515
0 0.848437 0.601096 0.0464062 0.231142
0 0.886617 0.582937 0.0316406 0.177249
24 0.967656 0.606364 0.0646875 0.122145
24 0.434203 0.715082 0.088125 0.0405594
0 0.959117 0.532296 0.0404531 0.0988578
