5 0.400734 0.347881 0.256688 0.402459
5 0.757133 0.36911 0.485734 0.710117
0 0.299195 0.582857 0.0985781 0.561077
0 0.178016 0.600035 0.122656 0.540351
0 0.622227 0.532752 0.100578 0.409766
0 0.881984 0.562939 0.142906 0.381991
0 0.974953 0.555726 0.0500938 0.361663
0 0.0487187 0.405117 0.0125625 0.0508431
0 0.0682031 0.406604 0.0148125 0.05274
0 0.0799062 0.40623 0.01275 0.0531148
0 0.116102 0.436019 0.0511094 0.210211
0 0.222898 0.416639 0.0540469 0.193513
5 0.266203 0.336347 0.0991875 0.299672
5 0.124602 0.34877 0.0479219 0.0671897
5 0.196281 0.32308 0.0334375 0.107892
5 0.158508 0.344368 0.0362031 0.0650351
0 0.51732 0.53404 0.0711094 0.452951
