0 0.211383 0.64189 0.284828 0.691432
0 0.359805 0.686937 0.137922 0.617113
0 0.476414 0.606749 0.204922 0.588756
0 0.207313 0.855739 0.217375 0.272512
0 0.746578 0.850223 0.242875 0.279272
56 0.586531 0.917101 0.153094 0.165798
56 0.925555 0.800869 0.0793906 0.0687324
58 0.42143 0.61331 0.131797 0.485822
65 0.239117 0.467359 0.0292656 0.02777
65 0.503039 0.503533 0.0566094 0.0499765
39 0.92057 0.973592 0.0301719 0.0528169
56 0.942008 0.846526 0.115984 0.124085
56 0.316695 0.859765 0.0373906 0.150845
60 0.791586 0.9525 0.416828 0.095
41 0.980695 0.905657 0.0382344 0.0957746
41 0.816461 0.876573 0.0382969 0.0648357
