0 0.34052 0.319773 0.29428 0.639013
0 0.71065 0.333827 0.4419 0.6676
65 0.25506 0.880627 0.16892 0.209467
39 0.14697 0.20268 0.02362 0.0741067
39 0.16966 0.200973 0.02152 0.0758667
40 0.82979 0.158947 0.0451 0.112133
41 0.74748 0.30628 0.12948 0.309413
42 0.57726 0.757627 0.16568 0.145173
43 0.60908 0.678107 0.0922 0.0708267
45 0.93923 0.23736 0.05566 0.03792
45 0.90169 0.228093 0.03294 0.0408267
56 0.28356 0.503573 0.27516 0.277387
67 0.4118 0.6806 0.14608 0.0991733
39 0.15686 0.174027 0.01036 0.0383467
39 0.22739 0.203307 0.02378 0.0729067
39 0.2122 0.19248 0.01624 0.0945067
39 0.17202 0.1488 0.01588 0.03408
39 0.19362 0.197187 0.02928 0.08664
44 0.60696 0.678213 0.09216 0.07504
60 0.13831 0.807307 0.27662 0.37824
39 0.19558 0.142707 0.00912 0.02632
39 0.21838 0.14928 0.0122 0.0338667
60 0.58354 0.814347 0.83292 0.349013
