38 0.659734 0.540993 0.153031 0.141192
0 0.462117 0.595502 0.272016 0.719089
0 0.721727 0.439825 0.0665156 0.0950701
0 0.58807 0.465386 0.0875156 0.149229
0 0.777812 0.414603 0.0600313 0.104673
0 0.919367 0.442255 0.0687031 0.115631
0 0.148953 0.39465 0.0567813 0.141963
0 0.239344 0.311577 0.0575937 0.091472
0 0.297461 0.13472 0.0352344 0.0896262
0 0.142727 0.135421 0.0402969 0.0765888
0 0.930344 0.496671 0.072625 0.101659
0 0.191289 0.44222 0.0691719 0.105327
0 0.661109 0.31215 0.0335625 0.078271
0 0.223477 0.403843 0.0399219 0.076472
13 0.772102 0.385794 0.197578 0.0441121
13 0.600086 0.207231 0.0795156 0.0628271
13 0.200937 0.145467 0.0255312 0.014486
