8 0.826297 0.56623 0.0184687 0.0122248
8 0.576664 0.574157 0.0204219 0.0444731
8 0.251523 0.602283 0.0259219 0.048548
8 0.183914 0.615539 0.0167344 0.0319672
8 0.930445 0.55137 0.0346719 0.0176815
0 0.553055 0.636628 0.00767187 0.0174239
33 0.280336 0.339485 0.0475469 0.0920375
0 0.557148 0.62404 0.0138594 0.0199766
8 0.224328 0.613466 0.00965625 0.0274005
8 0.596219 0.588571 0.0144375 0.00627635
8 0.47443 0.595984 0.0103594 0.00676815
8 0.627664 0.571932 0.0126094 0.0307963
8 0.562422 0.5976 0.0271562 0.010281
8 0.429758 0.594262 0.0146094 0.0276815
