39 0.259734 0.804238 0.0522188 0.186889
39 0.345438 0.766441 0.0482187 0.119478
25 0.689703 0.267046 0.147687 0.087453
55 0.0795 0.751347 0.155594 0.0828184
0 0.255406 0.486921 0.172437 0.489165
0 0.911531 0.42642 0.0867813 0.177349
0 0.0403672 0.510115 0.0773594 0.382025
0 0.766133 0.599102 0.412984 0.781545
0 0.661687 0.489624 0.195281 0.419582
0 0.586422 0.591775 0.186656 0.76
0 0.508164 0.579635 0.142328 0.572714
0 0.178281 0.387641 0.0538125 0.123591
0 0.303664 0.356033 0.0485469 0.074405
0 0.152891 0.498987 0.0328437 0.0936326
0 0.111352 0.544739 0.0882656 0.257787
44 0.118938 0.857912 0.0535625 0.0312317
60 0.209391 0.826973 0.412063 0.323591
0 0.442164 0.565616 0.112234 0.538497
0 0.157211 0.632161 0.0858594 0.120188
1 0.363547 0.625887 0.0895625 0.106263
