33 0.10493 0.204887 0.0321406 0.0407992
33 0.275344 0.137275 0.0262812 0.0359836
33 0.620453 0.168186 0.0321562 0.0445287
33 0.0650625 0.262674 0.0206875 0.0553484
0 0.427516 0.355543 0.0141875 0.0242828
33 0.82057 0.266137 0.0348281 0.0773975
33 0.84707 0.686414 0.0178594 0.0546311
33 0.610039 0.765348 0.0212031 0.0559016
33 0.832469 0.173033 0.0370937 0.0722951
33 0.64368 0.194816 0.00551562 0.0126639
33 0.310516 0.721281 0.0075 0.018873
0 0.649711 0.3721 0.0123281 0.0429303
33 0.243023 0.644457 0.0157031 0.0582582
33 0.646477 0.700973 0.0272969 0.0357992
0 0.414078 0.362879 0.0120938 0.0252664
33 0.259906 0.0825102 0.0282813 0.061332
