58 0.32681 0.505093 0.0983 0.24064
56 0.36977 0.42588 0.08146 0.137787
0 0.37652 0.3674 0.07048 0.20056
41 0.42338 0.66856 0.04168 0.05024
66 0.54027 0.722013 0.21446 0.0893067
73 0.79391 0.71464 0.12114 0.0579733
73 0.81841 0.627107 0.11978 0.07752
73 0.79048 0.61208 0.0852 0.05472
73 0.24292 0.692493 0.10116 0.0661067
56 0.71318 0.452493 0.10544 0.18984
56 0.27818 0.436973 0.07568 0.114053
62 0.48437 0.47136 0.14454 0.195307
62 0.22363 0.3882 0.10546 0.130213
62 0.4787 0.32048 0.05156 0.0789867
62 0.14344 0.38416 0.06348 0.131413
62 0.70541 0.299987 0.0565 0.0730933
62 0.63828 0.481733 0.16168 0.21632
62 0.75962 0.30416 0.06324 0.0758933
62 0.42448 0.315827 0.05684 0.07432
62 0.51508 0.284133 0.0502 0.06272
67 0.806 0.831987 0.03852 0.0559733
41 0.22938 0.51912 0.0216 0.0546667
58 0.55548 0.262573 0.03988 0.1452
64 0.68163 0.76468 0.04002 0.0508
