2 0.0913125 0.441932 0.136187 0.156184
2 0.902039 0.575266 0.195922 0.290338
5 0.0763203 0.331461 0.149734 0.25843
0 0.831953 0.37163 0.0156875 0.0429227
0 0.871586 0.401377 0.0155781 0.0812077
0 0.766375 0.39686 0.023875 0.0956522
0 0.745227 0.397452 0.0171406 0.0916667
0 0.967523 0.385362 0.0217656 0.0911111
0 0.945578 0.392029 0.0479375 0.0923188
0 0.833703 0.416039 0.0107188 0.0500966
7 0.506141 0.496039 0.778375 0.64256
9 0.596133 0.233816 0.0267656 0.0729469
9 0.620289 0.25314 0.0159219 0.0537681
9 0.774266 0.230894 0.0186562 0.0758937
9 0.0547422 0.27128 0.0340156 0.0792271
0 0.855312 0.399432 0.0261875 0.0841787
0 0.225687 0.438019 0.016625 0.0209179
0 0.822953 0.399541 0.0140625 0.0929952
0 0.843609 0.405036 0.009875 0.0935507
9 0.167094 0.275447 0.0364688 0.076401
0 0.167063 0.384541 0.0222188 0.0528502
3 0.126914 0.483659 0.0419844 0.109106
9 0.421148 0.238659 0.0182656 0.0317633
0 0.984305 0.395966 0.0162344 0.043285
