39 0.362938 0.617869 0.024375 0.103372
39 0.342984 0.584403 0.0175313 0.0303981
68 0.103453 0.324719 0.137937 0.213466
69 0.749469 0.784309 0.194469 0.431382
71 0.541016 0.683244 0.1385 0.0378689
41 0.445359 0.62082 0.0188125 0.0281967
41 0.324992 0.635749 0.0497344 0.100211
72 0.0247422 0.634824 0.0494844 0.707869
39 0.310914 0.580984 0.0216719 0.0241218
41 0.638398 0.633911 0.0388594 0.0696956
41 0.41343 0.615749 0.0162344 0.0344028
41 0.81375 0.63897 0.0225625 0.0274941
45 0.0880547 0.712506 0.0817031 0.0585948
