0 0.55781 0.699925 0.09358 0.425479
0 0.20834 0.602111 0.05468 0.197814
0 0.3276 0.582246 0.01984 0.0859281
0 0.60623 0.603922 0.0059 0.0193413
0 0.6508 0.637919 0.03276 0.129731
0 0.72832 0.667934 0.04768 0.143593
0 0.87936 0.669192 0.02464 0.104551
36 0.0908 0.710584 0.02004 0.0255988
36 0.20532 0.681677 0.03068 0.0249701
36 0.70529 0.718009 0.02966 0.0423653
0 0.78146 0.655135 0.01508 0.0798503
0 0.03958 0.671602 0.07588 0.572844
36 0.52746 0.795329 0.02084 0.153234
36 0.96497 0.723024 0.01114 0.0230539
36 0.64739 0.697889 0.02462 0.0157186
36 0.27469 0.645434 0.03582 0.0118263
36 0.23914 0.632754 0.0182 0.0636527
0 0.30377 0.582799 0.01438 0.0726647
13 0.28693 0.755479 0.10822 0.131557
0 0.2428 0.607665 0.04044 0.12006
0 0.53232 0.606916 0.92776 0.25982
