79 0.194898 0.398286 0.0274531 0.0447418
79 0.197859 0.383498 0.0374063 0.0723944
39 0.0921172 0.461702 0.0267344 0.123685
39 0.611555 0.529589 0.0204844 0.0885211
39 0.709758 0.584401 0.0159844 0.0515728
61 0.891148 0.766291 0.217703 0.44493
71 0.153938 0.78743 0.258719 0.239319
39 0.595508 0.521303 0.0162344 0.0887089
39 0.691953 0.578615 0.0158125 0.0475117
39 0.723945 0.589613 0.0154844 0.0493192
39 0.738289 0.59365 0.0168281 0.0529812
41 0.222164 0.43892 0.0460156 0.0749296
79 0.22543 0.378451 0.0214844 0.0699061
