2 0.472742 0.105688 0.0296406 0.0419167
0 0.251406 0.15101 0.0189687 0.0589375
0 0.387227 0.14 0.0205781 0.0739167
53 0.353359 0.520302 0.706719 0.490812
53 0.69775 0.289896 0.249437 0.20225
53 0.450008 0.240958 0.242047 0.0999583
53 0.877813 0.219927 0.153344 0.0646875
0 0.432844 0.136781 0.018125 0.0673958
0 0.462469 0.12749 0.0116562 0.0550208
0 0.543164 0.126188 0.0110781 0.059625
0 0.568977 0.131354 0.00992188 0.0317917
2 0.256336 0.112156 0.0439531 0.0331875
2 0.438555 0.113562 0.0573594 0.0425833
2 0.605781 0.123219 0.0851875 0.0404375
2 0.792484 0.0933021 0.0378437 0.0212292
2 0.216461 0.126656 0.0648281 0.0450625
53 0.0304531 0.353646 0.0609062 0.124542
2 0.51757 0.101281 0.0311719 0.0420208
0 0.32818 0.149698 0.0184844 0.0511458
0 0.356242 0.139917 0.0253906 0.0684167
0 0.336953 0.128292 0.0269062 0.097375
0 0.285305 0.14075 0.0235156 0.063875
