32 0.164914 0.67493 0.0146719 0.0176347
32 0.752672 0.960738 0.0161563 0.0243794
0 0.690477 0.611487 0.202859 0.475246
0 0.751891 0.431967 0.080125 0.388431
0 0.703125 0.182319 0.116781 0.197049
0 0.209992 0.147283 0.107891 0.287775
0 0.480523 0.113489 0.0734531 0.213489
0 0.60175 0.178091 0.0924688 0.211405
0 0.636969 0.0670609 0.0796875 0.134122
38 0.55593 0.520738 0.0869531 0.035808
0 0.916125 0.134192 0.080125 0.268384
0 0.976102 0.093267 0.0477969 0.175808
0 0.14243 0.210117 0.0929531 0.177518
56 0.529734 0.232459 0.0613437 0.108571
56 0.55625 0.124848 0.0720625 0.0813583
56 0.218898 0.221347 0.101953 0.12808
56 0.0730781 0.0372482 0.0746563 0.0595082
56 0.52332 0.0258197 0.0588594 0.0387588
74 0.888687 0.54582 0.0758125 0.119227
0 0.0496016 0.192424 0.0988281 0.218431
56 0.108164 0.139356 0.0785469 0.0983372
56 0.100242 0.239438 0.0303281 0.108946
0 0.589867 0.0391335 0.0648906 0.0770492
0 0.0488359 0.109485 0.0976719 0.213677
