2 0.29894 0.762968 0.03592 0.0400421
2 0.23992 0.771705 0.10532 0.0634947
2 0.038 0.759421 0.06744 0.0503368
2 0.09789 0.7586 0.07882 0.0467579
9 0.63116 0.532968 0.01884 0.0565895
9 0.82447 0.657105 0.0161 0.0142105
9 0.48417 0.535705 0.01666 0.0185263
2 0.54118 0.745189 0.0144 0.00802105
9 0.49426 0.561674 0.01564 0.0342526
9 0.4749 0.562263 0.01444 0.0342947
2 0.35007 0.767832 0.08506 0.0665263
2 0.50929 0.7494 0.01918 0.0132842
2 0.39482 0.7504 0.0164 0.0240842
2 0.588 0.743684 0.01416 0.0104421
