56 0.408797 0.859083 0.260719 0.261792
56 0.620156 0.531188 0.166125 0.322583
0 0.526367 0.391917 0.175172 0.337875
59 0.856781 0.46401 0.206844 0.313896
67 0.167547 0.882458 0.0359688 0.03625
45 0.402023 0.50675 0.0844531 0.0427917
63 0.40018 0.404083 0.170141 0.160083
63 0.289047 0.526969 0.116281 0.155063
64 0.462523 0.430021 0.0300156 0.01225
64 0.378469 0.581542 0.0348125 0.0332083
73 0.523383 0.188812 0.0935469 0.02175
73 0.529578 0.151354 0.0689687 0.017125
66 0.4075 0.454292 0.0963125 0.0412917
73 0.501938 0.61751 0.113312 0.0780208
73 0.515297 0.211802 0.103188 0.0281042
73 0.5245 0.176937 0.062625 0.0159583
