1 0.606789 0.647439 0.327859 0.232202
5 0.0268047 0.335881 0.0536094 0.145334
9 0.560359 0.244429 0.0317188 0.0856933
9 0.145703 0.278548 0.0240625 0.0404568
24 0.665414 0.478189 0.127516 0.14124
24 0.172313 0.413124 0.022375 0.0386134
0 0.614859 0.573768 0.1405 0.445383
0 0.112359 0.413613 0.0365313 0.120408
0 0.149789 0.428018 0.0350156 0.145889
0 0.181961 0.378254 0.0293594 0.0698206
0 0.116734 0.351591 0.023375 0.0404731
0 0.879102 0.44279 0.0318906 0.0979445
0 0.104531 0.345041 0.0155937 0.0325612
9 0.14125 0.218083 0.03875 0.0728059
62 0.546063 0.405 0.0368437 0.0296085
0 0.0857109 0.350767 0.0112656 0.0622512
0 0.559508 0.431468 0.0228281 0.0824796
9 0.59875 0.306705 0.0269375 0.0479282
26 0.11168 0.438752 0.0363281 0.035677
0 0.0625625 0.348899 0.0103125 0.0262153
26 0.173742 0.368711 0.0128281 0.0139641
