25 0.180187 0.450188 0.299766 0.689875
25 0.450316 0.217711 0.672108 0.195078
25 0.814415 0.128547 0.371171 0.111906
25 0.0661475 0.16043 0.126066 0.0997344
27 0.535094 0.485313 0.101616 0.224719
0 0.136101 0.612109 0.272201 0.753375
0 0.532471 0.572766 0.46541 0.827375
0 0.813407 0.53932 0.279555 0.660672
0 0.951874 0.440437 0.0962529 0.337969
25 0.0691452 0.232594 0.13829 0.0529063
0 0.64123 0.260141 0.0919204 0.127062
0 0.887787 0.316703 0.0730913 0.187344
25 0.379157 0.286562 0.157283 0.10925
0 0.681616 0.249227 0.0399063 0.0621406
25 0.194157 0.273188 0.0621311 0.0595938
0 0.825386 0.271547 0.165199 0.214969
