62 0.14798 0.0713067 0.13452 0.142613
62 0.64308 0.06404 0.12088 0.123973
0 0.36241 0.32704 0.2651 0.36688
0 0.26207 0.702253 0.26798 0.361787
0 0.78769 0.749347 0.3121 0.501307
0 0.91467 0.326427 0.16586 0.350133
44 0.32215 0.277773 0.08482 0.0612
44 0.44796 0.76548 0.5568 0.11416
45 0.69008 0.884493 0.10508 0.124133
45 0.29237 0.3104 0.0695 0.0798933
45 0.20831 0.826013 0.08198 0.08344
45 0.86172 0.361867 0.03 0.0550933
59 0.75127 0.371693 0.49746 0.259813
59 0.75082 0.76404 0.49836 0.469627
59 0.25638 0.38264 0.51276 0.27296
59 0.3224 0.320773 0.07988 0.0961067
59 0.24806 0.807613 0.49612 0.384773
