0 0.889067 0.429117 0.0349667 0.0804
0 0.778042 0.437008 0.0359833 0.0873833
0 0.818167 0.437658 0.0407333 0.0955167
0 0.858867 0.442683 0.038 0.0940333
36 0.2249 0.890317 0.3323 0.161567
36 0.435675 0.570617 0.08615 0.0746333
36 0.661717 0.501483 0.0349667 0.0486333
0 0.31485 0.465792 0.5623 0.88795
0 0.522967 0.463992 0.121733 0.30565
0 0.9169 0.542183 0.127067 0.4773
0 0.6866 0.46935 0.0786333 0.114033
0 0.665483 0.401483 0.0366 0.111067
24 0.706592 0.819058 0.23915 0.132683
0 0.349617 0.3977 0.0317333 0.110533
