3 0.503008 0.486951 0.993984 0.943808
0 0.311828 0.196624 0.320094 0.393248
0 0.893508 0.118329 0.0592969 0.233294
0 0.518797 0.0821963 0.052125 0.161355
0 0.469328 0.0807477 0.0396562 0.161495
0 0.926305 0.138505 0.0813281 0.261262
0 0.532375 0.0367407 0.0252188 0.0718925
0 0.391133 0.122313 0.161609 0.243131
0 0.980758 0.126157 0.0384844 0.252313
0 0.81793 0.0913668 0.0401094 0.182734
3 0.045125 0.366402 0.09025 0.188598
3 0.0290391 0.158283 0.0580781 0.11979
24 0.0706797 0.0881542 0.0922344 0.173131
24 0.889594 0.0415888 0.0438125 0.0826636
0 0.0980938 0.173236 0.146781 0.346472
3 0.429797 0.249439 0.228187 0.168505
3 0.637367 0.152967 0.0650156 0.10014
0 0.586266 0.0448131 0.0810937 0.0875234
3 0.56057 0.138435 0.138891 0.18215
