18 0.539555 0.704659 0.0553281 0.0734588
18 0.466492 0.696918 0.0580469 0.0626824
18 0.379492 0.675024 0.0404219 0.0576235
18 0.29893 0.675129 0.0246094 0.0561882
18 0.214844 0.597153 0.0201875 0.0214588
18 0.620602 0.710153 0.0518281 0.0837412
18 0.506898 0.706318 0.0401094 0.0850118
18 0.922945 0.633647 0.0318906 0.0387765
18 0.138727 0.608412 0.0242344 0.0245412
18 0.271398 0.591576 0.0131094 0.0144
18 0.26125 0.592047 0.0136562 0.0167059
18 0.462125 0.616847 0.0297187 0.0251765
18 0.0443516 0.587153 0.00717187 0.0159529
