51 0.580969 0.295813 0.422938 0.132
42 0.866289 0.0640417 0.266297 0.0696667
51 0.756578 0.138135 0.130906 0.0746875
60 0.499672 0.49351 0.999344 0.987021
44 0.858672 0.261719 0.282656 0.0723542
51 0.815258 0.497406 0.111047 0.111687
51 0.47743 0.208104 0.0549219 0.151708
51 0.878766 0.164615 0.118344 0.0635625
51 0.456797 0.124333 0.0994687 0.085
51 0.543617 0.0816354 0.0930156 0.0486458
51 0.804398 0.213771 0.195734 0.0554583
51 0.639727 0.0307708 0.105109 0.0615417
51 0.729563 0.486365 0.275125 0.155937
51 0.627531 0.43949 0.194906 0.0728542
53 0.501617 0.4065 0.648703 0.729875
