1 0.719242 0.431612 0.0899844 0.0900935
2 0.507688 0.429871 0.194281 0.114136
2 0.416031 0.437079 0.156281 0.10285
2 0.0858984 0.434661 0.165984 0.0803505
2 0.339297 0.437068 0.166094 0.0963785
0 0.607469 0.515 0.0863437 0.330607
0 0.188742 0.543902 0.0948594 0.32514
0 0.882414 0.474463 0.0880469 0.321869
9 0.425375 0.151636 0.056875 0.19028
24 0.188094 0.478026 0.0460625 0.0945093
9 0.357297 0.155502 0.04775 0.181939
9 0.881453 0.155829 0.0407813 0.127266
28 0.106086 0.619264 0.0670156 0.119276
28 0.585187 0.593072 0.0785 0.121285
2 0.231836 0.429136 0.158328 0.0780374
2 0.0640625 0.415421 0.12775 0.0828505
