0 0.449927 0.726719 0.756354 0.520188
0 0.142063 0.65075 0.156833 0.339969
0 0.113302 0.551945 0.119896 0.195203
47 0.645583 0.853539 0.199542 0.137516
0 0.0738437 0.448148 0.0576875 0.107203
46 0.774281 0.601617 0.145271 0.218578
46 0.525844 0.291578 0.122854 0.226969
46 0.412469 0.33007 0.0508958 0.147547
46 0.375365 0.142727 0.0993125 0.117984
46 0.889385 0.576125 0.140521 0.233188
46 0.902406 0.365984 0.195187 0.25225
46 0.489 0.546547 0.121083 0.160094
46 0.695135 0.302242 0.107854 0.235953
46 0.723729 0.641891 0.384375 0.371625
46 0.60674 0.323227 0.116854 0.265172
46 0.312406 0.362711 0.0650208 0.0996094
46 0.780781 0.32432 0.120104 0.290547
46 0.427813 0.146914 0.0878333 0.0706719
