24 0.730086 0.398102 0.0335156 0.0854881
24 0.0368047 0.527354 0.0725156 0.130369
26 0.959953 0.404599 0.0268125 0.0688937
28 0.854828 0.532451 0.102188 0.0966594
28 0.586953 0.633275 0.107969 0.17115
28 0.85143 0.603818 0.163641 0.130889
28 0.852078 0.688514 0.135344 0.101627
0 0.15768 0.626833 0.195703 0.495315
0 0.0749453 0.594924 0.0943594 0.469197
0 0.287312 0.453937 0.111688 0.314599
0 0.617984 0.399696 0.127625 0.167419
0 0.406828 0.397592 0.0671563 0.21167
0 0.491852 0.403547 0.0773281 0.184447
0 0.594938 0.39526 0.0598437 0.181106
0 0.200711 0.397755 0.0841719 0.193254
0 0.357734 0.4618 0.06475 0.280911
26 0.862344 0.373568 0.0300625 0.0643601
28 0.0150937 0.751269 0.0290938 0.173991
28 0.775531 0.529013 0.08525 0.0988069
0 0.548773 0.382722 0.0529219 0.122451
24 0.612828 0.517234 0.099125 0.0774187
24 0.349789 0.630521 0.148797 0.0946204
24 0.405805 0.728102 0.0799531 0.0995445
24 0.906398 0.46897 0.0932031 0.108265
24 0.834687 0.424252 0.0473438 0.0377007
0 0.746945 0.452397 0.0685781 0.306052
28 0.300703 0.702397 0.136563 0.122842
62 0.968727 0.285228 0.0278281 0.0324512
0 0.44325 0.405868 0.0397188 0.194555
0 0.866453 0.392007 0.0889375 0.181497
