0 0.508533 0.507469 0.131667 0.170594
0 0.234765 0.563813 0.0518779 0.100531
0 0.184155 0.582359 0.0459155 0.076
0 0.151197 0.573375 0.0285915 0.0447188
0 0.438462 0.555258 0.0301174 0.0455156
0 0.418404 0.558211 0.0299531 0.0459219
0 0.386279 0.564883 0.0215258 0.0277969
36 0.505587 0.597133 0.0749765 0.0183594
0 0.0907042 0.60043 0.040939 0.0404531
0 0.107207 0.57493 0.0296714 0.0430469
0 0.210974 0.568453 0.020493 0.0404375
0 0.277523 0.57332 0.0147183 0.0213594
0 0.299824 0.56875 0.0115258 0.0218438
13 0.543369 0.631156 0.441385 0.062
0 0.0800469 0.571484 0.025446 0.02275
