0 0.473922 0.542664 0.365656 0.749319
0 0.706758 0.517981 0.375453 0.761784
0 0.944742 0.215246 0.110516 0.421526
0 0.649586 0.229131 0.0941094 0.184977
0 0.146953 0.416303 0.162 0.30054
0 0.115578 0.434425 0.231156 0.334718
0 0.0546953 0.292136 0.102859 0.25169
29 0.191539 0.474178 0.105984 0.0475587
0 0.0455547 0.422289 0.0892031 0.262136
39 0.0571328 0.668756 0.0408906 0.0930516
39 0.732555 0.534824 0.0273906 0.0525117
0 0.279711 0.385399 0.212391 0.770798
0 0.19332 0.106444 0.101172 0.21162
26 0.0832109 0.616831 0.137516 0.171784
0 0.444148 0.106655 0.173266 0.21331
0 0.601859 0.203298 0.087375 0.222277
0 0.0597656 0.126937 0.119531 0.253873
