17 0.764523 0.648486 0.470953 0.680352
17 0.422867 0.457418 0.121797 0.157183
2 0.273875 0.432171 0.155125 0.0893192
2 0.179445 0.427441 0.0934219 0.0782629
0 0.786305 0.669484 0.257828 0.656854
0 0.28857 0.366408 0.0116094 0.0391549
0 0.337547 0.39088 0.0226875 0.0360329
0 0.123641 0.345176 0.0145313 0.036831
0 0.078375 0.355552 0.00846875 0.0469249
0 0.384953 0.356667 0.010625 0.0288732
0 0.373547 0.356092 0.00746875 0.0197887
7 0.0920156 0.502101 0.184031 0.220258
17 0.0987031 0.3773 0.108219 0.0442254
0 0.417281 0.414847 0.0286875 0.106408
