2 0.862859 0.651509 0.0463438 0.0504245
5 0.446141 0.561934 0.561031 0.851368
0 0.0784766 0.625377 0.00979688 0.0436321
0 0.348711 0.561297 0.0279219 0.0586792
0 0.37918 0.563785 0.0386406 0.0688915
0 0.418328 0.5627 0.0340312 0.0638443
0 0.478648 0.565024 0.0563281 0.0807075
0 0.125859 0.616863 0.0183437 0.0451415
0 0.104836 0.614304 0.00967187 0.0357311
0 0.00802344 0.646167 0.0160469 0.109363
0 0.975281 0.61579 0.02475 0.0348349
0 0.802437 0.620142 0.0163125 0.0299057
1 0.0623906 0.684481 0.041125 0.067783
2 0.876844 0.618196 0.0296563 0.0350236
9 0.723125 0.525684 0.0181562 0.0364151
0 0.77925 0.624033 0.012375 0.025283
0 0.0123203 0.649788 0.0143906 0.0975943
1 0.503187 0.5773 0.0799688 0.0623349
1 0.147063 0.690837 0.013875 0.0405425
7 0.935391 0.734068 0.129219 0.292807
0 0.913844 0.612158 0.0107813 0.0185142
1 0.109555 0.681722 0.0287656 0.0740094
7 0.831477 0.61 0.0374219 0.0362264
7 0.742539 0.593125 0.0627656 0.0928538
