39 0.507797 0.282881 0.0294687 0.1363
39 0.539344 0.262459 0.0353125 0.183279
39 0.56107 0.242237 0.0272031 0.13178
48 0.473328 0.555632 0.0499375 0.0544496
48 0.405867 0.587611 0.0645781 0.056815
48 0.441391 0.572494 0.0440938 0.0584778
48 0.59343 0.656148 0.113547 0.10466
48 0.563125 0.565504 0.053875 0.0771897
48 0.601258 0.547447 0.0426094 0.0798595
41 0.588852 0.331171 0.0257344 0.0686651
44 0.901492 0.842108 0.197016 0.0533489
44 0.963016 0.745867 0.0739687 0.00775176
44 0.241352 0.491475 0.0752344 0.0377518
45 0.877344 0.850117 0.245312 0.222342
45 0.738648 0.729227 0.104984 0.110164
45 0.817578 0.629403 0.0680313 0.0615222
45 0.952039 0.648337 0.0933281 0.102717
45 0.785531 0.673794 0.0963125 0.102717
39 0.506508 0.226932 0.0237344 0.0906323
41 0.604477 0.326019 0.0226406 0.0666511
41 0.982375 0.364801 0.0339062 0.122951
43 0.49775 0.660398 0.046 0.100984
45 0.917852 0.747646 0.164297 0.166347
48 0.391883 0.613923 0.0520781 0.0430211
48 0.38382 0.587237 0.0357969 0.036815
48 0.602133 0.644965 0.0528281 0.0566276
45 0.690469 0.785328 0.0910938 0.104848
54 0.862789 0.398232 0.0646406 0.0449883
