36 0.587945 0.877319 0.0377969 0.161616
36 0.277164 0.814239 0.0627969 0.050445
24 0.57843 0.727916 0.0241094 0.096815
24 0.327688 0.566112 0.0714687 0.114145
24 0.278156 0.754169 0.0478438 0.104215
0 0.327078 0.672763 0.118844 0.449227
0 0.189664 0.371909 0.232391 0.438197
0 0.388484 0.618794 0.0514687 0.334543
0 0.445859 0.597002 0.065875 0.307166
0 0.620281 0.791148 0.0809375 0.390679
0 0.60643 0.549028 0.0259219 0.152061
0 0.698289 0.540831 0.0215156 0.115293
0 0.8165 0.544145 0.0317812 0.133349
0 0.359391 0.502482 0.0165 0.0406089
0 0.770094 0.544578 0.0350937 0.131077
0 0.268266 0.61829 0.0609688 0.2326
2 0.601461 0.527974 0.0973281 0.0617096
36 0.171984 0.575738 0.213687 0.104075
36 0.96582 0.649215 0.0113594 0.0594145
36 0.760938 0.57377 0.0138125 0.047822
0 0.237516 0.622037 0.0851875 0.329368
0 0.199297 0.659742 0.114375 0.358454
36 0.981273 0.593946 0.0162969 0.0341686
36 0.423672 0.567237 0.0392813 0.0946604
