32 0.267898 0.423598 0.0834219 0.0876515
67 0.196398 0.294678 0.0146094 0.0595455
36 0.680227 0.87518 0.135016 0.0903977
24 0.679602 0.159801 0.0912031 0.0903598
26 0.350484 0.382443 0.141125 0.351212
26 0.908516 0.219678 0.0964688 0.169015
0 0.694789 0.526269 0.339578 0.787879
0 0.601906 0.161619 0.0782812 0.180966
0 0.638898 0.170862 0.146641 0.23108
0 0.803922 0.278693 0.0833125 0.476326
0 0.913117 0.286278 0.159422 0.479186
0 0.109383 0.428087 0.218766 0.770795
0 0.849352 0.176544 0.0584844 0.200663
0 0.329461 0.456894 0.248172 0.740909
0 0.972484 0.166345 0.038625 0.144015
0 0.575039 0.111316 0.0528281 0.135587
24 0.488984 0.186676 0.0904062 0.114943
0 0.489359 0.333267 0.199344 0.572557
0 0.891406 0.123864 0.0382813 0.0662879
0 0.756992 0.283788 0.0931719 0.428068
67 0.196555 0.299186 0.0148281 0.0216667
