25 0.699273 0.185399 0.438266 0.330329
2 0.492117 0.503369 0.969266 0.889883
2 0.0742109 0.242113 0.142422 0.153146
0 0.789875 0.327312 0.0844375 0.143592
0 0.179492 0.201127 0.0478594 0.298873
0 0.21868 0.211784 0.0377656 0.230845
0 0.263898 0.218756 0.0409219 0.209859
0 0.402367 0.228533 0.0269219 0.161808
0 0.440305 0.208286 0.0295469 0.0713615
0 0.281016 0.165599 0.0209688 0.115563
0 0.427336 0.206725 0.0193281 0.0737793
2 0.244625 0.238052 0.233531 0.143005
0 0.325484 0.214648 0.0225938 0.228592
2 0.922219 0.37277 0.0796562 0.202066
0 0.371727 0.208451 0.0157656 0.018169
25 0.930125 0.132887 0.0819688 0.0561972
0 0.587141 0.282488 0.07675 0.113052
0 0.303984 0.206631 0.0476562 0.239883
0 0.474563 0.188908 0.0245938 0.055
2 0.390414 0.257371 0.111484 0.0787324
