17 0.539523 0.455773 0.341734 0.288735
25 0.15618 0.312014 0.0664531 0.0444965
25 0.0638281 0.334297 0.0675625 0.0660187
25 0.360375 0.321393 0.073625 0.0393677
25 0.370492 0.351382 0.0385156 0.0406557
25 0.655656 0.303899 0.0719687 0.0306089
25 0.817078 0.330761 0.06975 0.0444731
25 0.219117 0.309883 0.0639531 0.0371897
25 0.278992 0.326171 0.0462969 0.0221311
0 0.471648 0.345386 0.0843906 0.269602
0 0.210492 0.374801 0.0272344 0.104262
0 0.237125 0.380386 0.024875 0.103302
0 0.0686016 0.378806 0.0332031 0.0967681
0 0.258422 0.383044 0.0292812 0.101311
0 0.315008 0.383361 0.0271719 0.0908431
0 0.29193 0.38452 0.0247656 0.105621
0 0.339016 0.38904 0.0345312 0.0873068
0 0.274992 0.3887 0.0244531 0.0888759
0 0.367492 0.382939 0.0305469 0.0872365
25 0.111867 0.326206 0.0539844 0.0318501
25 0.920914 0.333817 0.0501719 0.0205152
25 0.740164 0.328536 0.0496094 0.0214286
0 0.809273 0.399368 0.0323594 0.140375
0 0.856047 0.389649 0.0340937 0.0960187
25 0.528672 0.315855 0.04675 0.0271194
0 0.988992 0.426522 0.0220156 0.0924824
