2 0.273344 0.23885 0.245594 0.156291
2 0.266492 0.339249 0.226578 0.217136
24 0.491758 0.28946 0.0791094 0.165915
24 0.638016 0.523768 0.129844 0.217488
26 0.19432 0.563498 0.203391 0.388498
28 0.583359 0.837887 0.144969 0.319531
28 0.421391 0.664049 0.0970312 0.225282
0 0.141352 0.574155 0.282703 0.85169
0 0.631219 0.605622 0.158562 0.559554
0 0.285313 0.608357 0.0979063 0.401643
0 0.302078 0.356984 0.115437 0.396408
0 0.399984 0.376174 0.0720937 0.339296
0 0.601 0.267347 0.0465313 0.16493
0 0.540203 0.310998 0.065 0.288005
0 0.492203 0.432969 0.154656 0.602559
0 0.666109 0.26257 0.0498437 0.267019
0 0.566531 0.2848 0.0379375 0.198474
2 0.367336 0.225047 0.105578 0.0737559
28 0.297664 0.835951 0.113672 0.30561
0 0.547836 0.196432 0.0197969 0.0565728
7 0.0219609 0.181455 0.0439219 0.0502347
7 0.352992 0.178509 0.227484 0.0865023
0 0.582195 0.211608 0.0239531 0.102934
3 0.12682 0.342582 0.253641 0.170282
