58 0.973617 0.483031 0.0437344 0.0863958
58 0.935531 0.45501 0.0705 0.152354
72 0.163484 0.582583 0.209 0.773042
70 0.389734 0.514917 0.06775 0.0529167
40 0.472586 0.372208 0.0237344 0.0425
40 0.491641 0.369208 0.017875 0.0495
40 0.503867 0.368781 0.0187031 0.0527292
40 0.381117 0.268437 0.446734 0.245875
40 0.568711 0.378865 0.00839063 0.0646875
40 0.582984 0.374021 0.011875 0.0413333
40 0.54568 0.374385 0.0229531 0.0535625
40 0.526539 0.30575 0.0111719 0.022875
40 0.57507 0.376396 0.00801563 0.0415833
40 0.558992 0.380667 0.0126406 0.0603333
68 0.851609 0.39199 0.0745625 0.0750208
69 0.852695 0.477646 0.100859 0.291542
40 0.488836 0.302208 0.0177969 0.02825
40 0.578508 0.314323 0.0100781 0.0171458
71 0.958625 0.546479 0.08275 0.0460417
40 0.517906 0.303958 0.008125 0.0245833
41 0.607336 0.313896 0.0166719 0.021875
41 0.581852 0.312979 0.0215156 0.0217917
75 0.802172 0.218333 0.00990625 0.0484583
