2 0.154742 0.55497 0.0981719 0.126353
2 0.897391 0.492006 0.13475 0.0840729
2 0.966406 0.492204 0.0590938 0.0787538
2 0.0148672 0.478267 0.0200156 0.0201824
5 0.307266 0.439103 0.166063 0.188845
0 0.292797 0.510699 0.0245 0.0851672
5 0.472805 0.442401 0.113453 0.146322
9 0.725641 0.355942 0.04775 0.0994225
9 0.843672 0.351277 0.0185312 0.0944073
0 0.658352 0.482736 0.00860937 0.0567173
2 0.0256328 0.478556 0.0115469 0.0203343
2 0.980461 0.486581 0.0390781 0.0723708
5 0.203594 0.450213 0.0485938 0.115927
13 0.744344 0.532447 0.057125 0.0515198
28 0.276234 0.541413 0.0140937 0.0238602
0 0.0787266 0.472432 0.00554687 0.0186626
2 0.083125 0.508404 0.0454688 0.0611246
5 0.166234 0.462006 0.0295625 0.0598176
5 0.775508 0.464954 0.0354531 0.105167
13 0.757852 0.52924 0.0545469 0.0110638
