32 0.63742 0.518493 0.01092 0.0118133
32 0.08473 0.534267 0.0099 0.00981333
0 0.88789 0.476147 0.0495 0.21736
0 0.32517 0.519133 0.03546 0.171173
0 0.66285 0.459387 0.02458 0.138133
0 0.91559 0.453493 0.02922 0.134987
38 0.34496 0.445533 0.03056 0.0593333
0 0.6872 0.471933 0.04016 0.197893
0 0.97215 0.467 0.03934 0.147493
32 0.62302 0.518693 0.01352 0.0187733
32 0.23795 0.504173 0.00554 0.00690667
32 0.62152 0.53156 0.00784 0.00834667
32 0.60262 0.479613 0.00992 0.00941333
32 0.61339 0.482587 0.0061 0.00784
32 0.6125 0.498987 0.00524 0.00666667
