2 0.0706543 0.636758 0.141309 0.135891
2 0.134941 0.595602 0.0379297 0.0615156
2 0.783057 0.60182 0.0508398 0.0340156
2 0.813721 0.595477 0.0174805 0.0188906
5 0.439736 0.513461 0.632012 0.580141
0 0.829932 0.720391 0.108184 0.231844
0 0.873623 0.702836 0.0518164 0.243422
0 0.81498 0.727141 0.0742969 0.240844
0 0.273896 0.568711 0.0861133 0.0748281
9 0.0129297 0.460992 0.0249219 0.0865156
0 0.255732 0.356187 0.0842773 0.0669375
0 0.962324 0.60943 0.0151953 0.0282969
0 0.987021 0.621727 0.0189648 0.0966719
9 0.90248 0.435102 0.0668359 0.146453
