0 0.116719 0.442294 0.233438 0.725212
0 0.574648 0.503374 0.178141 0.462918
0 0.672227 0.439265 0.132203 0.584499
0 0.846805 0.50363 0.306391 0.585033
0 0.46243 0.408018 0.136203 0.609488
0 0.296391 0.399031 0.192344 0.63147
41 0.250352 0.713898 0.0366719 0.0858352
42 0.412219 0.757851 0.0785 0.0275501
42 0.178539 0.834209 0.0570469 0.0393318
43 0.416437 0.80392 0.113719 0.0167929
43 0.544258 0.767283 0.0783281 0.0305568
43 0.178984 0.868241 0.0994063 0.0450334
44 0.411727 0.757751 0.0795469 0.0271269
53 0.670977 0.796514 0.162453 0.0899109
53 0.292344 0.854733 0.0964688 0.0704009
26 0.0715859 0.87755 0.111359 0.149666
26 0.43718 0.485356 0.0798594 0.241047
26 0.376938 0.565813 0.074 0.255679
26 0.621133 0.421715 0.0493594 0.114209
0 0.756062 0.195846 0.0325 0.0916036
26 0.0931563 0.350824 0.122531 0.18392
53 0.797875 0.973964 0.110156 0.0508241
53 0.894734 0.972227 0.102594 0.0555457
0 0.199094 0.32882 0.0874375 0.460935
0 0.545063 0.266069 0.0505313 0.0763252
0 0.591586 0.27549 0.0421406 0.0540535
25 0.227781 0.0246771 0.455562 0.0389755
25 0.410133 0.0644543 0.280891 0.0693096
53 0.470555 0.77696 0.0762656 0.0343653
60 0.307039 0.827216 0.614078 0.345568
25 0.515375 0.0419488 0.0931562 0.0775724
0 0.781742 0.409087 0.218672 0.693497
