57 0.155641 0.934406 0.308063 0.109687
0 0.683297 0.549583 0.633406 0.878917
0 0.476187 0.691552 0.306656 0.616896
65 0.349523 0.439094 0.0359531 0.0958958
73 0.318797 0.793521 0.0306875 0.00670833
65 0.404687 0.755292 0.106969 0.122542
65 0.432711 0.600667 0.0277031 0.02925
73 0.351547 0.818656 0.0325312 0.112937
73 0.316531 0.890719 0.0291563 0.0088125
73 0.315656 0.921792 0.0290312 0.01075
73 0.316859 0.911802 0.0308125 0.0101875
73 0.316547 0.938323 0.03025 0.00777083
73 0.348141 0.977635 0.0324688 0.0280625
73 0.319688 0.773979 0.0335625 0.0319583
73 0.348867 0.953167 0.0286719 0.00895833
