60 0.5 0.789008 1 0.409391
0 0.496329 0.397125 0.682024 0.50225
41 0.145082 0.741187 0.203388 0.189625
41 0.0708353 0.812172 0.141671 0.216844
43 0.799129 0.969234 0.180941 0.0615313
47 0.0765647 0.296422 0.0303059 0.0291563
47 0.214647 0.295586 0.0439765 0.0288281
47 0.266129 0.295852 0.0515059 0.0322656
47 0.315565 0.296469 0.0522118 0.033
56 0.176435 0.539078 0.0717412 0.170625
2 0.907871 0.277094 0.184259 0.14425
47 0.117529 0.298461 0.0428706 0.0274844
47 0.360471 0.29868 0.0237647 0.0315469
47 0.1648 0.295016 0.0434824 0.032625
47 0.4128 0.297578 0.0402353 0.023
