67 0.739367 0.943244 0.0928594 0.113513
0 0.863602 0.943443 0.173922 0.112365
73 0.519484 0.485843 0.0188125 0.0537471
73 0.403164 0.817026 0.0317344 0.123326
73 0.45957 0.489988 0.0190156 0.0533724
73 0.572734 0.803372 0.0839688 0.159532
28 0.363656 0.230656 0.331031 0.236206
73 0.599531 0.47603 0.009125 0.0547775
73 0.808016 0.770433 0.0351875 0.154403
73 0.552703 0.480749 0.0159063 0.0570492
73 0.693086 0.790878 0.0451406 0.13534
73 0.233547 0.97356 0.188125 0.0492272
73 0.835797 0.770808 0.0507812 0.166909
73 0.730469 0.783056 0.0305312 0.149953
73 0.644781 0.791932 0.0328125 0.146768
73 0.495969 0.804356 0.0169063 0.141124
