1 0.407086 0.951408 0.113703 0.0971831
2 0.0980547 0.936561 0.190391 0.105376
5 0.88068 0.758427 0.238641 0.438216
0 0.505812 0.898228 0.0576562 0.203545
0 0.405953 0.894542 0.0912813 0.209272
0 0.389813 0.860047 0.0334375 0.0996244
0 0.355594 0.908369 0.0474375 0.17993
0 0.746359 0.846197 0.0189062 0.103897
24 0.43157 0.849824 0.0372656 0.0536854
24 0.353672 0.878369 0.0325 0.0525117
0 0.657836 0.833392 0.0557344 0.0746244
0 0.755812 0.849589 0.00665625 0.0693192
26 0.343391 0.879178 0.0136875 0.0453991
