2 0.394953 0.245526 0.207281 0.170782
37 0.145664 0.576105 0.0361094 0.177062
0 0.0560859 0.451981 0.0872656 0.375283
0 0.182172 0.613922 0.131625 0.528275
0 0.371914 0.466739 0.0846719 0.390997
0 0.455258 0.704906 0.107672 0.554987
0 0.56282 0.610027 0.117641 0.400863
0 0.715375 0.514906 0.0879687 0.48372
0 0.631563 0.483437 0.106344 0.545849
0 0.539484 0.354798 0.093375 0.333315
0 0.767617 0.275984 0.102359 0.267978
0 0.599875 0.830337 0.17325 0.316846
0 0.683805 0.318733 0.0433281 0.102588
0 0.691531 0.249744 0.0716563 0.160566
1 0.941078 0.0862129 0.113844 0.117817
1 0.892898 0.366388 0.0422656 0.186307
7 0.178133 0.225364 0.169859 0.338706
37 0.0898594 0.409407 0.178719 0.152615
37 0.503422 0.930499 0.0872813 0.138248
2 0.719656 0.215876 0.344875 0.205283
2 0.968664 0.200189 0.0626719 0.0702426
7 0.0904688 0.21473 0.134344 0.259003
7 0.0203516 0.237763 0.0407031 0.318383
24 0.885617 0.204205 0.0402656 0.0776819
0 0.733484 0.187925 0.0255625 0.100216
11 0.41632 0.0402561 0.127984 0.0805121
2 0.324078 0.319946 0.174906 0.298329
