0 0.333594 0.744368 0.072125 0.3063
0 0.712273 0.716206 0.0631094 0.290539
0 0.66125 0.724953 0.0423437 0.263911
0 0.614852 0.72541 0.0609844 0.290211
0 0.564484 0.712365 0.0674687 0.314614
0 0.504094 0.72719 0.0619062 0.288571
0 0.449719 0.731756 0.0554687 0.283653
0 0.768281 0.727037 0.0642188 0.284098
0 0.395977 0.733817 0.0633281 0.294426
27 0.344312 0.685667 0.011625 0.0864637
27 0.402414 0.682002 0.00710937 0.0868618
27 0.454492 0.679625 0.00545313 0.0775176
27 0.57143 0.654297 0.0118906 0.0843794
27 0.616438 0.667752 0.0100625 0.0764403
27 0.509406 0.669145 0.0120313 0.0743091
27 0.759703 0.656944 0.00940625 0.072904
27 0.706578 0.654063 0.00603125 0.0819438
