49 0.273714 0.20841 0.0509714 0.0537333
49 0.941667 0.0634571 0.056019 0.0540762
49 0.201257 0.4156 0.0436571 0.0369143
49 0.314448 0.346829 0.0338476 0.0315238
49 0.321829 0.719029 0.0285333 0.0262095
49 0.472571 0.299143 0.0181714 0.0214476
49 0.520143 0.332895 0.0147238 0.0142857
49 0.398771 0.771838 0.0290095 0.0326667
49 0.581429 0.327667 0.0227429 0.0173143
49 0.939124 0.246105 0.0447619 0.0435619
49 0.449648 0.210486 0.0626476 0.0529714
49 0.133733 0.293743 0.0349714 0.0374667
49 0.40559 0.392295 0.0186095 0.0186095
