60 0.614805 0.648862 0.407391 0.0644201
0 0.898656 0.508074 0.202687 0.430503
0 0.361852 0.511236 0.200578 0.460678
46 0.726164 0.491969 0.0553281 0.0685777
46 0.681344 0.509267 0.01975 0.0402407
46 0.583664 0.505602 0.0398281 0.0302845
46 0.47218 0.481466 0.0335781 0.0571991
46 0.617078 0.527779 0.0294375 0.0145952
46 0.639734 0.53163 0.023125 0.0101751
46 0.20357 0.668643 0.0432656 0.0201313
46 0.329203 0.690547 0.060375 0.0303282
46 0.520883 0.749322 0.0544219 0.0554923
46 0.618773 0.773392 0.0436719 0.0492779
46 0.675508 0.776641 0.0798281 0.050744
46 0.73825 0.766652 0.07825 0.0738731
0 0.956852 0.368632 0.0862969 0.361422
0 0.0977891 0.631018 0.195578 0.737965
0 0.236992 0.452177 0.181422 0.435952
0 0.528852 0.385252 0.0849219 0.228053
0 0.724531 0.283359 0.0507187 0.0865864
0 0.107516 0.475536 0.0774688 0.281182
0 0.917188 0.29174 0.0329062 0.095733
46 0.475547 0.741805 0.0381563 0.0348578
0 0.678859 0.360886 0.218406 0.312101
