0 0.17732 0.683832 0.0127344 0.0454206
0 0.156289 0.688972 0.00998438 0.0431308
0 0.20443 0.689895 0.0122031 0.0341822
0 0.200234 0.649007 0.0095625 0.0268925
0 0.238609 0.648692 0.0128438 0.0305607
0 0.381953 0.684801 0.00759375 0.0167991
0 0.399906 0.694159 0.0122188 0.0215888
0 0.752211 0.629171 0.00635938 0.0323598
0 0.800219 0.632196 0.00796875 0.0314953
0 0.200758 0.694521 0.00589063 0.0194159
33 0.660125 0.103458 0.0332188 0.0341589
33 0.79993 0.474965 0.0294531 0.0477336
33 0.612203 0.473026 0.0397188 0.0590888
33 0.566695 0.509136 0.0226094 0.0178037
33 0.53068 0.5316 0.0432656 0.068528
33 0.415539 0.531706 0.0333281 0.0145794
33 0.265508 0.50215 0.0262969 0.0120561
33 0.497031 0.535619 0.0131875 0.0153037
33 0.682047 0.527126 0.0214375 0.0146729
33 0.549828 0.485549 0.0190312 0.0134346
33 0.570875 0.571729 0.0273125 0.0271495
0 0.166484 0.694287 0.00871875 0.0327804
0 0.318883 0.708283 0.0125156 0.0251168
0 0.325039 0.635234 0.0122031 0.0388785
33 0.548789 0.295467 0.0297031 0.0479907
