32 0.525391 0.287799 0.00715625 0.0102576
56 0.233781 0.21507 0.0415937 0.0908431
56 0.60168 0.236288 0.0417969 0.0676112
38 0.574453 0.530667 0.0394375 0.0526698
0 0.545891 0.54829 0.104781 0.186183
0 0.595016 0.210656 0.05975 0.160094
0 0.781406 0.067822 0.0410313 0.131803
0 0.307359 0.0569321 0.0569687 0.110117
0 0.544875 0.0638876 0.028 0.108431
0 0.5795 0.0666628 0.0360313 0.127799
0 0.247914 0.0621897 0.0352969 0.115527
0 0.840047 0.0667564 0.0535937 0.133513
56 0.677211 0.0585948 0.0281094 0.0592974
56 0.742156 0.0693326 0.0392813 0.0785714
56 0.709313 0.0586066 0.0301875 0.0598361
56 0.952578 0.0555152 0.03525 0.0570258
56 0.986977 0.0566628 0.0260469 0.0623653
56 0.812383 0.0598946 0.0315156 0.0655504
56 0.479508 0.0570375 0.0301094 0.0611475
56 0.446875 0.0553279 0.034 0.0601171
56 0.411438 0.0553747 0.0352813 0.0574941
0 0.212742 0.0630328 0.0346719 0.103489
0 0.515195 0.0641452 0.0386406 0.126838
0 0.678609 0.0251874 0.040875 0.0500468
