27 0.803617 0.555847 0.00670312 0.0768056
56 0.808969 0.618681 0.0159688 0.0550278
38 0.518258 0.721069 0.0693594 0.0541944
0 0.310633 0.333917 0.0314844 0.0822222
0 0.68475 0.523653 0.0418125 0.0855833
0 0.307898 0.299806 0.0439219 0.0587222
0 0.431641 0.371347 0.034125 0.0864722
0 0.511062 0.338514 0.0239063 0.0791944
0 0.538844 0.346139 0.0284063 0.0757222
0 0.52843 0.529361 0.0359531 0.0612222
0 0.604984 0.348528 0.039125 0.0691111
0 0.673133 0.338556 0.0356406 0.0685
0 0.706227 0.349153 0.0324531 0.0724722
0 0.487586 0.742917 0.102422 0.349222
0 0.604742 0.527986 0.0377031 0.0683611
