54 0.678641 0.583318 0.0684375 0.0804206
54 0.736453 0.544603 0.0699063 0.067757
54 0.750242 0.704404 0.0814219 0.0968925
54 0.592469 0.661752 0.0746563 0.0916355
54 0.26418 0.608586 0.0686719 0.0929206
54 0.285484 0.591636 0.06025 0.088785
54 0.326586 0.553376 0.0614219 0.0778271
54 0.515555 0.368925 0.0427031 0.0673832
54 0.421109 0.459369 0.05275 0.0810748
54 0.465992 0.418376 0.0478906 0.0729673
54 0.24282 0.631706 0.0697656 0.0816355
54 0.406836 0.474801 0.0554844 0.0744159
54 0.354305 0.517336 0.0645156 0.0745794
71 0.385484 0.125654 0.285875 0.158037
