0 0.197195 0.494389 0.391859 0.988778
0 0.328164 0.602833 0.226516 0.794333
0 0.639648 0.429167 0.119922 0.308167
0 0.0772812 0.135611 0.0166563 0.0331111
46 0.360258 0.862417 0.161547 0.267111
46 0.534008 0.963958 0.0788594 0.0679167
46 0.458437 0.705181 0.106281 0.177139
46 0.424781 0.510778 0.119781 0.1765
46 0.866695 0.935458 0.145422 0.129083
46 0.965141 0.933889 0.0697187 0.132222
46 0.770219 0.942681 0.1325 0.114639
46 0.663547 0.874472 0.108719 0.152389
46 0.568594 0.585111 0.0544375 0.0433889
46 0.699539 0.733764 0.0745781 0.0513611
46 0.494781 0.675764 0.052125 0.113861
46 0.535945 0.802153 0.108328 0.122306
46 0.428367 0.402014 0.0317344 0.0293611
0 0.286648 0.192583 0.0449219 0.0751667
0 0.386844 0.287556 0.133 0.235389
25 0.0490234 0.114056 0.0616094 0.0599444
0 0.0269766 0.168889 0.0271406 0.0808889
