0 0.936917 0.489273 0.034625 0.0380156
0 0.952552 0.41307 0.0130625 0.0229844
0 0.206854 0.444305 0.0251667 0.0372031
0 0.505771 0.601914 0.430833 0.796172
0 0.431458 0.414609 0.3955 0.40225
31 0.624938 0.553141 0.276333 0.31325
0 0.937188 0.489234 0.03175 0.0381563
0 0.0726771 0.370891 0.00585417 0.0152812
0 0.804458 0.444414 0.016375 0.0362344
0 0.942156 0.416031 0.0106042 0.0199063
0 0.0701979 0.449656 0.0228125 0.0265312
0 0.0911979 0.400742 0.0134375 0.0120469
0 0.156812 0.381086 0.00829167 0.0173906
0 0.210385 0.390547 0.0098125 0.0184687
30 0.513521 0.55582 0.482125 0.311266
