39 0.24739 0.346907 0.16102 0.364
39 0.42283 0.236653 0.1671 0.351013
54 0.64865 0.89864 0.09458 0.08784
54 0.29044 0.897467 0.09892 0.13072
54 0.39647 0.79568 0.11518 0.147307
54 0.51661 0.73832 0.12454 0.142347
54 0.74737 0.8596 0.11202 0.15776
54 0.51991 0.937107 0.11202 0.125787
54 0.54345 0.87332 0.10938 0.12776
54 0.41958 0.95116 0.09884 0.0723467
54 0.81347 0.917627 0.1239 0.16416
54 0.24211 0.9482 0.13074 0.1036
54 0.60853 0.81808 0.09302 0.1008
54 0.46899 0.856827 0.08138 0.126613
54 0.3314 0.883173 0.0864 0.144853
