56 0.816586 0.71276 0.122328 0.314729
56 0.733336 0.665729 0.0489844 0.283042
56 0.891562 0.676208 0.09075 0.311167
60 0.826305 0.629542 0.188609 0.0543333
72 0.556203 0.661292 0.276844 0.637583
43 0.433484 0.587938 0.0194375 0.02925
45 0.129602 0.576281 0.0584844 0.0618958
71 0.32118 0.719604 0.185109 0.0555
71 0.227398 0.749385 0.190703 0.0574375
26 0.905312 0.60851 0.0715313 0.0694375
41 0.459227 0.641167 0.0263906 0.0532917
41 0.158945 0.733083 0.0252344 0.0625
43 0.435664 0.593917 0.0191719 0.02725
43 0.444242 0.592208 0.0193281 0.0265
43 0.447734 0.602125 0.0165937 0.0177083
43 0.460789 0.602948 0.0114844 0.0207292
43 0.467562 0.604333 0.0133125 0.023875
43 0.466789 0.583906 0.0157656 0.0158542
43 0.452398 0.58874 0.0208906 0.0323958
75 0.13057 0.576135 0.0610156 0.0647292
43 0.46393 0.577323 0.0177344 0.0271042
43 0.460664 0.567156 0.0114844 0.0182708
60 0.834516 0.634469 0.21325 0.0976458
69 0.133867 0.916083 0.220453 0.167833
