62 0.274953 0.136417 0.0685313 0.0738642
56 0.0923438 0.747002 0.184688 0.478548
56 0.778867 0.737119 0.183266 0.431335
60 0.915383 0.557553 0.168203 0.122459
60 0.375477 0.419614 0.0910156 0.088267
60 0.569672 0.459239 0.0724375 0.0809133
60 0.457586 0.783653 0.518641 0.432693
60 0.407555 0.429274 0.0409531 0.0261827
56 0.629883 0.643138 0.125953 0.357892
56 0.486266 0.537459 0.0680625 0.189859
56 0.211516 0.580059 0.0971562 0.273185
53 0.894961 0.542998 0.0498281 0.0290398
63 0.478273 0.750562 0.188922 0.16178
64 0.390945 0.862354 0.0439531 0.0532787
26 0.678594 0.568618 0.0510312 0.132787
0 0.247078 0.388536 0.0549063 0.114309
0 0.156609 0.429578 0.065625 0.203279
39 0.614984 0.419988 0.0195312 0.0766979
41 0.98682 0.531335 0.0260156 0.0627166
41 0.766508 0.460023 0.0160781 0.0206557
53 0.872758 0.548419 0.0376094 0.0203981
56 0.944539 0.760679 0.110922 0.393255
56 0.0193359 0.48404 0.0386719 0.109485
56 0.686742 0.402705 0.0144531 0.0234895
0 0.323906 0.461452 0.1305 0.250867
0 0.937047 0.441569 0.125906 0.173021
0 0.661805 0.576768 0.134953 0.450539
0 0.513805 0.3737 0.0353594 0.0919438
0 0.826109 0.633712 0.194906 0.543817
0 0.850289 0.425059 0.0732031 0.167541
0 0.733086 0.272037 0.0983281 0.148759
0 0.527984 0.543208 0.126844 0.350632
0 0.196687 0.44459 0.068125 0.143232
0 0.549008 0.364344 0.0430156 0.10452
41 0.581625 0.44534 0.0133125 0.0511007
41 0.518344 0.408044 0.016375 0.0222248
41 0.546789 0.411698 0.0148281 0.0377752
56 0.444109 0.502553 0.05125 0.155878
56 0.717445 0.424672 0.0623906 0.0597424
0 0.765008 0.405492 0.0782969 0.157869
26 0.537844 0.565234 0.0672813 0.0337471
39 0.560203 0.397213 0.0160625 0.0609836
39 0.337297 0.399859 0.0163438 0.0507728
41 0.586891 0.417951 0.0151875 0.0230211
