39 0.436664 0.503189 0.0425156 0.198468
39 0.514852 0.523412 0.0326406 0.212061
39 0.559109 0.536643 0.056125 0.169331
39 0.440914 0.221797 0.0185781 0.113621
39 0.514898 0.226086 0.0176719 0.104318
39 0.869438 0.821783 0.0214688 0.122173
39 0.904086 0.810947 0.0189219 0.0625627
39 0.913672 0.613524 0.0233125 0.0498886
39 0.940094 0.626741 0.0227812 0.0433426
39 0.87943 0.433329 0.0219531 0.116407
39 0.948344 0.47851 0.0198125 0.0357382
39 0.88725 0.232618 0.0199063 0.107131
56 0.433625 0.864582 0.216812 0.270836
60 0.534328 0.629526 0.242062 0.146741
0 0.375852 0.601351 0.142766 0.695961
0 0.233414 0.530613 0.203297 0.916825
0 0.536992 0.418719 0.128578 0.280891
0 0.654844 0.531462 0.127312 0.77078
40 0.276375 0.379972 0.0314375 0.0739833
40 0.595711 0.56039 0.0307656 0.136825
40 0.579586 0.541741 0.0251094 0.121588
40 0.467602 0.560669 0.0236406 0.0872981
40 0.681523 0.512981 0.0298281 0.12624
26 0.836617 0.697493 0.0524844 0.197549
39 0.130406 0.497437 0.026125 0.181616
40 0.496 0.45922 0.0234375 0.10585
0 0.754781 0.615306 0.17425 0.765042
