8 0.427242 0.470781 0.241016 0.617979
0 0.544328 0.589031 0.064125 0.0939375
0 0.556227 0.669188 0.0853594 0.144917
0 0.653031 0.624906 0.0529375 0.121563
0 0.669828 0.563271 0.047375 0.123375
0 0.985109 0.604917 0.0297812 0.160542
0 0.825312 0.591187 0.0644375 0.138083
0 0.580156 0.590187 0.036 0.102125
0 0.905586 0.588073 0.0876094 0.105188
0 0.745164 0.629979 0.0762656 0.122958
24 0.564195 0.65875 0.0506406 0.072
24 0.758422 0.644844 0.0374688 0.0967292
0 0.805977 0.611323 0.0414219 0.104604
24 0.679984 0.554156 0.0208125 0.0504375
24 0.930172 0.608104 0.0345312 0.062875
59 0.887641 0.773479 0.224719 0.294375
0 0.595484 0.534312 0.0568438 0.097375
8 0.646344 0.496198 0.272844 0.510146
8 0.840141 0.517104 0.319719 0.365833
8 0.897789 0.289177 0.196578 0.103854
24 0.849367 0.600365 0.0217969 0.0853542
24 0.611875 0.560458 0.0241875 0.0649167
24 0.395414 0.55051 0.0149844 0.0437292
0 0.412297 0.558458 0.0424375 0.1705
