45 0.459266 0.4465 0.773594 0.764042
51 0.540148 0.45275 0.0318594 0.171708
60 0.503367 0.491448 0.993266 0.975271
47 0.461852 0.565302 0.698922 0.343312
51 0.51575 0.453521 0.0475313 0.1925
51 0.580117 0.718604 0.0746094 0.025125
51 0.448852 0.370604 0.0583594 0.153208
51 0.525375 0.456104 0.0414687 0.126417
51 0.497805 0.505729 0.0162656 0.0624583
51 0.501578 0.393969 0.243125 0.460229
42 0.789969 0.698781 0.412563 0.515813
47 0.189695 0.348792 0.0658906 0.109125
47 0.455492 0.294062 0.683547 0.417667
47 0.522539 0.598802 0.120391 0.0655625
