27 0.490758 0.600565 0.0309531 0.181318
27 0.236227 0.495212 0.0452656 0.115882
32 0.61407 0.869659 0.141766 0.215741
2 0.482648 0.2792 0.306172 0.171718
2 0.0856563 0.320929 0.171313 0.183082
0 0.470812 0.615729 0.291 0.737059
0 0.770016 0.533706 0.388 0.932588
0 0.77375 0.573776 0.210406 0.541576
73 0.243992 0.691012 0.159672 0.280894
0 0.740391 0.170235 0.029375 0.0672471
0 0.391641 0.414659 0.09075 0.146588
0 0.278125 0.886894 0.230781 0.226212
0 0.692758 0.879012 0.267266 0.241976
0 0.174625 0.537859 0.345969 0.730871
