12 0.382203 0.788372 0.0214062 0.0793208
12 0.730031 0.700726 0.00815625 0.0293208
0 0.709289 0.709215 0.0147969 0.0696721
0 0.722602 0.70308 0.0120781 0.0387119
0 0.189898 0.704016 0.0176094 0.0723888
2 0.752641 0.893255 0.470781 0.191007
2 0.505641 0.875867 0.217062 0.242974
2 0.489523 0.720785 0.0944531 0.0741686
2 0.585211 0.719098 0.0917344 0.0712178
2 0.446789 0.689473 0.0449844 0.0457377
2 0.40775 0.704028 0.057375 0.0535363
2 0.327258 0.667424 0.00914062 0.0410773
12 0.268703 0.723326 0.0271875 0.0325059
2 0.305492 0.744813 0.0893594 0.0925761
2 0.280281 0.713138 0.046875 0.0702576
2 0.381516 0.680141 0.0405625 0.0445902
2 0.267555 0.65726 0.0266094 0.0279625
2 0.292609 0.667787 0.0215938 0.0176815
12 0.950437 0.709297 0.00734375 0.021171
12 0.944266 0.708817 0.005625 0.0168852
13 0.967719 0.752845 0.0338125 0.0792272
0 0.152008 0.733419 0.0312969 0.0964871
