0 0.448109 0.593406 0.140094 0.561896
0 0.609938 0.59651 0.152125 0.587396
0 0.670492 0.438083 0.110047 0.297208
0 0.776141 0.601719 0.134031 0.584604
0 0.907938 0.555177 0.119938 0.576562
0 0.855328 0.530677 0.054875 0.493979
26 0.502938 0.609948 0.07175 0.154146
41 0.548625 0.879656 0.02275 0.0522708
41 0.524805 0.877479 0.0247969 0.0567917
0 0.461117 0.252031 0.0439844 0.0698125
0 0.508234 0.296719 0.0455 0.112937
0 0.0589922 0.612354 0.117984 0.640458
0 0.0269688 0.27774 0.0539375 0.144896
0 0.0717266 0.261969 0.0753906 0.139229
0 0.178766 0.556323 0.161812 0.528354
0 0.131078 0.318115 0.0726875 0.166479
