72 0.188766 0.576406 0.374156 0.824729
69 0.489492 0.686625 0.224797 0.447333
39 0.133836 0.0826354 0.0482656 0.165271
39 0.235602 0.0856563 0.153047 0.171313
39 0.318852 0.100917 0.0243906 0.137542
39 0.482437 0.41799 0.0160938 0.0936458
39 0.497352 0.418406 0.0170781 0.0844375
39 0.512492 0.41825 0.0164219 0.090375
39 0.527555 0.419854 0.0170156 0.0855
39 0.347219 0.0900833 0.042625 0.168667
39 0.690977 0.172073 0.0292031 0.0988542
39 0.756961 0.156406 0.0167344 0.0538958
44 0.63075 0.477875 0.0165937 0.0642083
74 0.512789 0.478635 0.0262344 0.0161458
