57 0.249609 0.778016 0.499219 0.424577
40 0.752594 0.452535 0.0300625 0.0838967
40 0.815055 0.289707 0.0266406 0.0803521
45 0.799516 0.0449413 0.113875 0.0898826
40 0.775648 0.457054 0.0216406 0.0690845
40 0.960539 0.268427 0.0237656 0.0816432
40 0.981977 0.264695 0.0212656 0.0613615
40 0.806336 0.461526 0.0230469 0.0613615
40 0.794039 0.45615 0.0166094 0.0744601
40 0.775125 0.29311 0.0206875 0.0797418
40 0.919062 0.250857 0.0200625 0.0415728
40 0.939102 0.269014 0.0177031 0.0588732
40 0.758484 0.301455 0.0165 0.0770423
40 0.901422 0.272559 0.01875 0.0607981
40 0.745313 0.300164 0.016125 0.0855869
