5 0.381383 0.619959 0.0602344 0.0999184
5 0.607516 0.597286 0.185 0.308163
6 0.469484 0.596459 0.105594 0.201735
0 0.296875 0.636153 0.01625 0.0496939
0 0.277055 0.644888 0.0203594 0.0630408
0 0.0982656 0.641735 0.0305625 0.0933469
0 0.115227 0.641439 0.0222969 0.0887143
9 0.703445 0.444469 0.0223281 0.0517959
9 0.312734 0.459673 0.0209375 0.0505306
24 0.0991328 0.629194 0.0182969 0.0305918
0 0.82857 0.643061 0.0230156 0.0783673
5 0.464703 0.597337 0.109 0.190918
6 0.6125 0.6 0.192812 0.316041
9 0.737688 0.553745 0.0144063 0.0305102
9 0.219852 0.516949 0.0245156 0.0528776
9 0.314219 0.329082 0.0163125 0.0178776
9 0.311094 0.404918 0.0262188 0.0607755
9 0.439258 0.327653 0.0253281 0.027551
9 0.539852 0.321367 0.0135469 0.0243265
10 0.134945 0.686551 0.0143281 0.0589388
0 0.185461 0.647561 0.0205781 0.0894082
0 0.476961 0.571061 0.0237344 0.0359184
0 0.12893 0.643357 0.0164219 0.0824694
0 0.150906 0.647102 0.0261562 0.0816735
0 0.198797 0.646816 0.0164063 0.0782449
9 0.370906 0.330837 0.0236875 0.0309388
0 0.642797 0.574561 0.0372188 0.0214898
