62 0.672477 0.25 0.266297 0.238208
57 0.707258 0.863437 0.585484 0.255917
73 0.954281 0.308635 0.00971875 0.0640208
73 0.924977 0.296344 0.0191094 0.0579792
73 0.912422 0.432771 0.0304687 0.0607083
73 0.654773 0.712354 0.136516 0.0719167
73 0.948211 0.458781 0.0256094 0.0753125
73 0.922039 0.363938 0.0185469 0.06075
73 0.927742 0.224115 0.0111406 0.0613125
73 0.961398 0.155927 0.0197656 0.0683125
73 0.970992 0.156312 0.0128281 0.065875
73 0.914664 0.223417 0.0197031 0.0560417
73 0.965891 0.0756667 0.0286875 0.0701667
73 0.924664 0.154021 0.0222656 0.0137083
73 0.957672 0.234521 0.00815625 0.0690833
73 0.915984 0.301385 0.0131875 0.0411875
73 0.963172 0.313635 0.008625 0.0659792
39 0.616688 0.605177 0.0300938 0.101521
73 0.952867 0.386135 0.0217969 0.0718542
76 0.614102 0.675719 0.0514844 0.0378958
