35 0.670797 0.550469 0.0575312 0.0761972
0 0.704844 0.711268 0.192812 0.491033
0 0.420961 0.499918 0.0357344 0.190164
0 0.455984 0.496268 0.050375 0.210845
0 0.541742 0.513028 0.0396406 0.21338
0 0.577586 0.504777 0.0442656 0.210211
0 0.292922 0.48061 0.0399687 0.206995
0 0.110156 0.535728 0.096875 0.150798
0 0.0994609 0.43034 0.0433594 0.159554
0 0.0377578 0.479049 0.0507656 0.24439
0 0.501516 0.506232 0.0481875 0.197582
0 0.384141 0.496854 0.0438125 0.184554
0 0.359125 0.496068 0.032875 0.179413
0 0.663445 0.463192 0.0127656 0.0197653
