2 0.560242 0.496258 0.758703 0.665178
2 0.224766 0.427023 0.322531 0.325115
2 0.319125 0.234623 0.169625 0.0905031
5 0.236563 0.135975 0.0802812 0.126038
5 0.0610078 0.172474 0.122016 0.259371
5 0.941477 0.222977 0.117047 0.367128
5 0.423273 0.112925 0.0922031 0.0990566
9 0.297836 0.0402096 0.0869531 0.0750943
9 0.16525 0.0919602 0.0197813 0.0547379
9 0.182594 0.0997379 0.0155937 0.0436268
9 0.658195 0.0714256 0.0273594 0.0799581
24 0.108891 0.228564 0.024625 0.0460587
0 0.686641 0.331939 0.11575 0.097673
0 0.288156 0.345031 0.029125 0.057065
0 0.0855391 0.252358 0.0408281 0.169203
0 0.496797 0.330723 0.0729375 0.0645073
0 0.0488906 0.1676 0.0341562 0.0607338
0 0.76075 0.170587 0.0340625 0.0592453
0 0.713594 0.173564 0.0147187 0.0211321
0 0.814992 0.179057 0.0252031 0.0614256
0 0.160359 0.277694 0.0592812 0.202055
0 0.204875 0.258113 0.0560312 0.160964
0 0.868508 0.196709 0.0232344 0.0898113
0 0.843828 0.183208 0.0249062 0.0666247
2 0.841234 0.247652 0.0639062 0.0870021
7 0.562672 0.508658 0.756375 0.643564
0 0.654078 0.171321 0.0244062 0.0420545
2 0.377352 0.162348 0.0470781 0.027631
