9 0.122656 0.109122 0.0259688 0.054356
9 0.0719141 0.0950937 0.0152656 0.0537471
0 0.517734 0.330656 0.32025 0.64
36 0.501273 0.635691 0.0996719 0.0743326
2 0.668102 0.259649 0.130922 0.133489
2 0.864227 0.27808 0.200578 0.141311
2 0.520594 0.296698 0.24025 0.243934
2 0.275461 0.244391 0.122672 0.139836
2 0.364555 0.240796 0.0892656 0.0928337
7 0.0288281 0.219005 0.026875 0.0488759
2 0.595758 0.236475 0.0832031 0.115293
2 0.209859 0.227775 0.026625 0.0630445
2 0.0894219 0.22377 0.023 0.0329742
2 0.0963672 0.208958 0.0189219 0.0117799
7 0.150484 0.186382 0.0853125 0.155293
2 0.928352 0.224145 0.0759844 0.0404684
