7 0.455437 0.607489 0.819031 0.748326
0 0.636 0.181674 0.0833438 0.140138
0 0.876688 0.523876 0.0640938 0.244587
0 0.948547 0.485241 0.0366563 0.17117
0 0.979031 0.424805 0.0419375 0.164197
0 0.981516 0.588784 0.0369688 0.134037
0 0.977641 0.711124 0.0447188 0.100963
0 0.504758 0.140929 0.0957344 0.230894
0 0.607 0.14719 0.0841875 0.22695
0 0.956328 0.588383 0.0450625 0.122041
0 0.323109 0.361869 0.131219 0.125115
0 0.0215391 0.433876 0.0430781 0.139587
0 0.909633 0.498073 0.0640156 0.226743
0 0.991789 0.387018 0.0159219 0.0415596
