56 0.292737 0.365743 0.0855065 0.108676
60 0.401495 0.746029 0.723676 0.456732
0 0.682606 0.50344 0.594951 0.915997
0 0.429085 0.296569 0.169477 0.248562
41 0.314665 0.62634 0.119657 0.221013
41 0.31348 0.468676 0.075098 0.104673
41 0.178652 0.534453 0.105605 0.175278
45 0.0941748 0.735425 0.116585 0.116601
45 0.41259 0.653791 0.0814542 0.0844771
55 0.474722 0.837002 0.233333 0.161748
60 0.538113 0.447533 0.313905 0.19732
0 0.15281 0.317606 0.229216 0.537075
0 0.758603 0.609224 0.271029 0.225049
41 0.448725 0.532475 0.0866667 0.15482
41 0.522712 0.347623 0.0359804 0.0584477
0 0.510621 0.250065 0.0994444 0.172614
0 0.278832 0.275082 0.0537418 0.084902
26 0.397802 0.287639 0.0928595 0.121585
42 0.482721 0.549248 0.0536438 0.0413399
44 0.485196 0.54719 0.0534967 0.0405229
56 0.603905 0.500686 0.192124 0.0935294
