6 0.724156 0.511385 0.551687 0.950562
26 0.489875 0.75749 0.0472187 0.100229
26 0.301836 0.816198 0.0520469 0.129729
26 0.323086 0.652542 0.0342969 0.0564167
26 0.475688 0.849292 0.0624062 0.1105
26 0.262352 0.845688 0.0299219 0.0772917
28 0.473773 0.87049 0.0683281 0.105188
0 0.411055 0.795438 0.117453 0.342875
0 0.553625 0.767667 0.123281 0.464667
0 0.201781 0.640854 0.044875 0.175833
0 0.281297 0.748479 0.0827813 0.359625
0 0.257367 0.603094 0.0565781 0.115854
0 0.0159063 0.622448 0.0315 0.149604
0 0.356398 0.617917 0.0434844 0.162792
0 0.632859 0.665604 0.05225 0.325833
0 0.483586 0.574688 0.0329531 0.08375
0 0.235883 0.601812 0.0278594 0.095625
0 0.170227 0.606344 0.0243281 0.0911458
28 0.328719 0.654208 0.022625 0.06
0 0.492031 0.639802 0.0503437 0.183938
24 0.33818 0.575281 0.00920312 0.0245625
0 0.134008 0.642854 0.0584531 0.176292
26 0.159625 0.604437 0.0101875 0.020375
