8 0.509859 0.784498 0.215594 0.0684813
8 0.197898 0.812932 0.332109 0.183668
8 0.268234 0.635701 0.218312 0.0950935
8 0.662461 0.657956 0.227641 0.0361916
8 0.825734 0.645432 0.0227187 0.0920794
0 0.262914 0.784836 0.0201094 0.0584579
0 0.331273 0.831869 0.0237656 0.057243
0 0.515461 0.745 0.0232969 0.0297664
0 0.538234 0.748551 0.0183125 0.0303271
0 0.551148 0.753528 0.0151094 0.0368692
0 0.323 0.830701 0.0155 0.052757
0 0.0915156 0.660853 0.0048125 0.0113785
0 0.105625 0.661449 0.0056875 0.02
0 0.36782 0.650456 0.00517188 0.0115187
