2 0.825422 0.939414 0.280562 0.121172
0 0.696102 0.872238 0.0192031 0.0886611
2 0.718727 0.870335 0.0977344 0.062636
0 0.482313 0.834341 0.0161875 0.0453766
2 0.914039 0.881297 0.0539844 0.0595397
2 0.772352 0.858285 0.0308281 0.0306276
2 0.947344 0.863222 0.0436875 0.033682
2 0.980063 0.865272 0.0249062 0.0219665
9 0.248141 0.609006 0.01625 0.0536611
0 0.636695 0.881757 0.0319531 0.0405439
0 0.635219 0.83863 0.0245 0.0470502
2 0.83068 0.864498 0.105547 0.0566109
9 0.928922 0.610533 0.0238125 0.02659
9 0.527422 0.139508 0.0995938 0.274079
9 0.532086 0.593086 0.0812344 0.179142
