44 0.23357 0.43599 0.0164531 0.0445208
44 0.143656 0.45675 0.0226875 0.0431667
44 0.442156 0.428958 0.0155937 0.020375
69 0.633914 0.561802 0.239984 0.157104
69 0.154867 0.61351 0.266297 0.314604
69 0.877062 0.719812 0.245875 0.387333
43 0.662336 0.763521 0.128484 0.0510833
43 0.540008 0.8245 0.113422 0.0725417
43 0.338375 0.708375 0.1045 0.0452917
43 0.514211 0.630323 0.0593281 0.0401875
43 0.716508 0.692083 0.0576719 0.0576667
43 0.26518 0.571792 0.0530781 0.0315
69 0.451281 0.521031 0.244563 0.189354
