62 0.647703 0.41911 0.134937 0.195504
56 0.628367 0.826499 0.172547 0.237073
57 0.299156 0.713981 0.503625 0.533349
60 0.718008 0.889696 0.562672 0.197424
67 0.374406 0.698244 0.0229375 0.035082
74 0.690469 0.137904 0.034875 0.0767916
63 0.322297 0.593115 0.105438 0.112881
65 0.211906 0.715398 0.118125 0.0534192
75 0.805141 0.248653 0.015875 0.0326698
75 0.72882 0.193782 0.0247344 0.0785714
77 0.53793 0.473396 0.0909219 0.216909
24 0.316453 0.871909 0.207531 0.25103
66 0.327617 0.662319 0.0802656 0.0274005
66 0.318984 0.623583 0.0739375 0.0238407
77 0.0714922 0.618244 0.0654219 0.0789227
56 0.295695 0.855644 0.230891 0.224637
0 0.639664 0.411698 0.0246094 0.106674
