60 0.658583 0.871914 0.672625 0.256172
0 0.175354 0.639078 0.350708 0.687063
0 0.501875 0.517414 0.428458 0.633703
0 0.914135 0.478844 0.127729 0.242219
0 0.869156 0.461516 0.0516458 0.139562
0 0.698552 0.406875 0.0909792 0.101844
0 0.733375 0.405352 0.0353333 0.0471094
0 0.985531 0.54282 0.0275208 0.281359
0 0.979771 0.453578 0.0387917 0.157375
25 0.722667 0.381547 0.316083 0.167344
48 0.651333 0.887492 0.096625 0.0528906
48 0.607542 0.913344 0.0869583 0.0552813
48 0.523083 0.902617 0.0865833 0.0563906
48 0.733406 0.915906 0.114396 0.059125
24 0.881875 0.473023 0.0637917 0.0596719
26 0.795427 0.437219 0.131771 0.119906
26 0.880135 0.445156 0.0691875 0.117125
48 0.486531 0.847477 0.0643125 0.0467031
48 0.510073 0.835969 0.0748542 0.0464687
48 0.532656 0.806789 0.0561875 0.0341094
48 0.631344 0.80657 0.0674375 0.0323906
48 0.759198 0.890367 0.0988125 0.0409531
48 0.578156 0.768352 0.0606875 0.0384219
0 0.812927 0.449641 0.0717708 0.159844
0 0.783677 0.634641 0.0938125 0.177719
0 0.958438 0.380828 0.0142917 0.0207813
48 0.753708 0.870344 0.0951667 0.0358438
48 0.575969 0.847 0.0678125 0.0540937
48 0.427458 0.887469 0.0842083 0.0622188
48 0.464417 0.875047 0.0765833 0.0602812
