0 0.440039 0.505621 0.442297 0.966276
0 0.642398 0.604731 0.202859 0.569836
34 0.824656 0.313419 0.347781 0.120796
35 0.369578 0.574157 0.148438 0.213466
0 0.17432 0.672482 0.346641 0.655035
13 0.149039 0.102588 0.287672 0.0545433
13 0.821828 0.687494 0.281469 0.226557
13 0.922813 0.48219 0.153938 0.0188525
13 0.887273 0.438958 0.225297 0.0155738
13 0.826922 0.414672 0.262719 0.0660656
13 0.75068 0.360609 0.250734 0.0598595
13 0.167234 0.253255 0.175031 0.0337705
56 0.112406 0.11507 0.0213438 0.0472365
56 0.152461 0.116511 0.0158594 0.0380796
56 0.225672 0.132646 0.0189375 0.044356
56 0.149148 0.219731 0.0206094 0.0540281
56 0.0955703 0.269871 0.0344844 0.0527635
56 0.204969 0.27178 0.0144375 0.040281
56 0.197117 0.324766 0.0173906 0.0526698
56 0.221281 0.329485 0.0285938 0.0580796
