0 0.596938 0.397301 0.374031 0.776285
0 0.194609 0.196624 0.202875 0.384276
0 0.109703 0.360829 0.216406 0.716846
46 0.539508 0.730339 0.144266 0.206752
46 0.390164 0.778014 0.121859 0.0878037
46 0.619898 0.878785 0.0877031 0.0740654
46 0.404656 0.900257 0.112625 0.103692
46 0.504594 0.900514 0.031875 0.0695327
46 0.524289 0.9375 0.158953 0.100748
46 0.455625 0.901706 0.0501562 0.0372897
46 0.38793 0.83757 0.0831719 0.0542056
46 0.579648 0.84875 0.122703 0.126051
46 0.504016 0.859042 0.0513438 0.10285
0 0.723453 0.335619 0.155031 0.671238
