25 0.771398 0.297305 0.205359 0.242156
25 0.599445 0.302745 0.179516 0.160539
25 0.448578 0.339471 0.172406 0.22022
25 0.244258 0.32998 0.175141 0.16507
27 0.468117 0.385998 0.0162031 0.0717964
27 0.778828 0.3449 0.01925 0.0561876
27 0.271852 0.379072 0.0176719 0.0378643
0 0.801344 0.514691 0.187531 0.61513
0 0.621492 0.522515 0.146328 0.515768
0 0.267289 0.509351 0.128641 0.491397
0 0.489258 0.525898 0.146328 0.522535
0 0.0686094 0.457405 0.0658125 0.23996
0 0.934133 0.601707 0.0391094 0.281697
27 0.643805 0.400259 0.0346406 0.0829541
27 0.0535937 0.396138 0.0239063 0.0377046
