39 0.25013 0.435422 0.03118 0.144277
39 0.91178 0.411913 0.03584 0.133223
39 0.93048 0.419608 0.03512 0.11253
60 0.79171 0.823223 0.41658 0.330361
41 0.82577 0.689111 0.03926 0.0730422
41 0.87374 0.888268 0.05632 0.113042
69 0.54613 0.492892 0.15518 0.334819
28 0.21752 0.856521 0.13188 0.161898
39 0.4406 0.380256 0.01096 0.047259
39 0.46735 0.366883 0.01642 0.0779217
39 0.97041 0.308524 0.02246 0.0931928
41 0.83115 0.448886 0.02114 0.0200602
42 0.88224 0.357922 0.00544 0.0301807
45 0.27968 0.677696 0.07804 0.0676205
47 0.33688 0.627786 0.01076 0.0131024
47 0.34283 0.651611 0.02206 0.0330422
47 0.32593 0.645828 0.01586 0.0306928
68 0.969 0.423961 0.062 0.0993675
71 0.7797 0.440572 0.19372 0.0631325
39 0.72821 0.387259 0.03422 0.113976
43 0.3349 0.454864 0.06192 0.0104518
43 0.32289 0.442937 0.03626 0.00737952
47 0.35057 0.614232 0.01734 0.0179217
47 0.35455 0.640904 0.0181 0.0240361
47 0.3626 0.628479 0.02788 0.0352711
47 0.30898 0.620181 0.01712 0.0216867
47 0.3396 0.633991 0.07724 0.0587651
73 0.32778 0.465572 0.1234 0.0660843
28 0.09905 0.44006 0.09018 0.0693976
39 0.43062 0.377515 0.01096 0.0406325
41 0.74647 0.431732 0.02526 0.0253313
44 0.91229 0.425392 0.01938 0.0877711
