25 0.263531 0.500118 0.437219 0.506085
25 0.862008 0.475849 0.199891 0.216038
25 0.63593 0.497653 0.320516 0.347288
56 0.920648 0.904422 0.158703 0.191156
56 0.720078 0.898986 0.219844 0.169292
56 0.594547 0.526179 0.0433438 0.0811792
0 0.217852 0.681356 0.255328 0.207241
0 0.222344 0.683113 0.267469 0.152406
0 0.759758 0.760153 0.150703 0.300967
0 0.550133 0.508325 0.0406719 0.115142
0 0.520359 0.513833 0.05075 0.0839387
0 0.926719 0.521321 0.0338437 0.0622642
0 0.761078 0.490389 0.0355625 0.0527594
41 0.262336 0.671368 0.0107969 0.0296226
56 0.386445 0.487606 0.0398594 0.0580425
56 0.468367 0.52 0.0494219 0.0320755
0 0.963305 0.518019 0.0491719 0.0806604
0 0.434055 0.494269 0.0982344 0.0290094
0 0.105898 0.36013 0.00879687 0.0251651
0 0.406352 0.46862 0.0665469 0.0352594
0 0.591523 0.500224 0.0482656 0.089316
25 0.440711 0.441781 0.137203 0.17158
56 0.594445 0.674363 0.226703 0.103679
56 0.549883 0.65296 0.197078 0.100307
56 0.04275 0.646521 0.0855 0.0493632
56 0.680375 0.545236 0.108031 0.0533962
0 0.682273 0.48816 0.0364219 0.0288679
25 0.527406 0.376321 0.0759062 0.0366509
