5 0.499969 0.252264 0.997031 0.502252
0 0.414531 0.672906 0.131656 0.524649
0 0.259359 0.484709 0.08575 0.242349
0 0.578719 0.549104 0.11325 0.474237
0 0.661992 0.683148 0.0942656 0.485375
0 0.814562 0.78753 0.229031 0.383923
25 0.554695 0.267833 0.220484 0.106174
25 0.655125 0.39408 0.199063 0.117458
25 0.204328 0.267579 0.246438 0.122906
25 0.206648 0.794952 0.407484 0.379782
25 0.934562 0.421731 0.130875 0.126465
25 0.69293 0.339237 0.137609 0.0957627
25 0.0355313 0.54569 0.06525 0.170799
26 0.626609 0.615436 0.0402187 0.213293
26 0.455547 0.566755 0.0575312 0.179855
26 0.284391 0.541029 0.0572187 0.129467
0 0.9325 0.756126 0.0295625 0.24184
0 0.918336 0.916065 0.0521094 0.167627
25 0.847016 0.506465 0.305969 0.296077
25 0.0468281 0.445363 0.089875 0.0928571
25 0.0644609 0.257179 0.127172 0.0908232
0 0.155195 0.479758 0.171609 0.322228
