34 0.385281 0.672891 0.0496721 0.0457813
0 0.481862 0.43825 0.0164637 0.0079375
0 0.41055 0.795922 0.119087 0.110281
0 0.310574 0.768555 0.114731 0.186016
0 0.690539 0.342469 0.0200937 0.0166563
0 0.306194 0.469141 0.0619906 0.0560625
0 0.808126 0.557594 0.0429977 0.0763438
0 0.21781 0.489969 0.0320141 0.0507187
0 0.395761 0.72825 0.0758314 0.108656
35 0.820925 0.542969 0.0150585 0.00709375
39 0.410375 0.201289 0.611756 0.247234
0 0.615831 0.391391 0.0244028 0.015
0 0.674145 0.395148 0.0222951 0.0162344
0 0.784836 0.399 0.0225059 0.0164063
35 0.847096 0.199844 0.27185 0.128688
0 0.422319 0.427703 0.0224824 0.0275
0 0.0226815 0.599609 0.0452693 0.100687
