72 0.1393 0.474489 0.25776 0.532462
0 0.53757 0.607883 0.17322 0.470841
0 0.18707 0.832583 0.3113 0.312372
39 0.14348 0.623318 0.03168 0.0694595
39 0.09799 0.621997 0.02742 0.0678378
39 0.05585 0.644414 0.01738 0.0792192
39 0.22582 0.590435 0.02864 0.0823123
39 0.07874 0.651291 0.02836 0.0723123
39 0.13767 0.600721 0.02398 0.092012
56 0.37666 0.649189 0.10848 0.30961
56 0.77301 0.787643 0.0823 0.186517
60 0.63008 0.656742 0.1706 0.364054
69 0.75722 0.434625 0.16556 0.132733
74 0.39015 0.0698649 0.0331 0.0516216
0 0.79939 0.67545 0.19902 0.587898
39 0.19589 0.61039 0.0183 0.0491892
39 0.201 0.598378 0.01628 0.0741141
39 0.67297 0.496396 0.02866 0.0931532
56 0.09341 0.880526 0.15914 0.197387
