15 0.815211 0.836563 0.265422 0.326873
57 0.935844 0.666836 0.128312 0.666328
0 0.441742 0.500459 0.418078 0.968313
59 0.770484 0.167419 0.457062 0.222481
56 0.935164 0.660136 0.129672 0.677891
56 0.0976406 0.231117 0.192437 0.462233
73 0.335688 0.193375 0.009375 0.182829
73 0.362172 0.185509 0.0195625 0.217866
73 0.372883 0.189839 0.0130781 0.21531
73 0.382789 0.210844 0.0158594 0.163921
73 0.394258 0.203065 0.0155156 0.188561
73 0.346406 0.173586 0.0142187 0.239429
73 0.407734 0.175074 0.0258437 0.243797
73 0.587578 0.297792 0.0117813 0.0331514
73 0.617172 0.298275 0.0401875 0.0255335
