58 0.904638 0.475328 0.190724 0.194812
49 0.96236 0.5615 0.0573364 0.0284375
49 0.925748 0.566859 0.0521028 0.0223438
69 0.304521 0.622273 0.223902 0.262422
46 0.5209 0.476383 0.023528 0.0130156
46 0.58972 0.475172 0.0475701 0.022375
46 0.540806 0.475 0.0180607 0.0106875
46 0.575339 0.477484 0.0453972 0.0110312
49 0.543201 0.421117 0.032757 0.0148906
49 0.555479 0.466984 0.0230607 0.0141563
49 0.573107 0.422789 0.0221963 0.0105781
58 0.680175 0.478156 0.063528 0.0482812
46 0.604556 0.472617 0.0154206 0.00645312
49 0.556367 0.416633 0.018528 0.0123906
49 0.550806 0.435453 0.0192757 0.0145
69 0.136238 0.718844 0.225234 0.192062
