2 0.0708594 0.718857 0.141719 0.290936
2 0.887836 0.558368 0.0297344 0.123514
5 0.51468 0.486019 0.743047 0.929709
5 0.90018 0.496622 0.0540469 0.130333
0 0.641539 0.407557 0.114766 0.152703
0 0.553156 0.450333 0.0315312 0.0556341
0 0.0648047 0.568202 0.0286094 0.123264
0 0.124148 0.531538 0.0213594 0.0755925
0 0.510508 0.380956 0.0577344 0.0706445
24 0.056 0.551227 0.0137813 0.0362578
2 0.0308594 0.642609 0.0617188 0.073659
24 0.0897266 0.526975 0.0128281 0.0238462
0 0.0985 0.535665 0.014 0.0758212
2 0.979539 0.505925 0.0145781 0.0166736
