39 0.669336 0.14185 0.0672969 0.186698
41 0.614078 0.497763 0.0703125 0.107611
43 0.598539 0.31918 0.0376719 0.0647307
44 0.706766 0.463162 0.044875 0.0972365
44 0.713977 0.394309 0.0392969 0.0925527
44 0.641094 0.375995 0.0206563 0.0789696
39 0.668461 0.0238876 0.0391406 0.0362998
44 0.601867 0.495515 0.0768594 0.0225527
45 0.690414 0.507646 0.0735156 0.10377
45 0.712156 0.435843 0.0680937 0.0898595
45 0.635391 0.41507 0.06125 0.0893443
47 0.326078 0.139637 0.192344 0.173419
47 0.455414 0.179309 0.0380781 0.0780094
47 0.174555 0.187471 0.0337969 0.0320375
47 0.457523 0.160562 0.190266 0.190117
47 0.661648 0.807752 0.0673594 0.0862763
47 0.229711 0.105632 0.0416406 0.061007
47 0.208125 0.0878337 0.0253437 0.0417564
47 0.247523 0.090644 0.0246094 0.0329977
47 0.186984 0.136944 0.0331562 0.0451756
47 0.21243 0.130995 0.0211406 0.040726
47 0.17725 0.168197 0.0917188 0.078548
39 0.667188 0.120785 0.0693125 0.225972
45 0.617508 0.499133 0.0699844 0.0971897
47 0.22968 0.148056 0.0247656 0.0312412
