0 0.422203 0.518969 0.406906 0.567229
0 0.150961 0.471344 0.0737656 0.115646
0 0.0341016 0.492292 0.0655156 0.188583
0 0.0919844 0.486448 0.05875 0.181396
0 0.169203 0.382979 0.042 0.0578333
0 0.177922 0.435531 0.0364375 0.0851458
0 0.625633 0.462771 0.0382969 0.160333
46 0.242648 0.37774 0.111328 0.116146
46 0.246039 0.504385 0.0830781 0.116104
46 0.143078 0.569885 0.0692187 0.110354
46 0.41032 0.767823 0.110984 0.136771
46 0.247742 0.717521 0.197922 0.255708
46 0.382469 0.750385 0.0507187 0.0791458
46 0.443703 0.804219 0.217906 0.272521
46 0.679383 0.781417 0.0708281 0.0695833
46 0.292438 0.541583 0.0539063 0.0335
46 0.405336 0.344948 0.0859531 0.0921458
46 0.0460547 0.876594 0.0921094 0.246812
46 0.860648 0.852479 0.170609 0.25225
0 0.133953 0.439667 0.042875 0.0820833
0 0.0118438 0.544823 0.0236875 0.0958125
0 0.658914 0.442885 0.0214531 0.0591042
46 0.404883 0.941531 0.115672 0.0873958
