39 0.299117 0.459556 0.0301094 0.14528
57 0.605469 0.503458 0.279 0.210748
56 0.296797 0.71611 0.300594 0.56778
56 0.5295 0.707138 0.218625 0.585724
56 0.134352 0.479112 0.153984 0.191869
60 0.270789 0.591939 0.529609 0.221495
40 0.147672 0.53285 0.0405 0.12986
40 0.263773 0.500269 0.0347969 0.0777336
40 0.340336 0.474614 0.0296094 0.0558645
40 0.455453 0.482792 0.0177187 0.0886215
41 0.476398 0.501145 0.0254219 0.0555607
42 0.181 0.616215 0.0404687 0.0464953
42 0.40475 0.572593 0.0316563 0.0233178
41 0.113672 0.554696 0.03775 0.0818692
44 0.333883 0.585023 0.0369219 0.0321028
44 0.514469 0.554825 0.0204375 0.0194159
44 0.316875 0.600164 0.0220938 0.016215
56 0.317719 0.4366 0.121094 0.121472
56 0.889539 0.511273 0.173484 0.215304
