60 0.513203 0.693892 0.973531 0.591557
0 0.371453 0.197064 0.1325 0.21125
0 0.285094 0.257182 0.1825 0.349222
0 0.757039 0.287642 0.203953 0.373019
54 0.424109 0.617358 0.0622188 0.0831604
54 0.478234 0.585012 0.0936875 0.0974764
54 0.56175 0.530259 0.0802812 0.0608491
54 0.663336 0.548632 0.0907656 0.0475943
54 0.700289 0.526781 0.0718281 0.0542217
54 0.514422 0.497936 0.0733437 0.0689858
54 0.432055 0.522087 0.0869844 0.0530425
54 0.331695 0.511297 0.0729531 0.0566509
54 0.322086 0.567783 0.0985156 0.081934
54 0.217953 0.511179 0.0777188 0.0720283
54 0.625781 0.559988 0.0692187 0.0603066
0 0.471703 0.292429 0.097625 0.126368
54 0.483867 0.5123 0.0647656 0.0623821
54 0.518656 0.563738 0.0544063 0.0572877
