39 0.721227 0.499375 0.0135156 0.0435417
39 0.775781 0.537625 0.0169687 0.123667
74 0.0247109 0.202573 0.0483906 0.0906458
0 0.484477 0.485771 0.141641 0.443708
41 0.753078 0.544396 0.0352813 0.0892083
41 0.454391 0.819854 0.0740937 0.116417
41 0.774516 0.550031 0.0146875 0.0991875
41 0.0833984 0.7435 0.0519844 0.0506667
41 0.273633 0.706365 0.0289531 0.0486875
45 0.707852 0.551917 0.0518594 0.0291667
72 0.887359 0.584271 0.220781 0.831458
41 0.745719 0.537469 0.033625 0.0833125
68 0.54107 0.428687 0.0402031 0.107208
0 0.673359 0.48801 0.227844 0.671438
