25 0.801664 0.629213 0.122828 0.055463
25 0.472117 0.583484 0.0123594 0.0100694
25 0.42982 0.588981 0.0139844 0.0106944
0 0.139414 0.635637 0.00679687 0.013125
0 0.159539 0.728229 0.0257656 0.120949
0 0.348508 0.812755 0.0967344 0.129722
0 0.23682 0.712697 0.0220469 0.0938194
0 0.346148 0.689722 0.0287031 0.117963
0 0.732359 0.666817 0.0566875 0.0849769
0 0.837617 0.692523 0.0287656 0.121296
0 0.132531 0.725093 0.0297812 0.138611
0 0.203602 0.741551 0.0279844 0.164769
0 0.428 0.671644 0.0206875 0.0715278
0 0.361109 0.674248 0.0195938 0.112292
0 0.587672 0.674421 0.0396562 0.0647222
25 0.911937 0.4836 0.0558125 0.0428009
25 0.648687 0.565324 0.0129688 0.00458333
25 0.861922 0.548414 0.0292187 0.0154861
25 0.829586 0.551817 0.0342031 0.016875
25 0.672328 0.557257 0.0199375 0.0137731
25 0.602539 0.568426 0.0173594 0.0116667
25 0.616313 0.558993 0.0164687 0.0115046
25 0.539562 0.58625 0.0255625 0.0236111
25 0.495297 0.577882 0.013625 0.00543981
0 0.557687 0.662454 0.0205938 0.130417
25 0.44618 0.589178 0.00795313 0.00627315
