0 0.147398 0.840677 0.0957969 0.317354
0 0.497195 0.880896 0.114609 0.20225
0 0.33968 0.868729 0.110984 0.239917
0 0.246109 0.825021 0.107062 0.349042
33 0.44618 0.273438 0.108078 0.22775
33 0.55932 0.241146 0.0667969 0.121333
33 0.667578 0.14575 0.0218438 0.0215833
33 0.978359 0.861948 0.0245625 0.0114792
33 0.281461 0.187635 0.0404531 0.119104
33 0.777492 0.752323 0.00592188 0.00464583
33 0.388984 0.789573 0.030375 0.0354375
33 0.890453 0.820625 0.0102813 0.006
33 0.973695 0.913323 0.0233594 0.0154375
33 0.963992 0.753979 0.00376563 0.00466667
33 0.236102 0.499104 0.0186406 0.0298333
33 0.794922 0.789729 0.176937 0.420542
33 0.365508 0.165104 0.0114219 0.009625
