18 0.128422 0.668501 0.251063 0.303232
18 0.267633 0.538981 0.177578 0.0809602
18 0.456719 0.688782 0.23575 0.398361
18 0.234414 0.700445 0.294516 0.371616
18 0.640945 0.658431 0.289359 0.386511
18 0.826117 0.702119 0.172266 0.42644
18 0.677992 0.675831 0.223203 0.314895
18 0.448414 0.505293 0.0884219 0.0969087
18 0.416766 0.760117 0.0508125 0.118501
18 0.297758 0.504133 0.114172 0.0406792
18 0.0509453 0.615457 0.101484 0.26445
18 0.712922 0.614485 0.156781 0.329672
18 0.607914 0.526019 0.0863594 0.0323653
