29 0.453338 0.345906 0.17343 0.05575
14 0.82657 0.571984 0.0178364 0.0141875
14 0.417414 0.60225 0.037942 0.0224688
0 0.54967 0.613852 0.14219 0.207797
14 0.743879 0.574898 0.0176781 0.0116406
14 0.696029 0.583102 0.0193931 0.00726563
14 0.943734 0.554336 0.0239314 0.0149219
14 0.258562 0.594773 0.016438 0.00942187
14 0.238945 0.603102 0.0157784 0.0120156
14 0.878127 0.572828 0.0255937 0.0176875
14 0.50405 0.588938 0.0273615 0.0170313
14 0.812902 0.579102 0.0112401 0.00682812
14 0.865172 0.573898 0.0145119 0.00829687
14 0.484947 0.581414 0.010686 0.00607813
14 0.49533 0.585336 0.0141425 0.00795313
