5 0.55857 0.433711 0.773141 0.687629
0 0.168703 0.457505 0.0236563 0.0708454
7 0.0613047 0.468536 0.119203 0.492124
9 0.180437 0.37933 0.0114375 0.0346186
24 0.165211 0.451557 0.0146719 0.0309897
7 0.97357 0.467845 0.0528594 0.253753
0 0.19207 0.452433 0.0143281 0.0454433
0 0.371102 0.409495 0.0920156 0.0941237
0 0.424039 0.324124 0.0633594 0.0621031
0 0.994852 0.55767 0.0102969 0.143381
0 0.132469 0.44833 0.0155 0.0376495
5 0.06175 0.475309 0.1235 0.496309
9 0.225625 0.386773 0.0143437 0.0457526
9 0.146805 0.368536 0.0166094 0.0623505
