39 0.40844 0.421582 0.02296 0.123821
39 0.25707 0.716254 0.0681 0.246
67 0.55337 0.164 0.00814 0.053791
56 0.52859 0.140522 0.07002 0.174836
56 0.23763 0.141791 0.04386 0.151701
60 0.41452 0.624179 0.82904 0.729672
40 0.60609 0.801866 0.07446 0.285104
41 0.32688 0.889015 0.08052 0.21397
41 0.17234 0.550612 0.05216 0.126239
41 0.48881 0.617478 0.0563 0.15394
41 0.25826 0.467582 0.04588 0.117373
45 0.56889 0.612925 0.1105 0.126507
45 0.42731 0.841403 0.1383 0.179104
0 0.66846 0.252328 0.24116 0.437015
0 0.30339 0.222463 0.2153 0.359552
0 0.7769 0.438209 0.1626 0.512358
0 0.90939 0.251687 0.14454 0.337104
0 0.09928 0.297119 0.19736 0.348866
0 0.04893 0.396642 0.09486 0.591015
0 0.83048 0.698866 0.33904 0.575284
39 0.42617 0.247254 0.01694 0.06
41 0.45775 0.560866 0.05702 0.152597
41 0.37114 0.455687 0.04708 0.091194
45 0.4668 0.290403 0.09128 0.0628358
45 0.4274 0.669776 0.08128 0.0620597
45 0.12482 0.692896 0.05016 0.0477612
41 0.26484 0.741522 0.07596 0.125313
41 0.41298 0.247701 0.0322 0.0560597
41 0.36763 0.282343 0.02738 0.0717313
41 0.50367 0.888045 0.08118 0.222836
56 0.64831 0.32994 0.04786 0.0967164
56 0.32366 0.0716269 0.03316 0.0989552
0 0.43799 0.166075 0.14654 0.22606
41 0.493 0.425119 0.03848 0.107075
