0 0.265008 0.515703 0.0538594 0.301194
0 0.49932 0.519508 0.103859 0.366557
0 0.715055 0.518794 0.0927344 0.345644
0 0.794633 0.505234 0.0929531 0.355059
0 0.314766 0.519344 0.0662812 0.305761
37 0.459148 0.495539 0.230078 0.178009
37 0.257227 0.50589 0.0707031 0.0980562
37 0.777039 0.489239 0.110953 0.116417
37 0.316125 0.482412 0.111344 0.117986
37 0.682656 0.505597 0.0276563 0.0869321
37 0.54743 0.441347 0.0562344 0.113888
0 0.387836 0.577365 0.0516094 0.178852
0 0.396758 0.382518 0.0210781 0.0416159
0 0.506875 0.624192 0.025125 0.0987354
