39 0.53799 0.607011 0.03258 0.148256
39 0.68665 0.372331 0.0165 0.0788968
39 0.93446 0.651174 0.02288 0.102776
25 0.37382 0.402242 0.31068 0.206762
25 0.18238 0.585142 0.14404 0.299324
25 0.56407 0.224591 0.11854 0.100641
0 0.49381 0.7 0.44202 0.532598
0 0.58187 0.255783 0.04242 0.105231
0 0.34173 0.300765 0.03666 0.055694
0 0.54421 0.256744 0.0383 0.0993238
26 0.87566 0.365445 0.09004 0.129609
39 0.65115 0.37516 0.01762 0.0301779
39 0.53572 0.429644 0.02188 0.0874021
41 0.21836 0.776352 0.04148 0.085516
41 0.56035 0.630391 0.01694 0.0469751
41 0.66543 0.545854 0.01846 0.039395
45 0.59224 0.78258 0.04968 0.0764057
45 0.62276 0.567722 0.04608 0.0605694
45 0.26051 0.703203 0.03942 0.0678292
0 0.03535 0.465765 0.0705 0.686406
25 0.95955 0.161459 0.0809 0.262989
26 0.79848 0.519698 0.08656 0.136904
39 0.5115 0.545907 0.01832 0.0887544
41 0.622 0.45669 0.0154 0.024911
41 0.93275 0.688683 0.01762 0.021637
45 0.5685 0.578434 0.05784 0.0857651
0 0.80275 0.184039 0.09406 0.368078
41 0.53466 0.978559 0.03216 0.0428826
