2 0.969367 0.528946 0.0612656 0.068103
2 0.515945 0.493958 0.0521406 0.0183138
2 0.555406 0.492564 0.0388125 0.0151054
2 0.496508 0.48582 0.0499219 0.0308899
7 0.474211 0.502237 0.948422 0.470843
9 0.658062 0.363607 0.0240625 0.0175176
0 0.283203 0.481335 0.00984375 0.0415457
0 0.18668 0.490199 0.0105469 0.0379157
0 0.336086 0.483993 0.00889063 0.0225995
0 0.646078 0.499098 0.00975 0.0295785
2 0.341617 0.479415 0.00829687 0.02
9 0.354898 0.446335 0.00823437 0.0255504
0 0.430711 0.488056 0.0112656 0.031897
0 0.312539 0.47767 0.00648438 0.0246604
0 0.659023 0.498255 0.0172656 0.0305152
1 0.186687 0.506159 0.0056875 0.0192974
9 0.475445 0.451838 0.00985938 0.0316862
