39 0.40552 0.545722 0.03448 0.129897
43 0.76045 0.438015 0.01642 0.0275773
44 0.23605 0.534085 0.01894 0.171211
45 0.708 0.517294 0.07324 0.0606701
71 0.54588 0.563789 0.34352 0.202526
43 0.73773 0.418647 0.02382 0.0437371
43 0.75396 0.429407 0.02876 0.045567
43 0.74234 0.431005 0.02076 0.0309794
43 0.73883 0.463943 0.0159 0.025567
43 0.76285 0.462668 0.01806 0.026366
43 0.74502 0.464175 0.01736 0.0256701
44 0.23021 0.551637 0.0599 0.235747
69 0.19451 0.740039 0.38094 0.519923
43 0.75329 0.417178 0.0185 0.0425
