37 0.475852 0.614521 0.406422 0.115417
37 0.597086 0.480458 0.0633906 0.0178333
0 0.477867 0.666271 0.105641 0.3805
0 0.560352 0.499594 0.0158594 0.0356458
0 0.603172 0.478771 0.0194687 0.02725
0 0.725273 0.485187 0.0221719 0.0475833
0 0.870281 0.505427 0.02275 0.100687
0 0.895422 0.517292 0.033875 0.074875
0 0.982695 0.47124 0.0194844 0.0668542
0 0.528281 0.463365 0.0106875 0.0131458
0 0.5445 0.473281 0.0100938 0.0119375
0 0.320906 0.490646 0.012625 0.0133333
0 0.548992 0.500417 0.0137344 0.0149167
0 0.87568 0.537062 0.0221406 0.026875
