39 0.04125 0.327606 0.0346242 0.102271
39 0.367663 0.151078 0.0266993 0.0271242
0 0.485392 0.437075 0.696634 0.84719
54 0.487402 0.769126 0.100588 0.0632516
54 0.30107 0.870057 0.127271 0.0845915
54 0.448145 0.880408 0.0861928 0.0431046
69 0.501127 0.866291 0.997745 0.267418
70 0.238039 0.313987 0.128137 0.159444
71 0.0807353 0.39656 0.160229 0.046781
54 0.398243 0.907982 0.129722 0.0401144
54 0.522247 0.909273 0.113611 0.034134
54 0.377851 0.76643 0.0611601 0.0416176
41 0.433088 0.135727 0.0567647 0.0601471
41 0.378685 0.0349592 0.0548203 0.0582843
54 0.33509 0.826471 0.0631863 0.0295752
41 0.442312 0.0422386 0.0319118 0.0383007
