9 0.34925 0.469938 0.0295 0.0186667
9 0.507727 0.553875 0.00910937 0.0377917
0 0.437758 0.685469 0.0861406 0.278937
9 0.366695 0.53399 0.00714063 0.0126042
9 0.441336 0.512156 0.0287969 0.00864583
0 0.555898 0.660979 0.0185469 0.0417917
2 0.233648 0.657104 0.0506406 0.0432083
2 0.271531 0.638344 0.0324375 0.0201875
2 0.282297 0.627688 0.0395625 0.035625
2 0.295742 0.614177 0.0341719 0.0383125
2 0.322836 0.598906 0.0295781 0.0262708
2 0.653219 0.611604 0.0424687 0.029375
12 0.168352 0.623333 0.00989063 0.0140833
0 0.724539 0.623479 0.0132031 0.0359167
0 0.482984 0.582854 0.00734375 0.0205
0 0.144266 0.739198 0.0407187 0.117771
2 0.211906 0.648271 0.0486562 0.0493333
2 0.404062 0.561531 0.0167813 0.0188542
2 0.505336 0.664073 0.0495156 0.0432292
2 0.856219 0.613792 0.0849063 0.03625
2 0.360242 0.580677 0.0246719 0.0272708
2 0.425062 0.560771 0.0121875 0.0155417
9 0.0214844 0.3765 0.0429688 0.0428333
9 0.697617 0.234542 0.0793594 0.188542
13 0.586469 0.614823 0.0094375 0.0145625
13 0.573195 0.607062 0.00835937 0.014125
67 0.451297 0.577146 0.00315625 0.012875
2 0.220273 0.6205 0.0567344 0.0327917
9 0.509148 0.581333 0.0206094 0.0446667
26 0.551867 0.664667 0.00748437 0.008625
26 0.147937 0.70424 0.0088125 0.0104375
0 0.458453 0.571469 0.00671875 0.0147292
