8 0.558992 0.708375 0.791422 0.100667
8 0.591242 0.301635 0.399859 0.603271
8 0.0960781 0.573365 0.0670313 0.0281042
8 0.0300625 0.568281 0.060125 0.0559375
8 0.191695 0.570969 0.0277656 0.0290625
0 0.559109 0.617427 0.157781 0.172271
8 0.204281 0.578229 0.120938 0.0142917
8 0.976055 0.591187 0.0475469 0.039875
8 0.883531 0.591792 0.083875 0.0204167
8 0.7935 0.580646 0.0816875 0.0329167
8 0.245437 0.578656 0.0355625 0.0105208
8 0.0646016 0.574063 0.0256719 0.0283333
8 0.932273 0.597885 0.0476094 0.0172292
