56 0.173625 0.620865 0.253531 0.425104
57 0.758891 0.671344 0.480063 0.629312
60 0.21 0.863531 0.416469 0.249396
0 0.899438 0.229656 0.201125 0.379771
0 0.154906 0.59875 0.259031 0.449208
0 0.693414 0.684688 0.383453 0.610375
0 0.620336 0.603219 0.365047 0.551229
39 0.443672 0.438573 0.0311875 0.115521
40 0.0886797 0.795042 0.0489844 0.126125
40 0.267062 0.817135 0.043875 0.137313
41 0.316984 0.801104 0.0329688 0.10125
41 0.151398 0.782677 0.0365781 0.0958542
44 0.309125 0.896604 0.0641875 0.0349167
45 0.222969 0.825448 0.11825 0.112604
65 0.435734 0.522385 0.0238125 0.0271458
75 0.445383 0.438156 0.0315156 0.113813
75 0.403102 0.421635 0.0273594 0.103104
26 0.931297 0.793708 0.137406 0.183667
41 0.303969 0.77901 0.043375 0.0859792
41 0.488 0.507812 0.0230937 0.0443333
42 0.38632 0.861563 0.0632031 0.0510833
42 0.117977 0.897437 0.0174531 0.0584167
