34 0.75918 0.15825 0.146297 0.192583
34 0.471039 0.676792 0.0912031 0.20325
34 0.195117 0.534187 0.0600469 0.152708
34 0.446992 0.668656 0.0554844 0.118854
34 0.458875 0.67299 0.0822187 0.203729
0 0.0767812 0.518198 0.153562 0.558312
0 0.656031 0.518958 0.440875 0.920375
0 0.286516 0.540448 0.148313 0.528104
0 0.36018 0.472865 0.0931406 0.411896
0 0.572047 0.428812 0.0836875 0.473708
0 0.849656 0.448188 0.0779688 0.403167
0 0.405766 0.566063 0.083625 0.477333
0 0.175914 0.537062 0.135234 0.506167
34 0.450164 0.641104 0.0660781 0.12775
0 0.982688 0.698385 0.0322812 0.0708125
0 0.886297 0.573729 0.159844 0.311833
