0 0.440391 0.292396 0.0701563 0.174333
0 0.355805 0.274219 0.0971406 0.199271
0 0.154344 0.283594 0.107625 0.200896
26 0.747047 0.492167 0.322125 0.278958
28 0.566289 0.803375 0.539328 0.370792
28 0.849437 0.78876 0.266281 0.422479
24 0.0263672 0.307115 0.0520781 0.133021
0 0.267094 0.289062 0.0887187 0.172583
0 0.0529219 0.291469 0.105844 0.227063
1 0.54982 0.40151 0.0765156 0.0908542
1 0.264352 0.419187 0.122703 0.0935
1 0.544781 0.557438 0.0489062 0.104
1 0.893188 0.360646 0.111187 0.0479583
1 0.361656 0.389542 0.09675 0.04975
1 0.340125 0.373635 0.13075 0.0270208
1 0.434273 0.381031 0.0708906 0.0347708
1 0.599898 0.420615 0.0834219 0.142563
1 0.104211 0.407708 0.0935156 0.0645
24 0.143555 0.506521 0.216797 0.223958
24 0.164836 0.274573 0.0542969 0.0629792
28 0.574406 0.571094 0.0570625 0.0932292
28 0.366234 0.619479 0.315594 0.43375
28 0.224031 0.929875 0.167531 0.0935
58 0.209641 0.291396 0.0685 0.172875
1 0.516547 0.471021 0.0589688 0.0749583
