0 0.264656 0.371875 0.0382292 0.062375
0 0.369635 0.394961 0.0456042 0.0303281
0 0.373156 0.370203 0.0240208 0.0280625
0 0.16949 0.321773 0.00764583 0.00614063
0 0.336135 0.39175 0.0327708 0.0299063
19 0.854115 0.523773 0.0566458 0.0488594
19 0.80375 0.577813 0.107125 0.0753125
0 0.655427 0.327266 0.0048125 0.00721875
0 0.155375 0.319602 0.00841667 0.0101406
25 0.39076 0.367266 0.0715625 0.05275
0 0.330063 0.313984 0.003375 0.0058125
8 0.116156 0.40268 0.0958958 0.0276406
0 0.929198 0.326195 0.00697917 0.0120469
