0 0.873312 0.184688 0.222969 0.333333
0 0.726453 0.123573 0.3565 0.242146
43 0.829086 0.298187 0.171766 0.238083
43 0.755898 0.752958 0.190453 0.467417
45 0.287773 0.10149 0.251766 0.194146
45 0.116203 0.303708 0.211719 0.225042
76 0.380898 0.284271 0.165172 0.253917
51 0.536242 0.305073 0.271891 0.186896
51 0.768805 0.370427 0.0299844 0.0315625
51 0.814039 0.387635 0.0370781 0.0471875
51 0.773453 0.310219 0.0441875 0.0396875
51 0.765961 0.365302 0.120641 0.102354
51 0.283016 0.0870833 0.213469 0.151875
51 0.692992 0.380844 0.0215469 0.0287292
