39 0.852049 0.168977 0.258197 0.335641
39 0.542611 0.542141 0.0997892 0.0610313
39 0.732108 0.629148 0.164169 0.166609
39 0.844508 0.674195 0.186956 0.148391
72 0.5 0.452117 1 0.899328
0 0.399133 0.585391 0.522061 0.721344
39 0.94048 0.732305 0.11904 0.128484
39 0.134895 0.512227 0.174192 0.0726406
39 0.121651 0.491023 0.15918 0.0513906
39 0.24719 0.519109 0.0681967 0.0619062
39 0.964391 0.246789 0.0712178 0.243266
39 0.157354 0.56968 0.210913 0.0658906
39 0.253279 0.474547 0.106557 0.0366875
39 0.166358 0.488625 0.295995 0.075
