56 0.756719 0.603583 0.401469 0.792834
1 0.42018 0.207752 0.198297 0.154567
2 0.220391 0.209379 0.322906 0.118525
2 0.454172 0.189871 0.05975 0.0424122
2 0.0432188 0.226944 0.085875 0.072904
2 0.0526719 0.155164 0.0258125 0.0457377
0 0.559742 0.507881 0.434266 0.96171
0 0.744617 0.217049 0.0301094 0.112459
0 0.85143 0.222506 0.0301719 0.0671194
0 0.830891 0.224309 0.0236875 0.0562998
0 0.804102 0.206944 0.0191406 0.0426932
0 0.971414 0.351956 0.0571719 0.223958
0 0.0177344 0.169778 0.0124063 0.0361827
0 0.0607734 0.187951 0.0182344 0.0455504
0 0.780859 0.189918 0.0212188 0.0435831
25 0.849305 0.11726 0.301391 0.23452
63 0.302102 0.380726 0.251016 0.335738
0 0.893969 0.217166 0.0389688 0.0645433
0 0.818758 0.222061 0.00910937 0.0375176
2 0.397852 0.200129 0.0497656 0.0413349
2 0.483125 0.234895 0.0474687 0.058267
0 0.486758 0.190902 0.0114219 0.0222248
2 0.127414 0.193653 0.0930156 0.0733958
24 0.331 0.90233 0.212594 0.19534
28 0.725344 0.262611 0.0299063 0.0682201
2 0.436625 0.243782 0.0884687 0.0717799
