56 0.709368 0.364758 0.150211 0.124234
56 0.297119 0.359234 0.133677 0.119906
56 0.139239 0.354148 0.0978689 0.111297
56 0.216546 0.342516 0.0596487 0.0872813
56 0.0339344 0.342648 0.0632787 0.0804531
56 0.856475 0.370141 0.0841452 0.10325
56 0.637237 0.350961 0.0266042 0.0777031
10 0.481604 0.436664 0.444895 0.556859
56 0.306347 0.375602 0.0534895 0.0352031
25 0.630984 0.147602 0.12815 0.295203
60 0.8263 0.361852 0.162342 0.122578
60 0.0395667 0.291859 0.0791335 0.0099375
56 0.945269 0.374648 0.109461 0.115047
56 0.982237 0.392281 0.0355269 0.0593125
60 0.228794 0.297375 0.161382 0.004625
