56 0.587695 0.116021 0.0252344 0.0545
56 0.784352 0.130833 0.0181094 0.0537917
60 0.606172 0.114177 0.0801562 0.0730208
60 0.8245 0.133667 0.0280625 0.0529167
0 0.167383 0.325427 0.182422 0.650854
0 0.492859 0.0796979 0.143562 0.159396
0 0.383602 0.0792812 0.0500781 0.154771
20 0.524156 0.401125 0.509 0.730333
0 0.56425 0.07175 0.0265625 0.065625
0 0.424734 0.074875 0.043 0.1495
0 0.561953 0.02875 0.0183125 0.0541667
56 0.666906 0.108615 0.0270937 0.0180625
56 0.82907 0.133698 0.0205469 0.0570208
0 0.968656 0.404219 0.0626875 0.399188
