1 0.641117 0.557552 0.151453 0.357016
9 0.410812 0.0754079 0.0090625 0.0398601
9 0.0898359 0.0390909 0.0161719 0.0570163
9 0.468617 0.0868765 0.0138281 0.0393939
9 0.0119688 0.212937 0.0104375 0.0382284
9 0.579164 0.199883 0.00951562 0.0483916
36 0.422563 0.911212 0.110156 0.101725
24 0.651516 0.393287 0.0695313 0.134033
0 0.397852 0.527203 0.166109 0.749883
0 0.640047 0.479545 0.140937 0.451678
0 0.599109 0.33352 0.0250937 0.0761772
0 0.500977 0.332541 0.0101406 0.0670396
0 0.332867 0.317879 0.0344531 0.0937995
0 0.961648 0.330268 0.0265469 0.0494872
9 0.00945312 0.0572611 0.0136562 0.0552214
0 0.128375 0.305664 0.012125 0.0464802
0 0.0677031 0.313007 0.0198125 0.0443357
0 0.0824609 0.31204 0.0201719 0.062634
0 0.109375 0.30796 0.0283438 0.0490676
0 0.243195 0.298147 0.00507813 0.0235198
9 0.433344 0.252529 0.00403125 0.0106993
0 0.222992 0.299138 0.0118281 0.0366434
