0 0.515008 0.610117 0.448297 0.779766
0 0.934672 0.557635 0.0559687 0.157471
34 0.414289 0.274754 0.167922 0.224215
0 0.169711 0.270585 0.0431719 0.0723185
0 0.339156 0.280328 0.0609375 0.112927
0 0.837383 0.585023 0.0790156 0.107471
0 0.284336 0.344169 0.0643594 0.130726
0 0.617867 0.266979 0.0580781 0.0972365
0 0.55343 0.140785 0.0651406 0.154122
0 0.378633 0.606745 0.0807969 0.0786417
0 0.0957031 0.390047 0.0544375 0.0978923
0 0.229672 0.432295 0.0594375 0.16534
0 0.0382656 0.462237 0.0590938 0.135246
0 0.813633 0.518267 0.0643281 0.0983607
