32 0.443211 0.787594 0.0399219 0.0463958
0 0.431461 0.526969 0.306734 0.914604
0 0.892922 0.415083 0.0996563 0.15625
0 0.971484 0.417563 0.0521875 0.152958
0 0.577234 0.274271 0.140844 0.263125
38 0.42307 0.778823 0.221859 0.0757292
0 0.315922 0.26225 0.08575 0.145875
0 0.206922 0.358104 0.0354688 0.114875
0 0.0880078 0.380948 0.0632344 0.113729
0 0.325781 0.201479 0.114906 0.137583
0 0.160852 0.35251 0.0888281 0.173104
27 0.15832 0.387271 0.0192031 0.0972917
56 0.596406 0.153948 0.0954688 0.0651458
56 0.963695 0.130438 0.0700156 0.0488333
56 0.269789 0.454906 0.0708281 0.0671875
56 0.519961 0.152615 0.0476719 0.0603542
56 0.474461 0.0348333 0.0601094 0.0400833
56 0.554766 0.047 0.06675 0.0190417
56 0.639914 0.0915 0.0682031 0.121583
56 0.966102 0.0731667 0.0677969 0.0810417
56 0.934922 0.280229 0.0786563 0.0630833
56 0.247461 0.495312 0.0813906 0.02925
0 0.974016 0.338438 0.050875 0.159417
0 0.0337969 0.399135 0.0468438 0.0785625
0 0.105445 0.350229 0.0262031 0.0728333
0 0.0406641 0.362792 0.0245781 0.0395833
56 0.933203 0.44175 0.025 0.080125
56 0.926078 0.307042 0.0800625 0.0215833
