8 0.291547 0.5075 0.414781 0.849439
8 0.952445 0.653037 0.0676094 0.371776
8 0.0669141 0.662418 0.0641094 0.388014
8 0.585938 0.737792 0.023875 0.101565
8 0.628008 0.805409 0.0167031 0.015257
8 0.749719 0.713026 0.0597188 0.243808
8 0.609664 0.807699 0.0217031 0.0151636
0 0.135242 0.846379 0.0370781 0.058785
0 0.178906 0.850502 0.0160313 0.0387617
8 0.577734 0.807769 0.0224688 0.0193692
8 0.592211 0.80771 0.0206094 0.0189252
8 0.682063 0.806133 0.0171563 0.0135748
0 0.188062 0.850607 0.03475 0.0497196
8 0.508727 0.667313 0.0399219 0.378131
8 0.647398 0.811121 0.0198281 0.0271028
