58 0.531563 0.510573 0.139375 0.268979
58 0.33243 0.494354 0.111766 0.339625
58 0.224602 0.424385 0.138703 0.371187
62 0.864602 0.61026 0.239328 0.285396
39 0.243266 0.567896 0.02425 0.101292
39 0.265234 0.582365 0.0379063 0.165688
63 0.889406 0.751781 0.221188 0.245729
73 0.332805 0.837458 0.0136406 0.11375
73 0.374773 0.839375 0.0131406 0.097375
73 0.532508 0.782083 0.0492656 0.011625
73 0.310617 0.835396 0.0262656 0.115542
73 0.430945 0.522354 0.0108594 0.086
73 0.346031 0.844135 0.016375 0.0941458
75 0.13082 0.571083 0.0232656 0.0702917
28 0.699547 0.89574 0.221969 0.181604
58 0.420469 0.320156 0.0512813 0.122729
58 0.462937 0.33 0.0338125 0.122375
73 0.534531 0.803302 0.05525 0.0121042
73 0.423828 0.526938 0.00946875 0.0775
73 0.537234 0.812406 0.0608437 0.0187292
73 0.464039 0.530104 0.00554687 0.0717083
73 0.533617 0.740667 0.0422031 0.00570833
73 0.536227 0.745365 0.0597969 0.0207292
