0 0.53118 0.926246 0.01004 0.0387988
0 0.81372 0.912132 0.01064 0.0502703
0 0.89948 0.911532 0.01404 0.0561562
0 0.2225 0.921231 0.02424 0.0651652
33 0.75379 0.534429 0.15514 0.180631
33 0.18449 0.213769 0.07718 0.0584685
33 0.60477 0.666907 0.0309 0.0479279
33 0.72154 0.708393 0.2104 0.149399
0 0.36451 0.958048 0.04026 0.0725526
0 0.0712 0.939084 0.03956 0.121832
2 0.13508 0.910781 0.13532 0.123423
2 0.43786 0.900721 0.02896 0.0154354
0 0.58786 0.920751 0.00568 0.0326727
0 0.58027 0.917447 0.0095 0.0298498
2 0.29496 0.921306 0.03828 0.0323423
2 0.51996 0.893468 0.01148 0.017988
33 0.66155 0.412703 0.00678 0.00918919
33 0.68097 0.383544 0.02554 0.0217417
0 0.24563 0.894069 0.00626 0.0170871
0 0.74007 0.921547 0.00486 0.02003
