32 0.637062 0.08465 0.033275 0.0206667
0 0.510675 0.584275 0.34045 0.710117
0 0.0928 0.687567 0.17955 0.328533
0 0.64215 0.0640833 0.17235 0.127567
38 0.649687 0.1411 0.119675 0.195633
0 0.51855 0.0921 0.0939 0.101967
0 0.907875 0.0345417 0.1566 0.0639167
0 0.982938 0.0269417 0.033425 0.0538833
56 0.15565 0.261683 0.04815 0.0447667
56 0.225513 0.260975 0.042075 0.0420833
56 0.295137 0.259642 0.099975 0.04955
56 0.35305 0.260908 0.04525 0.0402167
56 0.4256 0.2604 0.1006 0.0442
56 0.482588 0.263242 0.044075 0.0383833
56 0.0954875 0.258833 0.107975 0.0518333
56 0.550763 0.261275 0.097825 0.0421167
56 0.6761 0.264208 0.0908 0.0428167
56 0.7321 0.267383 0.04795 0.0355333
56 0.955825 0.270333 0.0821 0.0547333
56 0.385575 0.0968 0.09675 0.0437
56 0.741575 0.106325 0.0661 0.0408167
