3 0.417672 0.565115 0.058375 0.138479
3 0.656031 0.555323 0.0508438 0.115187
3 0.231063 0.534198 0.0465938 0.111813
3 0.521156 0.52176 0.0252812 0.0646042
3 0.448719 0.505156 0.021875 0.0703958
0 0.412383 0.497656 0.0762969 0.183104
0 0.651031 0.502073 0.0660625 0.151187
0 0.228563 0.489615 0.0648125 0.152896
0 0.517859 0.493281 0.0343125 0.0845625
24 0.665742 0.47125 0.0351406 0.0569583
24 0.227813 0.461906 0.0348125 0.0519375
2 0.858711 0.513917 0.0589844 0.0629167
2 0.339609 0.485938 0.0307812 0.0267083
2 0.29157 0.482458 0.0370781 0.0404583
2 0.3295 0.479656 0.0236563 0.0261458
0 0.443742 0.481698 0.0213906 0.0889792
2 0.824094 0.509125 0.0251563 0.0397083
2 0.925258 0.474042 0.0209219 0.0226667
2 0.773078 0.466812 0.01625 0.0234167
2 0.761695 0.46824 0.0116094 0.0226042
2 0.750164 0.470104 0.0210781 0.0285
2 0.736016 0.449719 0.0196563 0.0196458
2 0.69668 0.454865 0.0193594 0.0118125
2 0.789984 0.460385 0.0145625 0.0227708
24 0.419164 0.465771 0.0462031 0.059875
2 0.869656 0.444625 0.02425 0.0177917
