0 0.66998 0.4746 0.17336 0.76525
31 0.52947 0.51315 0.10146 0.56435
31 0.41156 0.522637 0.10844 0.587825
30 0.24957 0.155512 0.04042 0.054625
31 0.4322 0.188512 0.02828 0.133175
31 0.47555 0.242413 0.02686 0.184225
31 0.52162 0.179525 0.02324 0.10385
31 0.53872 0.18525 0.04272 0.12685
31 0.23898 0.249037 0.0398 0.141325
31 0.27725 0.19965 0.03442 0.086
30 0.21101 0.285463 0.0549 0.211125
30 0.44468 0.232912 0.05056 0.218275
0 0.75691 0.289787 0.0495 0.306675
31 0.40058 0.187075 0.05748 0.1176
31 0.31935 0.220063 0.02686 0.046075
31 0.34153 0.184375 0.0365 0.1189
31 0.49965 0.1912 0.02534 0.13245
31 0.3646 0.211238 0.0316 0.146225
