56 0.133297 0.774778 0.266594 0.448201
56 0.478977 0.76465 0.247016 0.409907
56 0.788922 0.710689 0.291438 0.434042
56 0.536445 0.360607 0.0347969 0.0844393
60 0.602437 0.288037 0.112937 0.0826168
0 0.768391 0.570537 0.304937 0.722336
0 0.721203 0.344159 0.178062 0.376449
0 0.444398 0.271016 0.157609 0.257407
0 0.700375 0.189194 0.0451875 0.0833411
0 0.143516 0.548318 0.287031 0.817991
0 0.117734 0.150958 0.0889687 0.289533
0 0.344406 0.248283 0.096625 0.275864
0 0.160234 0.345269 0.16875 0.366565
0 0.381266 0.20632 0.0442188 0.125164
40 0.621672 0.427523 0.0320312 0.114019
40 0.516148 0.460257 0.0375469 0.125187
40 0.539766 0.373364 0.0288125 0.0756075
40 0.397531 0.377126 0.0306875 0.0976636
40 0.327242 0.443049 0.0334219 0.119836
40 0.28518 0.401647 0.0333281 0.105584
27 0.10168 0.082465 0.0180469 0.0197897
40 0.615773 0.275222 0.0179219 0.0558645
40 0.589187 0.259883 0.0166875 0.0660748
41 0.292008 0.498271 0.0330156 0.0583645
60 0.453094 0.480339 0.572562 0.164042
0 0.521031 0.25264 0.0942813 0.233785
0 0.660477 0.221425 0.0762031 0.147523
41 0.701945 0.450257 0.0357969 0.0520093
41 0.575414 0.511998 0.0424531 0.0590421
41 0.208484 0.422325 0.0363438 0.043014
41 0.565398 0.387009 0.0260469 0.0363551
41 0.571227 0.299895 0.0164844 0.0275
41 0.357227 0.386904 0.0260469 0.0467523
43 0.52225 0.538995 0.0209063 0.0375701
43 0.262695 0.444603 0.0182344 0.00584112
43 0.275273 0.514953 0.0782031 0.0249065
44 0.531859 0.535292 0.0151875 0.035257
45 0.489391 0.471273 0.0386562 0.040257
56 0.310937 0.331238 0.0418437 0.114439
75 0.463641 0.422757 0.0778125 0.115607
0 0.123742 0.207792 0.0523906 0.146799
26 0.953828 0.86889 0.0907813 0.10965
41 0.424398 0.469918 0.0382031 0.0412383
44 0.670859 0.448002 0.0290938 0.010257
44 0.70718 0.489521 0.0187969 0.00880841
