39 0.790266 0.342623 0.0189687 0.0915222
39 0.77107 0.344309 0.0220156 0.0949883
0 0.533328 0.405398 0.247812 0.366159
43 0.8365 0.491557 0.0228437 0.0547775
44 0.808578 0.791288 0.0712187 0.0322717
45 0.728563 0.824192 0.114219 0.0919438
45 0.436227 0.741136 0.0856406 0.0687354
45 0.095 0.647342 0.0567187 0.0425059
45 0.0131875 0.622881 0.026375 0.038267
44 0.489844 0.712178 0.05425 0.025808
44 0.0200781 0.600726 0.0199375 0.0221077
43 0.828258 0.485913 0.0161406 0.0633489
44 0.118438 0.625199 0.0224375 0.0189696
45 0.849734 0.586593 0.118969 0.057541
45 0.889617 0.355843 0.0446719 0.00653396
45 0.991789 0.365246 0.0164219 0.0374239
45 0.93568 0.365726 0.0382031 0.0387588
45 0.890172 0.336358 0.0430625 0.00728337
45 0.828492 0.344614 0.0324844 0.00843091
45 0.886633 0.377155 0.0395156 0.0169321
45 0.992258 0.340035 0.0154844 0.0137471
