62 0.116741 0.551125 0.199647 0.125844
56 0.412859 0.59557 0.108588 0.121828
56 0.613612 0.572859 0.0727765 0.051
57 0.524635 0.747914 0.420988 0.311828
73 0.0480706 0.699273 0.0249412 0.0389219
26 0.5682 0.839258 0.243929 0.0844844
73 0.05 0.695281 0.0306824 0.0399687
73 0.0694353 0.764133 0.0353882 0.0332969
73 0.0294118 0.705367 0.0252235 0.0375469
73 0.0892 0.754664 0.0259765 0.0332969
73 0.147035 0.726586 0.0607059 0.0483594
73 0.1822 0.641773 0.0192235 0.0332031
73 0.1008 0.745633 0.0274353 0.0318906
73 0.041 0.700609 0.0209176 0.0355625
0 0.907718 0.873734 0.184565 0.145313
26 0.530624 0.908109 0.221294 0.0942187
60 0.497471 0.570219 0.100682 0.0277813
73 0.181729 0.701328 0.0126353 0.0267188
73 0.171318 0.654125 0.0192 0.0308125
73 0.189871 0.698562 0.0169176 0.0320937
73 0.167847 0.633531 0.0125882 0.0117813
