39 0.91482 0.515573 0.0839219 0.319438
0 0.322758 0.513479 0.436516 0.671917
41 0.829016 0.571073 0.0869687 0.151562
41 0.94143 0.611854 0.115703 0.281458
55 0.280617 0.841573 0.139891 0.141563
55 0.793727 0.81951 0.121078 0.0739792
55 0.595781 0.901115 0.176969 0.148312
55 0.611375 0.808104 0.137094 0.0845833
55 0.46982 0.78774 0.109172 0.0438958
55 0.430289 0.885958 0.151984 0.16125
55 0.411234 0.712365 0.1045 0.0494375
55 0.532438 0.718 0.107313 0.0715417
0 0.916234 0.336406 0.167531 0.344562
56 0.123586 0.632625 0.247172 0.602708
0 0.0934297 0.110167 0.184453 0.219583
39 0.655687 0.5365 0.0630625 0.164125
55 0.778898 0.910385 0.150609 0.0882292
55 0.776695 0.747635 0.0980781 0.0697292
55 0.330703 0.75275 0.119562 0.0599167
60 0.524414 0.794281 0.951172 0.377604
