0 0.546438 0.85473 0.223375 0.281526
0 0.690305 0.85169 0.0972344 0.247183
26 0.699211 0.937148 0.0862969 0.125657
26 0.279789 0.877653 0.0432031 0.123944
25 0.249797 0.57865 0.499594 0.519085
25 0.690258 0.621526 0.266922 0.149343
25 0.706352 0.735763 0.112422 0.151338
25 0.868437 0.841737 0.262906 0.316526
25 0.899813 0.686068 0.121 0.0639202
25 0.534297 0.670399 0.197 0.156948
25 0.293922 0.766444 0.198937 0.130352
25 0.984891 0.682782 0.0302187 0.0415258
25 0.748539 0.785481 0.0788281 0.103779
0 0.633867 0.832946 0.0737344 0.226455
0 0.418438 0.862629 0.0672813 0.274742
0 0.463172 0.839507 0.123719 0.314789
0 0.865117 0.962852 0.100828 0.0742958
25 0.719688 0.673075 0.0514687 0.0401878
26 0.507086 0.925399 0.0249844 0.149202
0 0.783039 0.780962 0.0643594 0.15507
0 0.162094 0.890681 0.275906 0.202066
0 0.290477 0.904988 0.136547 0.190023
