0 0.609781 0.662854 0.137781 0.418788
0 0.909859 0.697588 0.0930312 0.516894
0 0.429273 0.454242 0.0749844 0.167677
0 0.33957 0.430795 0.0399844 0.0952273
0 0.732414 0.427487 0.0357656 0.120429
0 0.24593 0.395732 0.0139219 0.069596
0 0.0660469 0.427399 0.0375313 0.105606
0 0.883867 0.774394 0.152297 0.353131
34 0.716094 0.723763 0.0935 0.130657
0 0.306383 0.412639 0.0223906 0.0535101
0 0.143766 0.399053 0.0157188 0.062702
0 0.944508 0.428977 0.0173906 0.0612374
32 0.708281 0.701982 0.0123438 0.0188131
35 0.408125 0.443245 0.00965625 0.0141162
35 0.740789 0.401843 0.00932812 0.0206061
35 0.817805 0.864596 0.0279219 0.0674242
0 0.526727 0.410518 0.0391406 0.121338
35 0.0701875 0.434268 0.00934375 0.010404
35 0.660781 0.65476 0.0253125 0.032803
0 0.213414 0.398434 0.0123906 0.0696465
