19 0.565734 0.625167 0.654969 0.565333
0 0.419367 0.627927 0.202016 0.612562
0 0.638016 0.62449 0.254906 0.532604
0 0.116297 0.134833 0.1045 0.265167
0 0.223492 0.125667 0.0750156 0.204583
0 0.274914 0.125656 0.0767344 0.238687
0 0.906016 0.100896 0.0760625 0.201792
0 0.965203 0.107823 0.0695937 0.215646
0 0.777812 0.0696667 0.0758438 0.103375
39 0.634047 0.835542 0.061 0.0845833
0 0.530172 0.100917 0.0952187 0.057375
0 0.0278281 0.127823 0.0521875 0.0596458
0 0.687852 0.0865313 0.0779844 0.0577708
0 0.832398 0.0650208 0.0687031 0.082625
0 0.630531 0.07975 0.056625 0.0790417
