18 0.289953 0.797412 0.122254 0.120078
18 0.157066 0.812549 0.0811268 0.107216
18 0.693744 0.787784 0.104108 0.107882
18 0.614472 0.786941 0.0474883 0.103922
19 0.375728 0.761706 0.104038 0.300431
0 0.946115 0.662941 0.0727934 0.238667
0 0.675986 0.629471 0.0228638 0.0841961
0 0.97939 0.649078 0.0351643 0.183725
0 0.823897 0.546216 0.0385446 0.0568235
19 0.564448 0.761961 0.212934 0.342275
0 0.339437 0.645569 0.0406573 0.101569
0 0.74135 0.63302 0.0126995 0.0550588
0 0.606526 0.569941 0.0210798 0.106627
18 0.182958 0.752784 0.07277 0.0461176
18 0.444542 0.787647 0.0691315 0.120549
7 0.847465 0.55998 0.16892 0.376275
18 0.223415 0.803863 0.058662 0.123333
18 0.0954343 0.810471 0.0557981 0.0961569
