0 0.929383 0.616165 0.103172 0.285382
20 0.696477 0.560331 0.203734 0.353554
20 0.290594 0.569257 0.183656 0.242851
20 0.489484 0.558373 0.219406 0.367349
0 0.674859 0.343775 0.0403437 0.11249
0 0.87507 0.445783 0.0319219 0.112851
0 0.1 0.59756 0.017 0.0644779
0 0.720539 0.357139 0.107297 0.13492
0 0.317211 0.419438 0.0735469 0.0983133
0 0.807117 0.550713 0.0463906 0.119217
27 0.945398 0.515633 0.0138906 0.00941767
0 0.453094 0.358685 0.0898125 0.0616265
0 0.127422 0.600884 0.0196875 0.0714056
0 0.85168 0.480924 0.0228281 0.0449799
0 0.195609 0.597169 0.0188125 0.0794378
0 0.513742 0.34746 0.0639219 0.141827
27 0.480875 0.364267 0.0071875 0.00716867
27 0.812203 0.520572 0.00378125 0.0052008
27 0.702141 0.341878 0.0058125 0.0139558
0 0.0264141 0.575131 0.0312969 0.0785341
