3 0.43283 0.860356 0.53638 0.256743
3 0.34372 0.303537 0.14264 0.214351
3 0.3137 0.623321 0.23968 0.125573
3 0.65208 0.659491 0.5182 0.315827
0 0.47349 0.459008 0.38358 0.368092
0 0.12702 0.112824 0.06436 0.136234
0 0.36366 0.199338 0.1618 0.27486
0 0.08213 0.226972 0.15366 0.359542
0 0.21105 0.181234 0.10246 0.257074
0 0.63437 0.194656 0.10738 0.215573
3 0.72374 0.412226 0.16432 0.201858
7 0.2338 0.145483 0.32748 0.290967
0 0.17328 0.170191 0.04844 0.215191
0 0.54943 0.175356 0.06226 0.201756
0 0.41983 0.107176 0.02922 0.0743511
0 0.74246 0.172468 0.08916 0.118779
0 0.19067 0.107519 0.02034 0.0683206
0 0.51199 0.126132 0.0619 0.0774555
3 0.85527 0.853333 0.28946 0.266667
3 0.85841 0.400903 0.16918 0.302214
3 0.07088 0.379796 0.14084 0.345344
3 0.61605 0.244822 0.15278 0.0988041
3 0.50682 0.225445 0.06008 0.148346
3 0.93202 0.358651 0.13596 0.251654
3 0.94647 0.300471 0.10598 0.141298
