0 0.681865 0.5195 0.270862 0.54675
30 0.662401 0.788047 0.269697 0.279938
24 0.783718 0.447742 0.0702797 0.111641
2 0.13465 0.333461 0.0415152 0.0492344
2 0.14979 0.330422 0.0341259 0.038125
2 0.545641 0.353641 0.135012 0.0482812
2 0.458601 0.337359 0.101399 0.0435313
2 0.485699 0.345617 0.0815618 0.0331719
2 0.350082 0.323641 0.0520047 0.0187187
2 0.0983916 0.334813 0.0963636 0.0501875
2 0.0680653 0.3495 0.129371 0.0676563
2 0.39789 0.333094 0.061655 0.0269062
2 0.80211 0.381023 0.116247 0.0519531
