6 0.5935 0.524976 0.812625 0.196871
5 0.881937 0.508988 0.229813 0.168518
0 0.764711 0.602988 0.0193281 0.0808471
2 0.844562 0.597918 0.0581875 0.0605412
2 0.697891 0.609529 0.151688 0.0759059
2 0.603078 0.596059 0.0961562 0.0680706
7 0.90543 0.592247 0.128953 0.0801647
0 0.402469 0.506894 0.00590625 0.0180706
2 0.458797 0.601894 0.0854688 0.0715529
2 0.386281 0.600929 0.08525 0.0763529
2 0.988617 0.6 0.0227656 0.0395294
2 0.316336 0.605259 0.106734 0.0823765
2 0.532062 0.599765 0.0893125 0.0741647
2 0.651258 0.581141 0.0594531 0.0312706
2 0.702891 0.568553 0.0548125 0.0209647
7 0.787 0.597518 0.0955938 0.0768235
