2 0.244617 0.628578 0.470016 0.303111
2 0.61232 0.548731 0.0836719 0.10479
2 0.643398 0.522605 0.0738906 0.0695229
2 0.68732 0.530496 0.0355156 0.0694275
2 0.0631562 0.504027 0.0969062 0.0841221
2 0.383016 0.51916 0.0921875 0.0753053
2 0.42732 0.506775 0.0671094 0.0573282
12 0.22157 0.579256 0.0287031 0.0932824
12 0.542391 0.541517 0.01525 0.0483779
0 0.919172 0.513798 0.0245938 0.0549618
0 0.887711 0.522185 0.0374219 0.0830725
0 0.759695 0.516279 0.0105781 0.0453817
0 0.817344 0.502166 0.0122813 0.0416985
5 0.636219 0.474618 0.0686563 0.0348473
12 0.637 0.525887 0.0095 0.0213931
12 0.681734 0.518903 0.0066875 0.016126
12 0.707461 0.514361 0.00720313 0.0123855
26 0.870453 0.532844 0.0114687 0.0205725
26 0.911359 0.529637 0.0055 0.00828244
0 0.845844 0.509971 0.0121563 0.0393321
2 0.70643 0.521527 0.0252969 0.0454962
2 0.695 0.498511 0.0468125 0.0341985
2 0.0589922 0.57645 0.0902969 0.0866412
2 0.513234 0.563893 0.194594 0.154885
