0 0.500797 0.531033 0.263375 0.769744
0 0.719391 0.535551 0.288469 0.776535
13 0.511031 0.692136 0.954281 0.202264
34 0.36225 0.727283 0.12075 0.39374
34 0.188266 0.686014 0.103906 0.436398
34 0.610031 0.714606 0.117719 0.462913
34 0.125328 0.917175 0.189906 0.0928543
34 0.477773 0.944813 0.0804844 0.0586811
0 0.314562 0.546526 0.249594 0.67939
0 0.448891 0.126929 0.043125 0.0575591
0 0.842758 0.0645276 0.0557031 0.0495669
0 0.803438 0.0779528 0.0208125 0.0318504
0 0.122117 0.229823 0.0291406 0.0618504
0 0.167695 0.223671 0.0611406 0.134823
0 0.293 0.679016 0.107781 0.340748
0 0.756352 0.120551 0.0250781 0.0648425
13 0.625336 0.114173 0.0708281 0.0292913
13 0.882672 0.124232 0.195125 0.0670472
13 0.652852 0.0935531 0.162234 0.043248
