5 0.50243 0.717229 0.240109 0.400448
0 0.287508 0.789328 0.0417031 0.18941
0 0.252875 0.799752 0.0357813 0.174127
0 0.192453 0.798066 0.0721563 0.165613
0 0.5615 0.718726 0.0422812 0.0503774
0 0.319367 0.809151 0.0217969 0.114009
0 0.334961 0.813373 0.0208594 0.113302
13 0.939742 0.871498 0.0734531 0.10408
13 0.878164 0.857064 0.0636719 0.0880896
26 0.301008 0.768031 0.0283281 0.0799292
26 0.176867 0.799328 0.0130781 0.0216274
0 0.0356484 0.816816 0.0594219 0.365472
0 0.974219 0.843467 0.04925 0.311038
0 0.35275 0.813892 0.022 0.107925
0 0.637453 0.839788 0.00971875 0.0631604
