0 0.511141 0.395904 0.0538438 0.126408
0 0.19157 0.154531 0.0100469 0.0546009
0 0.0813594 0.13412 0.0145 0.0525117
0 0.104937 0.176162 0.0172187 0.0544366
30 0.511781 0.432946 0.073625 0.155235
0 0.167383 0.176514 0.0152969 0.0651408
0 0.878609 0.322969 0.0230625 0.0774413
0 0.863195 0.314589 0.0168281 0.0693662
0 0.545414 0.305434 0.0179844 0.0724648
0 0.131445 0.132547 0.0104219 0.0512441
0 0.137109 0.124026 0.00771875 0.047723
0 0.144023 0.143169 0.0128594 0.0513615
0 0.235469 0.510998 0.0195625 0.0959859
30 0.100836 0.199237 0.0260469 0.014061
30 0.167641 0.199894 0.0135312 0.0181455
0 0.16968 0.125423 0.0145156 0.0394366
31 0.229695 0.561702 0.0140781 0.00833333
30 0.142758 0.165915 0.0282031 0.00511737
