0 0.639102 0.301812 0.0879844 0.34575
0 0.218258 0.213917 0.126391 0.1955
0 0.752523 0.425844 0.0859531 0.379771
0 0.329922 0.233302 0.103563 0.217188
0 0.583742 0.399854 0.0171719 0.069
36 0.790891 0.454562 0.109719 0.561167
36 0.646711 0.481146 0.0386406 0.03025
36 0.910477 0.49324 0.179047 0.738729
0 0.295344 0.449969 0.0587812 0.0522708
0 0.395969 0.412167 0.01625 0.0468333
0 0.120484 0.381208 0.0310625 0.0538333
13 0.203867 0.337344 0.407734 0.426563
13 0.494352 0.424719 0.134641 0.0940208
36 0.310258 0.455063 0.0244219 0.044125
36 0.0575156 0.205844 0.0577187 0.160479
0 0.489039 0.200573 0.0782656 0.151021
0 0.0971719 0.208271 0.140125 0.16825
0 0.901313 0.805563 0.147281 0.146917
0 0.221508 0.299469 0.110234 0.347354
0 0.869289 0.717635 0.0976719 0.0873958
