2 0.241203 0.725307 0.180563 0.101732
2 0.490164 0.719372 0.169672 0.129246
2 0.0529609 0.720824 0.105922 0.154832
2 0.912336 0.740712 0.175328 0.187905
9 0.500758 0.383254 0.0162031 0.0651676
9 0.627773 0.400908 0.0153281 0.0313687
9 0.729586 0.451648 0.0143594 0.0273184
0 0.827055 0.788953 0.186984 0.422095
0 0.35007 0.722682 0.0252656 0.135531
0 0.600773 0.726369 0.0301719 0.0842458
0 0.615328 0.71507 0.0109375 0.0481285
0 0.628266 0.720992 0.00953125 0.0471788
26 0.784766 0.788841 0.0778438 0.174721
9 0.419797 0.582095 0.011125 0.0421229
0 0.339086 0.714972 0.00995313 0.0743017
2 0.370664 0.722332 0.0217656 0.0623743
2 0.376609 0.71419 0.0365313 0.0658101
2 0.40382 0.716872 0.0123594 0.0417877
7 0.158906 0.705112 0.0614688 0.0779888
0 0.0833438 0.686313 0.01125 0.0603911
