0 0.589047 0.60074 0.278094 0.550562
0 0.141102 0.443479 0.0263906 0.0734167
0 0.169969 0.441875 0.0304687 0.0760833
0 0.183062 0.404677 0.016375 0.0722292
0 0.13075 0.410104 0.0206875 0.07375
0 0.0412656 0.437719 0.02075 0.0975625
0 0.776547 0.390104 0.0287187 0.0306667
0 0.863633 0.405906 0.0214531 0.0579792
0 0.832734 0.391615 0.0392188 0.0735625
32 0.498828 0.49851 0.05875 0.109854
0 0.35625 0.425781 0.0222188 0.0335625
0 0.319328 0.391292 0.041375 0.0489167
0 0.956719 0.416792 0.0865625 0.370583
5 0.699563 0.303604 0.240906 0.0397083
0 0.285844 0.4315 0.0058125 0.05975
