0 0.637515 0.0165391 0.0173663 0.0326094
0 0.26798 0.310234 0.0721584 0.09575
0 0.813733 0.392781 0.0815644 0.0950312
25 0.560782 0.593508 0.59202 0.176047
25 0.556772 0.449437 0.509782 0.139313
25 0.549436 0.362141 0.428257 0.105187
25 0.533634 0.292789 0.360455 0.0936094
25 0.53805 0.234641 0.301525 0.0718125
25 0.529317 0.19743 0.296218 0.0615469
25 0.536743 0.160734 0.250277 0.05925
56 0.498277 0.867008 0.260911 0.211672
56 0.730743 0.258273 0.0709901 0.0611719
56 0.241178 0.449922 0.264653 0.0807812
56 0.239693 0.538289 0.114317 0.0272344
56 0.134446 0.859148 0.21697 0.195203
56 0.396406 0.718711 0.21701 0.0989531
56 0.238723 0.150148 0.0612079 0.0611719
56 0.952089 0.118906 0.0679406 0.0539375
0 0.773921 0.117992 0.0506535 0.0959844
0 0.723792 0.119945 0.055703 0.0973906
0 0.436139 0.0803047 0.0270495 0.0247656
0 0.0427228 0.0932578 0.0569703 0.0921406
0 0.78105 0.445328 0.0662574 0.0387188
0 0.469455 0.706281 0.0474257 0.0645938
0 0.249248 0.425016 0.237782 0.0583438
25 0.51999 0.112312 0.214515 0.0492812
25 0.524475 0.0938437 0.208832 0.0486875
25 0.154406 0.0942969 0.191465 0.113875
25 0.956822 0.0626953 0.0863564 0.0675469
56 0.479911 0.795633 0.251703 0.198609
56 0.818941 0.414945 0.103624 0.158547
56 0.181426 0.675375 0.215762 0.156875
0 0.285594 0.111273 0.0511485 0.101047
0 0.756634 0.0548672 0.0300198 0.0519531
25 0.197 0.045875 0.149208 0.0379063
56 0.875228 0.118125 0.0479208 0.0437188
56 0.307564 0.510125 0.154297 0.0264062
0 0.758079 0.327492 0.0814257 0.0650469
25 0.534535 0.130773 0.249307 0.0531406
