14 0.822688 0.269649 0.046875 0.098254
14 0.389609 0.280272 0.125937 0.119229
14 0.437539 0.257562 0.0933281 0.111723
14 0.0866875 0.249467 0.108187 0.146236
14 0.917016 0.139002 0.049 0.0862132
14 0.619523 0.124467 0.0350156 0.0581406
14 0.6305 0.0872562 0.0693438 0.0798639
14 0.722672 0.138741 0.0399375 0.0613832
14 0.807039 0.124649 0.0276406 0.0352381
14 0.518141 0.265408 0.11275 0.0762585
14 0.704406 0.289773 0.0866563 0.0875737
14 0.690383 0.21627 0.0424844 0.0420635
14 0.343836 0.18924 0.108172 0.0663265
14 0.585016 0.228571 0.0945 0.0713379
14 0.456477 0.187075 0.0638281 0.064898
14 0.351875 0.238005 0.0655 0.100726
14 0.200055 0.187098 0.0800156 0.116145
14 0.101672 0.211111 0.0395 0.0860317
14 0.178563 0.146134 0.0696563 0.0557143
14 0.821688 0.174195 0.0666875 0.077415
14 0.617844 0.248175 0.0574375 0.0376644
15 0.176148 0.796032 0.206422 0.325442
14 0.763039 0.289014 0.0502344 0.0953968
