0 0.703208 0.36875 0.547026 0.608563
0 0.325035 0.594383 0.414286 0.788766
65 0.683806 0.628602 0.0621311 0.0270156
65 0.273607 0.941891 0.16637 0.105625
73 0.0449297 0.690023 0.0547307 0.109547
73 0.0973185 0.791047 0.147002 0.0225938
73 0.418829 0.478016 0.0134895 0.07275
73 0.430375 0.373602 0.027822 0.112891
73 0.379578 0.384117 0.0762998 0.0932344
73 0.503653 0.0912266 0.0216862 0.0711094
73 0.297412 0.100648 0.0124356 0.0996094
73 0.361756 0.129477 0.0793911 0.00604688
73 0.0299883 0.856148 0.0591803 0.128047
73 0.481288 0.0368672 0.168056 0.0144219
73 0.276827 0.0979141 0.0259719 0.101203
73 0.0516862 0.411906 0.103372 0.020375
57 0.725796 0.774031 0.548407 0.420781
73 0.546967 0.0667344 0.0194614 0.04675
