74 0.601913 0.652711 0.169189 0.129266
0 0.760551 0.873922 0.103098 0.179125
0 0.884771 0.720523 0.0249688 0.0570156
0 0.795499 0.714508 0.0278794 0.0443281
0 0.84422 0.737445 0.0175468 0.0332656
0 0.904116 0.732789 0.0151351 0.0338594
0 0.86183 0.725852 0.029896 0.0567344
0 0.992027 0.677586 0.0127443 0.0398594
2 0.808659 0.715359 0.0788981 0.0285313
58 0.670696 0.556063 0.0752807 0.047625
0 0.375956 0.820211 0.0870478 0.173203
0 0.402536 0.815547 0.0703119 0.169906
58 0.531143 0.55682 0.0740541 0.0446406
0 0.99683 0.676813 0.00600832 0.0425625
