54 0.230633 0.737472 0.111109 0.145556
54 0.435187 0.544639 0.0892813 0.113944
54 0.404234 0.452167 0.0775937 0.0962222
54 0.37025 0.393167 0.0740313 0.0911111
54 0.34775 0.328708 0.06825 0.0761389
54 0.328734 0.275736 0.0685 0.05775
54 0.309375 0.231778 0.0636875 0.0618889
54 0.371242 0.246819 0.0587031 0.0671944
54 0.397727 0.293361 0.0627969 0.0623333
54 0.417922 0.34125 0.0671563 0.0690556
54 0.655133 0.428806 0.0658594 0.07
54 0.914195 0.335708 0.0704219 0.0703611
54 0.819211 0.280042 0.0650469 0.0681944
0 0.928852 0.167583 0.0580781 0.071
54 0.0907344 0.732056 0.091125 0.0413889
