0 0.346897 0.414758 0.693794 0.752797
46 0.40745 0.703828 0.278869 0.103594
46 0.481369 0.73143 0.331784 0.153453
46 0.53843 0.800437 0.224045 0.096625
46 0.816445 0.897234 0.191935 0.0559063
46 0.940465 0.809852 0.11907 0.0853594
46 0.827852 0.778711 0.214548 0.110203
46 0.660176 0.84632 0.310101 0.102266
46 0.607437 0.829531 0.212513 0.0598125
46 0.397286 0.686625 0.288291 0.0772812
46 0.563819 0.686813 0.081005 0.0369375
46 0.610553 0.662859 0.14995 0.07875
46 0.663354 0.728289 0.201181 0.107109
46 0.784296 0.74007 0.203769 0.103641
0 0.753907 0.330391 0.488668 0.438969
