56 0.157703 0.541164 0.28 0.264984
38 0.77479 0.668445 0.215294 0.216453
38 0.547255 0.734758 0.224594 0.185016
24 0.104272 0.623727 0.153025 0.0990781
0 0.455224 0.493258 0.523725 0.941578
0 0.188557 0.301086 0.235322 0.277578
0 0.0853922 0.256922 0.170784 0.264062
0 0.239328 0.137797 0.17535 0.110375
0 0.952143 0.111852 0.0957143 0.141016
0 0.909762 0.296164 0.180476 0.292672
0 0.316429 0.0754922 0.144566 0.140609
0 0.108529 0.0759766 0.217059 0.149047
0 0.574286 0.0364609 0.239832 0.0729219
0 0.732577 0.471602 0.447059 0.913578
0 0.884608 0.204133 0.144062 0.190797
0 0.832941 0.0633594 0.21507 0.125094
