56 0.516047 0.43024 0.100125 0.136188
34 0.16593 0.0823021 0.0579531 0.164313
0 0.656672 0.298979 0.121 0.453667
0 0.893023 0.32124 0.145734 0.412771
0 0.288828 0.276271 0.316281 0.545458
0 0.469594 0.25901 0.0743125 0.193687
0 0.178766 0.360844 0.129406 0.223521
0 0.0430547 0.365281 0.0855469 0.206062
0 0.391008 0.270646 0.0754531 0.180625
0 0.496555 0.383729 0.141172 0.243875
0 0.0728672 0.269969 0.0608906 0.157479
0 0.0245703 0.243427 0.0485469 0.108562
25 0.164055 0.244802 0.0638906 0.0731875
35 0.635328 0.295104 0.06225 0.05775
56 0.0531875 0.392552 0.10125 0.193188
0 0.336047 0.230427 0.062375 0.170604
