4 0.508648 0.53061 0.929766 0.780047
0 0.791906 0.494214 0.027375 0.109225
0 0.746727 0.502899 0.0218906 0.117066
0 0.469875 0.339261 0.0288125 0.0594131
0 0.378273 0.183286 0.0150156 0.0298122
0 0.448375 0.207101 0.0184687 0.0880047
0 0.476492 0.204671 0.0109531 0.0650235
0 0.817805 0.240869 0.0185156 0.0838498
0 0.550672 0.229261 0.0234375 0.0929343
0 0.868344 0.214648 0.0190312 0.0795305
0 0.274328 0.229002 0.0248125 0.0874413
0 0.496117 0.207711 0.0218281 0.0990845
0 0.599898 0.0714202 0.0152344 0.0249531
