0 0.137844 0.497458 0.0252188 0.121583
0 0.25018 0.472573 0.0382031 0.122229
0 0.179367 0.579708 0.0451406 0.0630417
0 0.386008 0.498885 0.0769219 0.122688
0 0.57932 0.520771 0.0411406 0.131958
0 0.220781 0.851688 0.128094 0.274167
0 0.552266 0.303771 0.0184375 0.0834583
0 0.463891 0.500385 0.0305625 0.130854
0 0.902648 0.818552 0.0697969 0.138729
0 0.514734 0.503979 0.0463125 0.16
0 0.581562 0.297542 0.0148437 0.08075
0 0.640461 0.251656 0.0139531 0.0656875
0 0.489813 0.327125 0.0220625 0.078625
