60 0.5 0.498873 1 0.997746
45 0.281094 0.622746 0.562188 0.671174
45 0.7105 0.266291 0.550437 0.532582
50 0.287539 0.587805 0.0981719 0.196643
50 0.738453 0.264707 0.223969 0.176455
50 0.648336 0.151608 0.175953 0.167066
44 0.824969 0.78608 0.350062 0.162488
44 0.829008 0.83716 0.341984 0.156432
50 0.21043 0.524965 0.104547 0.160634
50 0.0762812 0.697758 0.0987187 0.110117
50 0.103953 0.575845 0.100219 0.0943662
50 0.41282 0.649754 0.149578 0.229742
50 0.202828 0.624308 0.114406 0.085939
50 0.358641 0.551667 0.0645938 0.035446
50 0.241922 0.768732 0.0736563 0.0553521
50 0.242266 0.684507 0.0978125 0.121596
