39 0.907578 0.706562 0.072125 0.189167
39 0.949664 0.688521 0.0456406 0.194708
39 0.970195 0.683896 0.0360781 0.180375
2 0.487453 0.281125 0.19 0.1795
2 0.1495 0.259854 0.299 0.308167
39 0.848211 0.725021 0.0242969 0.109708
60 0.5 0.864698 1 0.270604
9 0.115102 0.040125 0.0183906 0.0342083
39 0.693539 0.729292 0.0221094 0.115333
47 0.906641 0.488198 0.0500938 0.0611458
47 0.847883 0.49174 0.0582969 0.0647708
47 0.959883 0.505167 0.0802344 0.0767917
47 0.808133 0.520094 0.0501094 0.0411042
47 0.577398 0.38025 0.0715781 0.0727917
47 0.310547 0.362365 0.0403437 0.0408542
47 0.278664 0.363573 0.0293594 0.0388125
47 0.42718 0.468469 0.0644844 0.0696875
47 0.0979453 0.494927 0.0344844 0.0413125
47 0.0548984 0.489865 0.0489844 0.0675625
47 0.0962812 0.457208 0.0405313 0.0517917
47 0.356977 0.365573 0.0411094 0.0328958
39 0.924484 0.691323 0.0756875 0.199729
39 0.792461 0.742604 0.0372969 0.121958
39 0.820648 0.737063 0.0482344 0.116292
39 0.735078 0.733656 0.0195 0.113063
39 0.893117 0.713802 0.0766719 0.196604
39 0.836359 0.664406 0.0425625 0.0148542
39 0.993836 0.732667 0.0123281 0.107417
39 0.476055 0.58851 0.0644531 0.132938
47 0.519844 0.374073 0.0465625 0.0496042
