18 0.499742 0.707097 0.0863594 0.108555
18 0.614875 0.723116 0.0452813 0.0899763
18 0.0954922 0.745924 0.0527031 0.114976
18 0.188492 0.752642 0.0471406 0.115616
18 0.444523 0.711398 0.0425469 0.106588
18 0.536547 0.727903 0.03875 0.0888389
18 0.570781 0.717441 0.0479687 0.0801422
18 0.239711 0.707867 0.0293281 0.0680569
18 0.286586 0.741173 0.0399844 0.0819668
18 0.350289 0.719538 0.0444531 0.102583
3 0.713734 0.631789 0.0099375 0.0177962
18 0.24732 0.755818 0.0377344 0.0946682
18 0.408883 0.72577 0.0540781 0.129028
0 0.712531 0.622334 0.00678125 0.017654
18 0.220992 0.750486 0.0442969 0.113957
