1 0.44468 0.700786 0.32056 0.284243
1 0.63484 0.684199 0.09456 0.187151
1 0.80069 0.728442 0.39862 0.379318
5 0.24633 0.351914 0.48358 0.699555
0 0.04838 0.264421 0.0642 0.0902077
0 0.35942 0.59181 0.17696 0.416677
0 0.49366 0.508991 0.12592 0.201484
0 0.88769 0.53684 0.11658 0.209288
0 0.29638 0.20862 0.04828 0.0845401
0 0.83008 0.580193 0.10152 0.282582
0 0.36139 0.246662 0.05246 0.0757567
0 0.07505 0.215356 0.01562 0.0981306
0 0.68379 0.595579 0.25162 0.394065
1 0.96218 0.557967 0.07564 0.0625816
1 0.9365 0.635415 0.127 0.104659
1 0.5589 0.588323 0.06036 0.0286944
0 0.59409 0.513561 0.11554 0.169139
