39 0.0481719 0.562382 0.0186562 0.105353
72 0.787922 0.48651 0.114594 0.280902
56 0.87175 0.916324 0.139063 0.145431
56 0.913813 0.899373 0.169938 0.195333
60 0.678672 0.771294 0.642656 0.421529
69 0.199023 0.76648 0.255109 0.413235
71 0.49475 0.546804 0.188281 0.0472549
39 0.0671172 0.555873 0.0148594 0.100725
40 0.707117 0.70049 0.0381406 0.138039
40 0.876367 0.648343 0.0346094 0.135627
40 0.976086 0.603265 0.0478281 0.142333
39 0.376398 0.533549 0.0241406 0.0502353
39 0.0274297 0.565471 0.0198594 0.107333
