74 0.754107 0.616039 0.0515659 0.0296719
74 0.890577 0.61932 0.0299451 0.0342031
0 0.794876 0.989711 0.0243132 0.0205781
0 0.493146 0.985016 0.0283791 0.0299687
0 0.970659 0.958812 0.0200549 0.0321875
0 0.612541 0.985602 0.0277198 0.0260469
0 0.765632 0.989188 0.015989 0.0209375
0 0.87783 0.987172 0.0183516 0.0256563
0 0.914931 0.990352 0.0183242 0.0192969
0 0.850769 0.986875 0.0148901 0.0239688
0 0.0867995 0.991805 0.0320604 0.0163906
0 0.915522 0.956938 0.0140659 0.0295
0 0.494904 0.951937 0.00541209 0.00353125
