74 0.749322 0.138096 0.081781 0.126422
74 0.611601 0.141405 0.0888235 0.125392
56 0.473946 0.464297 0.0717484 0.0772876
56 0.0945343 0.38558 0.0518464 0.0561275
56 0.147247 0.392304 0.0655719 0.0549673
0 0.823137 0.830033 0.132059 0.14085
0 0.887655 0.723783 0.0981863 0.114363
0 0.492721 0.867141 0.080866 0.164444
0 0.48165 0.682908 0.0794118 0.0522222
0 0.435515 0.203039 0.0264542 0.0664706
0 0.147467 0.358758 0.0504248 0.0342484
0 0.110572 0.350964 0.0463072 0.0361765
0 0.527108 0.373905 0.0419935 0.0821895
0 0.364322 0.448235 0.0330882 0.0341176
0 0.819894 0.386993 0.0435784 0.120196
0 0.727614 0.416569 0.0351961 0.0573203
24 0.817141 0.795114 0.0453922 0.0532353
0 0.861389 0.212998 0.0377124 0.0890033
13 0.0955065 0.389894 0.0471895 0.051683
28 0.18018 0.518627 0.0383987 0.091732
28 0.399493 0.513203 0.0437582 0.050915
28 0.892704 0.881005 0.0498203 0.0791993
58 0.324984 0.224861 0.162843 0.212533
28 0.391332 0.477173 0.0358333 0.0465359
56 0.238521 0.528325 0.0817484 0.0782516
56 0.354926 0.489592 0.0454085 0.0722876
0 0.241389 0.419771 0.0501961 0.0743137
74 0.733938 0.0999755 0.0805556 0.099951
74 0.605474 0.0862173 0.0762745 0.060049
13 0.857353 0.757214 0.109673 0.214232
13 0.674453 0.873497 0.343154 0.201863
28 0.467034 0.872606 0.0409967 0.120605
