5 0.42618 0.453229 0.540266 0.355708
0 0.853656 0.506063 0.048875 0.168542
0 0.910797 0.500448 0.0502187 0.171729
5 0.101961 0.469667 0.112922 0.143833
0 0.801914 0.48199 0.0193594 0.0871875
0 0.777016 0.483906 0.0188437 0.0826042
0 0.757664 0.484385 0.0263281 0.0743958
0 0.739734 0.483323 0.0123438 0.0462292
0 0.713227 0.492 0.0400781 0.106083
0 0.940773 0.485906 0.0290156 0.133229
24 0.760789 0.469802 0.0156406 0.0302292
0 0.741891 0.455854 0.00928125 0.00983333
0 0.882437 0.500646 0.0108125 0.0443333
26 0.841938 0.489583 0.0155312 0.023
0 0.964078 0.496021 0.0330312 0.165625
0 0.994781 0.49325 0.0104375 0.101375
0 0.697727 0.477271 0.0193906 0.0804167
