62 0.231875 0.53625 0.2015 0.262375
57 0.919438 0.793562 0.155781 0.387583
0 0.541008 0.497906 0.182016 0.559562
73 0.311148 0.72175 0.0120469 0.0632083
73 0.328953 0.711969 0.0094375 0.0568125
73 0.703313 0.812312 0.124531 0.120083
24 0.705766 0.651344 0.109625 0.126854
24 0.802031 0.499542 0.0444688 0.0604583
73 0.449852 0.762781 0.0445156 0.0505625
73 0.339422 0.581115 0.0115625 0.0658542
73 0.237242 0.76974 0.0518594 0.0915208
73 0.282562 0.74125 0.0597188 0.0924167
73 0.337031 0.703417 0.00628125 0.062125
24 0.756578 0.454802 0.0759688 0.116271
