3 0.831083 0.728094 0.337833 0.229219
3 0.687885 0.650188 0.355812 0.198687
3 0.216323 0.633883 0.344188 0.200047
3 0.765906 0.506414 0.0537292 0.0360156
0 0.662271 0.542477 0.152417 0.174609
0 0.521729 0.585875 0.178208 0.226719
0 0.273083 0.528422 0.0843333 0.112281
0 0.201021 0.533758 0.0806667 0.133016
0 0.0266042 0.550828 0.0532083 0.183406
0 0.871688 0.5055 0.044 0.0957187
0 0.352094 0.508516 0.0476875 0.0830313
24 0.764729 0.639437 0.108417 0.0672188
0 0.0739896 0.489523 0.0495208 0.0602656
0 0.919 0.701031 0.162 0.376906
0 0.106208 0.521188 0.115917 0.115906
3 0.495615 0.616648 0.270729 0.140578
3 0.456333 0.527625 0.08975 0.0901875
3 0.35951 0.598102 0.115854 0.104641
26 0.684698 0.557992 0.0732292 0.0585781
0 0.61624 0.50643 0.0227292 0.0752969
3 0.316927 0.531922 0.0321458 0.0487187
