67 0.629 0.34288 0.02748 0.02656
0 0.75254 0.597627 0.3674 0.68624
0 0.70955 0.206893 0.09102 0.395493
0 0.55467 0.153773 0.06174 0.24312
0 0.98057 0.550667 0.03886 0.459467
0 0.45581 0.140227 0.04218 0.232187
0 0.85803 0.18484 0.05938 0.19512
0 0.94709 0.1908 0.09854 0.333333
0 0.50438 0.158227 0.0894 0.260133
13 0.52111 0.718467 0.39358 0.54056
13 0.05834 0.269627 0.11484 0.14496
0 0.04242 0.115493 0.06128 0.167787
0 0.04016 0.235573 0.0788 0.21808
10 0.79588 0.34396 0.0582 0.160507
0 0.90716 0.14368 0.06152 0.27488
26 0.95437 0.18156 0.04666 0.0650933
26 0.6886 0.174493 0.1004 0.185093
26 0.43184 0.108813 0.02432 0.0882933
26 0.50602 0.658 0.1688 0.174507
