48 0.559477 0.66726 0.119672 0.170398
48 0.344039 0.766534 0.123891 0.243841
48 0.494281 0.728981 0.102219 0.199602
48 0.257469 0.728817 0.126875 0.212529
0 0.84043 0.201499 0.318234 0.399719
41 0.758727 0.561897 0.227016 0.279953
41 0.138047 0.285761 0.133344 0.141686
41 0.705766 0.202623 0.107344 0.131101
41 0.632008 0.391066 0.0901406 0.0858314
41 0.208805 0.130808 0.108266 0.101803
42 0.17532 0.719239 0.101109 0.299602
43 0.91543 0.489485 0.169141 0.0333021
45 0.479336 0.398981 0.109922 0.1063
45 0.621859 0.46726 0.0914062 0.100843
55 0.293016 0.617119 0.174313 0.130632
41 0.252227 0.021171 0.0710469 0.0423419
43 0.234391 0.703232 0.0925312 0.353208
44 0.839242 0.62781 0.103922 0.0450351
44 0.409516 0.391054 0.0990313 0.0445433
44 0.148836 0.355422 0.130203 0.0515925
48 0.439289 0.810117 0.101953 0.191007
60 0.500867 0.492213 0.998266 0.984426
42 0.917008 0.528115 0.164797 0.0413817
44 0.570492 0.487822 0.0211719 0.0478689
