2 0.976164 0.41425 0.0476719 0.0909583
2 0.789961 0.41076 0.0497031 0.0861458
2 0.633859 0.39726 0.016125 0.0330625
3 0.745797 0.755833 0.506156 0.464125
3 0.804773 0.62701 0.193828 0.157229
0 0.11193 0.644823 0.187359 0.710354
0 0.423016 0.488104 0.0467813 0.05775
0 0.260117 0.658375 0.0812969 0.61225
0 0.385695 0.562417 0.190422 0.320417
0 0.499719 0.477521 0.048875 0.2
0 0.189945 0.687833 0.0825781 0.624333
0 0.435984 0.4325 0.065875 0.198208
3 0.560672 0.622167 0.131281 0.202458
7 0.71043 0.384865 0.124109 0.154521
0 0.254484 0.481042 0.0968437 0.166292
0 0.379656 0.397458 0.0320625 0.0362083
2 0.895086 0.424021 0.144047 0.131833
2 0.644625 0.397656 0.0122188 0.0353958
2 0.826562 0.401708 0.038 0.07375
3 0.511383 0.565812 0.0829531 0.199958
3 0.695969 0.580125 0.110031 0.0535833
