1 0.672195 0.839604 0.0574219 0.17825
1 0.7975 0.817156 0.0410937 0.118271
5 0.138195 0.641573 0.262922 0.465187
0 0.678984 0.767094 0.0641562 0.265396
0 0.895789 0.7465 0.0455156 0.209
5 0.425359 0.648646 0.331719 0.344583
9 0.73543 0.653083 0.00948437 0.03175
0 0.84232 0.729969 0.0239219 0.0851875
0 0.865969 0.720302 0.028875 0.0888958
5 0.622148 0.656667 0.0987969 0.264333
0 0.793961 0.759083 0.0479844 0.17025
5 0.804398 0.659604 0.0935156 0.1655
0 0.767195 0.753594 0.0230156 0.0649792
5 0.698492 0.662771 0.0538281 0.105333
