56 0.844383 0.657865 0.168547 0.258437
56 0.823797 0.476271 0.199406 0.109333
56 0.9055 0.316052 0.117062 0.0857292
56 0.871945 0.256406 0.0814219 0.0310625
56 0.735938 0.308406 0.0452188 0.106313
56 0.335508 0.40501 0.0988906 0.233646
0 0.603375 0.470792 0.475281 0.6045
41 0.374453 0.722229 0.101781 0.212833
41 0.974242 0.368708 0.0482344 0.0545833
41 0.779562 0.404281 0.0320937 0.0675625
42 0.474602 0.426573 0.152953 0.163271
43 0.848203 0.891271 0.27225 0.0615
45 0.740711 0.947062 0.194266 0.0833333
45 0.577461 0.773979 0.227953 0.173458
60 0.585305 0.831073 0.826016 0.310812
45 0.97607 0.79349 0.0478594 0.116437
56 0.817703 0.333792 0.128219 0.0522917
56 0.525641 0.42551 0.0418125 0.135979
41 0.527922 0.287021 0.0194687 0.023375
56 0.954617 0.662021 0.0354844 0.244417
56 0.485922 0.281115 0.07175 0.0253958
56 0.98068 0.645052 0.0386406 0.195187
60 0.904617 0.45049 0.190766 0.192271
60 0.872 0.290927 0.231594 0.0994375
60 0.458617 0.34026 0.154547 0.140979
60 0.0851406 0.385479 0.165594 0.0494583
56 0.501711 0.425937 0.0318281 0.111583
56 0.369812 0.453083 0.0825 0.262792
