62 0.691445 0.161771 0.0810156 0.125792
57 0.221297 0.485625 0.442594 0.37125
57 0.432008 0.791427 0.838328 0.396146
60 0.470219 0.600427 0.273031 0.316854
65 0.493133 0.48375 0.0445469 0.023125
73 0.526258 0.334958 0.0129219 0.0652917
73 0.444461 0.428615 0.00429688 0.0362292
73 0.417539 0.460229 0.0785781 0.0423333
73 0.476289 0.424802 0.0169531 0.0643125
73 0.508539 0.419167 0.00695313 0.0534583
73 0.551109 0.333062 0.0154062 0.061625
73 0.536609 0.332896 0.0185625 0.0685
73 0.514484 0.341104 0.00621875 0.062
73 0.411914 0.487823 0.0795156 0.0381042
73 0.526773 0.417073 0.0154844 0.0553542
73 0.459375 0.355438 0.0134062 0.0562083
56 0.440258 0.789615 0.857141 0.394812
57 0.831922 0.725677 0.336156 0.548646
73 0.483195 0.290615 0.0223594 0.00847917
73 0.483734 0.247583 0.026375 0.01
