6 0.607656 0.455831 0.784687 0.911663
28 0.396148 0.860672 0.160297 0.247175
0 0.220008 0.794032 0.348891 0.4118
0 0.201094 0.583895 0.102281 0.142323
0 0.258055 0.528599 0.0358594 0.0734169
0 0.236062 0.530763 0.040375 0.0601595
0 0.273156 0.514487 0.0324688 0.0683827
0 0.285555 0.496845 0.0272969 0.0597039
0 0.322289 0.469601 0.0427344 0.0623007
0 0.296922 0.47992 0.01825 0.0377449
0 0.299961 0.47361 0.0190781 0.0362415
0 0.269437 0.485513 0.0106563 0.0194077
24 0.17525 0.593417 0.0521875 0.049795
