0 0.562828 0.646388 0.147531 0.504494
37 0.607203 0.617765 0.0580937 0.329129
0 0.70893 0.128271 0.0187344 0.0140941
0 0.357508 0.00831765 0.0133281 0.0166353
0 0.644016 0.0534824 0.011 0.0106353
0 0.669312 0.0496235 0.0105313 0.0131294
0 0.675133 0.0479765 0.00648438 0.00936471
37 0.728594 0.132435 0.0145625 0.00317647
37 0.886117 0.0763059 0.00660938 0.00795294
0 0.787781 0.0566706 0.00790625 0.00948235
0 0.604102 0.3588 0.0239219 0.0549647
0 0.470492 0.0355294 0.00751562 0.0120471
0 0.564805 0.0480235 0.0129844 0.00729412
0 0.865711 0.0525529 0.00685937 0.00750588
