22 0.333297 0.621745 0.107688 0.196604
22 0.420141 0.575714 0.0843437 0.280141
22 0.569234 0.626956 0.115375 0.160468
22 0.72543 0.575012 0.0971719 0.240234
19 0.218148 0.416077 0.127953 0.0959016
19 0.502289 0.424684 0.0366094 0.0529274
19 0.537187 0.41911 0.0412813 0.0362998
19 0.599875 0.411148 0.0678438 0.0735363
19 0.741961 0.417131 0.0618906 0.0838642
19 0.815937 0.392237 0.0427187 0.0720141
19 0.245398 0.464625 0.171047 0.0770726
19 0.0650469 0.387998 0.0942187 0.0873302
19 0.892109 0.416241 0.0415 0.0481265
19 0.771602 0.470749 0.0707031 0.0735363
19 0.647867 0.397436 0.0456719 0.0748712
19 0.94793 0.446756 0.0623906 0.12466
19 0.453437 0.388162 0.0834063 0.0797424
