32 0.657359 0.424688 0.00878125 0.0131601
32 0.896187 0.766227 0.0371563 0.0476299
2 0.179281 0.625811 0.0199063 0.012869
2 0.16468 0.623222 0.0208906 0.0136383
0 0.442492 0.634979 0.145234 0.617983
0 0.705117 0.628087 0.0658594 0.25842
38 0.525422 0.69341 0.0667813 0.182703
38 0.669078 0.600593 0.037625 0.0201455
2 0.0387734 0.62104 0.0277656 0.0200416
2 0.143937 0.624563 0.0201563 0.0136175
2 0.215578 0.625364 0.0189375 0.0113098
2 0.128195 0.624605 0.0226406 0.0137006
2 0.270289 0.625177 0.0111406 0.00681913
2 0.00717187 0.622765 0.0142187 0.0156341
2 0.0702891 0.625426 0.0180156 0.0119751
2 0.251219 0.624906 0.0144687 0.00943867
2 0.782734 0.609595 0.0314063 0.0288358
2 0.0871953 0.624719 0.0183281 0.00964657
