16 0.415203 0.573478 0.0780937 0.067412
18 0.534461 0.731201 0.238641 0.32795
18 0.796258 0.767277 0.128766 0.192236
18 0.766797 0.635673 0.0795312 0.111843
0 0.604609 0.452402 0.171531 0.331884
0 0.169367 0.314068 0.0426719 0.0873913
0 0.0926484 0.310663 0.0262656 0.0711387
2 0.775023 0.262474 0.133672 0.0336439
2 0.511531 0.385455 0.155375 0.143251
0 0.0622266 0.354741 0.0385156 0.141159
7 0.255828 0.366667 0.381688 0.203106
2 0.788445 0.375062 0.288859 0.150455
5 0.8785 0.249793 0.174937 0.0972257
17 0.145531 0.311139 0.0829063 0.0912215
18 0.696281 0.736014 0.185125 0.298075
2 0.885352 0.353841 0.229297 0.157867
2 0.786469 0.330166 0.287656 0.116356
