55 0.804258 0.359591 0.0378906 0.0396028
55 0.377961 0.38389 0.0886719 0.0629206
55 0.633 0.226729 0.0381563 0.0275234
0 0.507195 0.0966238 0.175828 0.188762
54 0.743703 0.327371 0.0324688 0.0297897
54 0.762125 0.364743 0.0386875 0.0282243
54 0.770141 0.380386 0.0379375 0.0204907
54 0.864672 0.373773 0.0421875 0.0321262
54 0.850086 0.359042 0.0395781 0.0425701
55 0.746148 0.325935 0.0327031 0.0322897
60 0.500438 0.620222 0.970813 0.629229
60 0.232711 0.178493 0.293484 0.239509
54 0.815164 0.371881 0.0418594 0.0297897
54 0.804531 0.35611 0.0367188 0.0408178
54 0.798359 0.335187 0.0415312 0.046215
54 0.754219 0.346776 0.0361563 0.0298131
55 0.845852 0.333773 0.0374844 0.0373598
55 0.361555 0.221963 0.108641 0.0471963
55 0.216828 0.230607 0.0292812 0.0270561
55 0.181438 0.350607 0.0484687 0.0328037
55 0.798687 0.337535 0.0375 0.0504439
55 0.771047 0.208154 0.027375 0.0245794
55 0.604125 0.358294 0.0395625 0.0397196
55 0.644273 0.341799 0.0486094 0.0301402
60 0.0379766 0.140736 0.0693594 0.0691355
