0 0.61082 0.514327 0.0483281 0.1786
0 0.398852 0.515682 0.0613281 0.219479
42 0.220008 0.276706 0.311516 0.369138
42 0.796727 0.310709 0.127047 0.4393
44 0.334813 0.669578 0.465344 0.660269
44 0.581906 0.610961 0.315281 0.718761
42 0.229703 0.142136 0.136031 0.273896
43 0.0453125 0.471724 0.0859375 0.93447
44 0.739281 0.67079 0.25425 0.631454
0 0.288789 0.587666 0.0314219 0.121724
44 0.519445 0.228447 0.123453 0.174991
44 0.513633 0.473797 0.0894531 0.216607
2 0.807016 0.628573 0.0723437 0.0675224
2 0.362844 0.538142 0.0435 0.114883
2 0.245312 0.584596 0.055 0.0823339
2 0.611234 0.519569 0.116406 0.11447
2 0.653703 0.502702 0.0474687 0.110718
2 0.215625 0.587289 0.029875 0.0619031
2 0.286641 0.571104 0.0527188 0.109964
2 0.481922 0.507576 0.0205938 0.0629443
43 0.523008 0.215601 0.138234 0.182334
