67 0.660453 0.712292 0.0614062 0.0799167
56 0.851023 0.341833 0.167047 0.246958
56 0.713133 0.258219 0.0757031 0.0789792
41 0.460109 0.687635 0.0573125 0.112354
41 0.291844 0.677542 0.0756563 0.0881667
41 0.851562 0.803104 0.060625 0.1305
42 0.123477 0.82124 0.106141 0.0393542
42 0.371828 0.716927 0.0321562 0.0788542
43 0.489859 0.730844 0.0214375 0.101562
44 0.549063 0.63575 0.036875 0.126458
45 0.663719 0.960854 0.156688 0.0782917
45 0.586211 0.877823 0.131359 0.130521
45 0.762672 0.907292 0.209813 0.183875
45 0.384266 0.819094 0.121344 0.114604
45 0.507648 0.987531 0.0909844 0.0245208
45 0.251164 0.945146 0.136547 0.109708
42 0.445406 0.836635 0.048875 0.0283958
44 0.430063 0.417135 0.0724063 0.0464375
44 0.913516 0.65025 0.0723437 0.0506667
56 0.596945 0.605313 0.254047 0.160583
56 0.469305 0.247125 0.0400781 0.174583
56 0.96768 0.229198 0.0641094 0.115146
56 0.31757 0.623927 0.258234 0.106604
0 0.607516 0.363135 0.350875 0.637687
0 0.867398 0.5 0.265203 0.421167
0 0.842445 0.202594 0.161766 0.339646
0 0.911766 0.168344 0.0873125 0.283729
0 0.235961 0.462917 0.364047 0.507875
0 0.644766 0.0749167 0.0594063 0.114625
0 0.702836 0.170958 0.137141 0.241458
0 0.541023 0.0304062 0.0431406 0.0464375
0 0.0273125 0.0893125 0.054625 0.137583
39 0.933344 0.833271 0.120844 0.332625
41 0.200406 0.766448 0.0737187 0.154812
44 0.264484 0.659375 0.0836563 0.0252917
45 0.0931563 0.883552 0.0990938 0.118354
45 0.560305 0.695031 0.0705781 0.0896875
45 0.395477 0.923229 0.201516 0.153542
45 0.964063 0.695271 0.071875 0.0703333
0 0.768875 0.0923542 0.087125 0.154375
45 0.292758 0.677781 0.0756406 0.0949792
60 0.5 0.786396 1 0.427208
60 0.10025 0.310365 0.2005 0.299938
60 0.757008 0.159031 0.0553281 0.0878125
