39 0.503747 0.71547 0.0866933 0.20402
57 0.459667 0.65224 0.753733 0.27624
0 0.10936 0.62585 0.21872 0.40674
0 0.8236 0.67416 0.3528 0.62472
0 0.540733 0.59979 0.318213 0.38678
40 0.72384 0.65226 0.2848 0.21888
41 0.550187 0.86128 0.0849067 0.0826
41 0.44684 0.8486 0.08168 0.08256
65 0.0866533 0.79872 0.112187 0.06036
73 0.089 0.65305 0.178 0.04534
41 0.17096 0.78023 0.0718933 0.06702
41 0.250427 0.7662 0.08416 0.09748
65 0.0337333 0.80122 0.0674667 0.06832
67 0.536453 0.914 0.0793067 0.04348
73 0.940293 0.3325 0.0168533 0.07752
