59 0.590461 0.627594 0.193641 0.267396
26 0.319008 0.496625 0.0607031 0.173708
0 0.290258 0.556312 0.110078 0.443292
0 0.0337109 0.79551 0.0674219 0.408979
0 0.600078 0.480958 0.13075 0.17725
0 0.772805 0.566448 0.173984 0.608104
0 0.809281 0.354073 0.0463125 0.116396
0 0.455898 0.519104 0.0758281 0.377542
0 0.969383 0.584271 0.0612344 0.61125
0 0.0566797 0.560667 0.113359 0.642292
0 0.0926484 0.429729 0.0518594 0.146375
0 0.958219 0.353615 0.0835625 0.215562
73 0.938008 0.567521 0.0300156 0.0234167
73 0.882563 0.57099 0.0291563 0.0310208
73 0.349023 0.404344 0.0367344 0.0466042
73 0.976414 0.549198 0.00892187 0.0566042
73 0.940641 0.582469 0.0833438 0.0134375
0 0.0737187 0.41101 0.0264062 0.0864792
26 0.0565234 0.474208 0.113047 0.292292
73 0.968484 0.553729 0.00971875 0.047125
