25 0.0978594 0.0229343 0.194156 0.0458685
56 0.107727 0.324319 0.0519844 0.185023
0 0.778062 0.445951 0.299844 0.731995
0 0.313367 0.305622 0.198953 0.489883
0 0.162133 0.28054 0.108547 0.293286
0 0.148352 0.0951761 0.0857969 0.153075
0 0.471187 0.205599 0.0805937 0.305376
0 0.0847344 0.118099 0.0435625 0.0769014
36 0.794906 0.815528 0.121469 0.126784
36 0.34318 0.527758 0.124922 0.0526056
0 0.55057 0.241221 0.0617344 0.221268
0 0.659406 0.220023 0.0733125 0.247136
1 0.691375 0.284777 0.0421875 0.0939202
24 0.202633 0.113627 0.0456406 0.0481925
26 0.129984 0.117289 0.0654687 0.0885681
56 0.147547 0.369437 0.0468438 0.101315
0 0.237898 0.0962911 0.0467656 0.118263
0 0.827219 0.156232 0.042 0.0709155
0 0.187563 0.0712559 0.0195312 0.046784
0 0.199023 0.104167 0.0577344 0.138615
