8 0.0330703 0.541118 0.0647344 0.0339312
8 0.0641172 0.517752 0.0737344 0.0312776
8 0.176008 0.518661 0.0476094 0.0213022
8 0.398789 0.519742 0.0535469 0.0386486
8 0.473734 0.511708 0.087875 0.035602
8 0.418133 0.676265 0.127891 0.168845
8 0.109977 0.825209 0.215547 0.0828501
8 0.693219 0.651425 0.144313 0.16629
8 0.628289 0.66715 0.0845469 0.0786732
8 0.873 0.535025 0.073375 0.0498034
8 0.597875 0.538489 0.166594 0.0659705
8 0.226148 0.707801 0.247141 0.0827273
8 0.274109 0.54355 0.125625 0.0238575
