20 0.52325 0.639333 0.206906 0.644941
26 0.260445 0.648876 0.0363594 0.158033
0 0.944523 0.677283 0.0843906 0.36356
0 0.833961 0.668443 0.0851406 0.354543
0 0.884406 0.610012 0.03875 0.198759
0 0.733227 0.693642 0.0819219 0.314215
0 0.581727 0.739333 0.146922 0.462927
0 0.539578 0.255703 0.140063 0.178431
0 0.566734 0.339895 0.155938 0.251686
0 0.296109 0.715726 0.118438 0.451686
0 0.119195 0.686511 0.100453 0.388759
0 0.225539 0.615995 0.0503594 0.247681
0 0.189812 0.539789 0.0339375 0.100749
41 0.815898 0.633899 0.00923437 0.0207728
56 0.399516 0.756604 0.0689375 0.12637
56 0.230867 0.781066 0.0497656 0.115621
56 0.251727 0.759485 0.0400781 0.143419
0 0.339258 0.516393 0.0420469 0.0996253
41 0.911852 0.608302 0.0136406 0.0290164
0 0.0628203 0.671393 0.0682344 0.298103
