17 0.475 0.65699 0.775813 0.673104
0 0.660484 0.736563 0.227406 0.505375
0 0.521172 0.734615 0.1955 0.530771
0 0.403656 0.357302 0.203938 0.714604
0 0.521203 0.309781 0.04525 0.0543125
0 0.551836 0.309365 0.0242656 0.0548958
0 0.660672 0.301125 0.0707812 0.0719167
0 0.790898 0.303229 0.0396719 0.064625
0 0.849703 0.337677 0.02275 0.0806875
0 0.957117 0.334042 0.0442344 0.109542
0 0.907258 0.337833 0.0234219 0.0997917
0 0.93182 0.332427 0.0242656 0.0993542
0 0.598578 0.310396 0.0208125 0.0387083
0 0.708734 0.312531 0.0269375 0.0354375
