39 0.465227 0.0589625 0.0251094 0.11638
39 0.345883 0.0627815 0.0272969 0.118499
60 0.5 0.886567 1 0.171545
0 0.304969 0.649978 0.294375 0.391965
0 0.136969 0.501534 0.273938 0.590618
0 0.884313 0.58064 0.156469 0.541589
42 0.468 0.697472 0.0282187 0.148102
43 0.148195 0.768742 0.160016 0.08234
44 0.4745 0.724305 0.0209375 0.0940839
45 0.494242 0.798433 0.156953 0.128389
47 0.455008 0.880143 0.0416094 0.0689404
47 0.42443 0.878786 0.0421094 0.0800883
49 0.608648 0.896832 0.0505156 0.0639956
50 0.506141 0.761578 0.0978437 0.0483223
40 0.478008 0.201391 0.0346719 0.104636
45 0.0704297 0.874051 0.138797 0.128234
45 0.773336 0.783212 0.0774531 0.0302208
0 0.980406 0.503113 0.0391875 0.717263
41 0.16982 0.0623951 0.0427031 0.116534
0 0.623359 0.487064 0.358125 0.742737
0 0.670273 0.221623 0.134984 0.196269
