4 0.51725 0.575482 0.9655 0.480313
0 0.151461 0.723072 0.0530781 0.175398
0 0.118852 0.692337 0.0258594 0.141831
0 0.0678125 0.429289 0.0211875 0.0320723
0 0.0836719 0.426048 0.0156563 0.0281446
74 0.847531 0.541699 0.0279063 0.0382892
0 0.0946875 0.710145 0.0495937 0.180867
0 0.166344 0.412036 0.00890625 0.011494
0 0.719437 0.441048 0.0169375 0.0775181
0 0.750172 0.439735 0.0155937 0.0775904
0 0.690852 0.441759 0.0184844 0.0809157
0 0.640297 0.444614 0.0127812 0.0843133
0 0.188812 0.344735 0.0345625 0.166916
0 0.784625 0.423807 0.0154062 0.0453494
0 0.133477 0.425627 0.0134219 0.0225783
7 0.0493672 0.734675 0.0954219 0.228386
