2 0.678969 0.364677 0.0477187 0.0483958
2 0.85207 0.371781 0.0527656 0.0589375
2 0.608672 0.358833 0.0450625 0.0479167
0 0.413211 0.541698 0.141141 0.364854
0 0.63382 0.465365 0.0516719 0.239896
0 0.307937 0.625927 0.0934062 0.309854
0 0.669328 0.525156 0.0334062 0.110188
0 0.702578 0.380115 0.0143125 0.0686458
0 0.641805 0.341979 0.0131719 0.0415417
0 0.581211 0.340177 0.0142344 0.0320208
13 0.556602 0.532719 0.121953 0.0798542
13 0.502445 0.494042 0.115016 0.100708
29 0.339125 0.553396 0.0451875 0.073375
0 0.570711 0.347604 0.0117656 0.0445
0 0.692375 0.351813 0.0055625 0.00741667
0 0.738422 0.387198 0.019875 0.0782708
2 0.529453 0.363062 0.0565312 0.0510833
2 0.47068 0.358812 0.0406094 0.048625
0 0.710766 0.357656 0.0124375 0.0279375
2 0.75193 0.370375 0.0246094 0.0372917
