19 0.235117 0.71466 0.361266 0.261072
6 0.50493 0.422464 0.951953 0.215732
0 0.666773 0.698619 0.0327656 0.201237
0 0.740484 0.685464 0.0571875 0.24767
0 0.850625 0.755062 0.0732187 0.283155
0 0.790867 0.681619 0.0572969 0.260928
0 0.892977 0.748546 0.0527031 0.281299
0 0.678117 0.591835 0.0386094 0.0804124
0 0.573406 0.681948 0.0459062 0.194536
0 0.526555 0.667103 0.0579844 0.210619
0 0.473148 0.671876 0.0592969 0.237691
0 0.788008 0.463897 0.0452969 0.139464
0 0.181156 0.560433 0.0454375 0.0823093
0 0.718117 0.464423 0.0283281 0.124144
0 0.616594 0.693186 0.0821563 0.256227
