76 0.39205 0.612043 0.0896 0.193308
76 0.350058 0.603571 0.09355 0.110652
76 0.344808 0.69693 0.0711833 0.117569
76 0.409325 0.680927 0.0604167 0.0967419
76 0.572583 0.690175 0.143833 0.105313
76 0.334917 0.707957 0.0441667 0.115363
76 0.472858 0.802569 0.06775 0.198772
76 0.419767 0.836967 0.0466667 0.208371
76 0.494342 0.817707 0.02565 0.0658396
76 0.524242 0.782632 0.0663167 0.0860652
76 0.55735 0.677268 0.0404667 0.0306266
76 0.584608 0.458346 0.364917 0.36802
76 0.389525 0.782469 0.0703833 0.136165
