32 0.554781 0.436928 0.0383125 0.0566282
5 0.16943 0.741524 0.154109 0.0794457
0 0.0608828 0.748741 0.0681719 0.326674
0 0.539727 0.702252 0.103391 0.519099
0 0.392398 0.77537 0.0475156 0.299561
0 0.624961 0.77545 0.0492031 0.290947
0 0.371125 0.761986 0.121094 0.440139
0 0.708445 0.753591 0.0132969 0.0460739
0 0.137266 0.782806 0.073875 0.356836
0 0.0185391 0.783972 0.0297031 0.158199
0 0.833922 0.765173 0.147469 0.465173
2 0.927695 0.758014 0.0832344 0.0484065
0 0.837469 0.905069 0.0919688 0.0851963
0 0.636594 0.694931 0.121188 0.4894
