0 0.501875 0.527398 0.698125 0.916859
0 0.131521 0.303672 0.263042 0.572688
0 0.884896 0.10232 0.0714167 0.0819531
0 0.0379688 0.131109 0.0759375 0.0581562
0 0.639823 0.116109 0.0529375 0.085875
24 0.605094 0.181664 0.148896 0.175766
24 0.829406 0.182906 0.110188 0.154531
77 0.645948 0.590469 0.377729 0.410438
0 0.416406 0.0712734 0.0808958 0.0477656
0 0.486708 0.0871563 0.0220833 0.0251875
0 0.570135 0.208578 0.144854 0.38025
0 0.947438 0.214195 0.105125 0.347047
0 0.676521 0.115563 0.0608333 0.089875
0 0.841594 0.0970859 0.0355625 0.0646406
0 0.77799 0.196883 0.114562 0.313172
0 0.247469 0.132898 0.0474375 0.104016
