0 0.516703 0.282578 0.228313 0.422708
0 0.245633 0.852695 0.0389219 0.135703
0 0.736383 0.80474 0.0655156 0.0717187
0 0.953492 0.298138 0.0221406 0.101693
0 0.824836 0.289596 0.0205469 0.0425781
0 0.171266 0.891263 0.0529375 0.13138
13 0.827867 0.321081 0.0325781 0.0277344
13 0.841992 0.304023 0.0154844 0.010599
13 0.241125 0.939883 0.0765 0.087474
13 0.833828 0.405482 0.0694375 0.0623177
0 0.862117 0.297253 0.0190156 0.0609635
0 0.0991875 0.838776 0.00878125 0.0847917
0 0.429914 0.941432 0.0553594 0.098125
56 0.1865 0.918919 0.02225 0.0617448
58 0.0683359 0.826732 0.0437656 0.0788281
69 0.585391 0.266706 0.0914062 0.139297
69 0.545461 0.738958 0.187016 0.272708
69 0.226898 0.27431 0.212609 0.304922
69 0.276977 0.809518 0.0581094 0.0982552
69 0.877328 0.737396 0.237094 0.463281
