19 0.97357 0.476927 0.0528594 0.124688
19 0.809 0.448135 0.0113125 0.0215625
19 0.943883 0.463146 0.0937969 0.0944167
19 0.528609 0.451271 0.0461875 0.0457083
19 0.569312 0.444396 0.0300938 0.0185417
19 0.428102 0.447802 0.0441719 0.0307708
19 0.358594 0.46101 0.0350937 0.0294375
19 0.500094 0.446281 0.0250312 0.0188542
19 0.467172 0.452635 0.025375 0.0381875
19 0.800328 0.444156 0.0186875 0.0301042
19 0.418938 0.464698 0.0471562 0.0219792
19 0.645867 0.453281 0.0313906 0.0413542
19 0.188281 0.574448 0.233844 0.417813
