2 0.648281 0.715761 0.269813 0.31733
2 0.208406 0.789883 0.413812 0.397752
9 0.457781 0.44089 0.0101563 0.0359719
9 0.963617 0.415176 0.0157344 0.0667447
0 0.859609 0.689508 0.0169375 0.0449649
2 0.439266 0.682752 0.0704063 0.032623
9 0.509828 0.606534 0.00803125 0.0088993
9 0.407242 0.668454 0.00517188 0.00805621
9 0.379203 0.647342 0.005 0.0139813
0 0.813008 0.691019 0.0122656 0.0573068
0 0.795469 0.692553 0.01475 0.0496956
0 0.824852 0.695621 0.0122031 0.0552225
0 0.0602969 0.675269 0.0246875 0.0717096
0 0.0322578 0.685012 0.0286719 0.0734426
2 0.911484 0.748817 0.177031 0.283021
9 0.430805 0.660878 0.00982813 0.0107026
9 0.481164 0.649859 0.0176094 0.0232787
0 0.781891 0.688583 0.0127812 0.0626464
9 0.373836 0.598115 0.00585938 0.0228337
