43 0.776969 0.279406 0.0303438 0.280896
43 0.66325 0.260542 0.0142813 0.143292
43 0.56625 0.292677 0.0316875 0.272687
44 0.362844 0.331958 0.0110625 0.0875
44 0.351773 0.329594 0.0102656 0.0870625
45 0.846953 0.641344 0.116031 0.0823125
45 0.770516 0.59799 0.159406 0.102813
45 0.770273 0.544406 0.150391 0.0635625
76 0.61157 0.248031 0.0594219 0.103688
76 0.714414 0.257073 0.0359531 0.145062
44 0.445859 0.399667 0.0572812 0.258167
44 0.382148 0.335969 0.0285469 0.107771
39 0.663289 0.532354 0.0462031 0.174375
41 0.387898 0.965635 0.0597656 0.0687292
41 0.729773 0.639333 0.0665156 0.0939167
41 0.326531 0.967187 0.06475 0.065625
45 0.841039 0.671615 0.118828 0.0493542
75 0.308961 0.546469 0.130953 0.172437
