32 0.612367 0.49281 0.00926562 0.0127869
34 0.31932 0.433384 0.0101094 0.0735597
35 0.385352 0.616511 0.0356406 0.0314286
0 0.865852 0.262342 0.0405469 0.0681967
0 0.519211 0.175913 0.0488281 0.102319
0 0.352023 0.176581 0.0513906 0.102717
0 0.617711 0.241569 0.0539844 0.114614
0 0.199187 0.245105 0.0477187 0.0836534
0 0.596406 0.180621 0.104438 0.100258
0 0.926352 0.135726 0.0426406 0.102927
0 0.682 0.205234 0.0580312 0.123068
0 0.337047 0.0794496 0.0619687 0.122225
0 0.440477 0.135574 0.0541719 0.261171
0 0.737578 0.146546 0.0582812 0.119883
0 0.925523 0.579649 0.0880469 0.271194
35 0.160109 0.834941 0.0416875 0.0525995
0 0.383828 0.635714 0.105156 0.14918
56 0.761859 0.266417 0.0265937 0.0393911
56 0.725336 0.265562 0.0468281 0.0394614
56 0.728648 0.305269 0.0519219 0.0385948
56 0.727922 0.223349 0.0515312 0.0473536
56 0.56582 0.172681 0.0421406 0.0420843
