0 0.24807 0.553561 0.490266 0.870269
0 0.573594 0.65618 0.204781 0.68764
0 0.828461 0.665166 0.290016 0.638199
0 0.82582 0.288613 0.0384844 0.101325
0 0.184195 0.359576 0.0742031 0.0813872
0 0.977406 0.262723 0.035625 0.153934
0 0.479164 0.471729 0.0690781 0.224286
0 0.644672 0.486366 0.0919062 0.26793
0 0.926031 0.265259 0.0473438 0.145507
0 0.0930938 0.372899 0.0334062 0.116108
35 0.305445 0.692867 0.175359 0.186894
0 0.527406 0.394783 0.0385937 0.0855072
0 0.514859 0.372019 0.0264062 0.0745963
0 0.899289 0.279524 0.0242656 0.118178
