39 0.0857031 0.510728 0.0457188 0.137324
56 0.804297 0.213873 0.221594 0.239859
60 0.5 0.598439 1 0.803122
0 0.515188 0.16561 0.17225 0.331221
47 0.472086 0.637629 0.0820781 0.0661502
51 0.207281 0.87007 0.0412813 0.036338
51 0.309117 0.654742 0.0299219 0.0643662
51 0.203609 0.84196 0.0351875 0.0418545
51 0.197133 0.869284 0.0953281 0.1027
51 0.280586 0.661526 0.0712656 0.0731455
55 0.390508 0.52385 0.130922 0.185117
39 0.467742 0.39581 0.0348281 0.117723
41 0.0579219 0.435751 0.0629687 0.124366
45 0.93375 0.656103 0.0955938 0.128685
45 0.894211 0.558192 0.0977656 0.110986
46 0.761852 0.456714 0.0226406 0.0406573
0 0.0806719 0.174707 0.161344 0.349413
41 0.0185078 0.413251 0.0370156 0.119554
45 0.549203 0.459002 0.0402187 0.0741549
45 0.110336 0.364354 0.119891 0.0728404
45 0.199687 0.514284 0.209187 0.181808
50 0.307289 0.837641 0.118453 0.119413
50 0.332148 0.891221 0.0237344 0.0368075
0 0.331945 0.168826 0.259328 0.337653
43 0.407125 0.39919 0.146969 0.0492254
46 0.735531 0.42277 0.077625 0.112207
