62 0.639064 0.505625 0.376355 0.184688
26 0.561293 0.74982 0.196576 0.124109
26 0.233719 0.828914 0.220099 0.120953
45 0.635037 0.413664 0.102389 0.0257969
45 0.167414 0.498742 0.0809852 0.0285469
45 0.313547 0.469523 0.0416256 0.0196719
60 0.684828 0.841781 0.630345 0.316438
75 0.659975 0.704719 0.0507389 0.041625
40 0.176687 0.303187 0.0459852 0.05375
40 0.0727833 0.310328 0.0446798 0.0514687
40 0.296342 0.294016 0.0303695 0.0533125
40 0.145591 0.306508 0.0258621 0.0507344
40 0.271773 0.298906 0.0240394 0.0442813
40 0.354877 0.288094 0.0270936 0.0600313
41 0.365271 0.482594 0.0402956 0.0211562
41 0.0946675 0.510406 0.0519951 0.0195
41 0.312389 0.397813 0.036798 0.0265625
41 0.36367 0.388891 0.0549754 0.037375
41 0.324236 0.485383 0.0241872 0.0193594
41 0.296096 0.487469 0.0408621 0.0175
