5 0.371633 0.473042 0.712922 0.932583
0 0.207297 0.548312 0.401125 0.898875
0 0.375469 0.401833 0.0672813 0.154875
0 0.469688 0.417125 0.0546875 0.1395
0 0.557633 0.404323 0.0478906 0.0930208
0 0.525242 0.42726 0.0701406 0.120688
7 0.873563 0.55451 0.252875 0.349437
63 0.327805 0.769292 0.166859 0.325833
0 0.319445 0.393313 0.0873281 0.1675
24 0.0758359 0.569667 0.111234 0.289875
26 0.192133 0.668167 0.239328 0.532583
0 0.804609 0.516125 0.07075 0.0626667
0 0.913008 0.513125 0.0206094 0.0549583
