2 0.17132 0.627646 0.0386406 0.0468333
2 0.188906 0.61376 0.0175625 0.0204375
5 0.592766 0.622427 0.775219 0.520188
9 0.16175 0.434604 0.028625 0.0789167
0 0.149078 0.642365 0.0127188 0.0714375
0 0.114164 0.635292 0.0164844 0.0473333
0 0.0709609 0.657458 0.0252969 0.0750833
0 0.0453672 0.653656 0.0227344 0.0942292
0 0.0228203 0.648781 0.0180156 0.0894375
0 0.123773 0.627521 0.00832813 0.0518333
0 0.0999141 0.630656 0.0162969 0.0578958
0 0.0872422 0.642167 0.0168906 0.0707083
0 0.0632188 0.635687 0.019 0.053125
0 0.0341641 0.643229 0.0131719 0.0718333
2 0.198734 0.610312 0.013625 0.016625
2 0.117617 0.600427 0.0191719 0.00785417
0 0.061375 0.591719 0.0143437 0.0247292
0 0.957672 0.62649 0.02075 0.0812708
10 0.0976797 0.685906 0.0249219 0.0542708
0 0.990141 0.643094 0.0197188 0.106479
