67 0.934969 0.897531 0.0962812 0.184688
67 0.718125 0.203521 0.0983125 0.0577083
0 0.0653516 0.206187 0.130703 0.1745
42 0.101773 0.428042 0.166047 0.0332083
42 0.601227 0.874594 0.0988906 0.246188
43 0.545219 0.826969 0.0994375 0.346063
43 0.141383 0.398813 0.202547 0.046625
41 0.932531 0.282094 0.103563 0.136813
41 0.925367 0.430448 0.149266 0.196729
63 0.91818 0.0812292 0.163641 0.162458
73 0.326445 0.0491979 0.149172 0.0983958
60 0.502922 0.51949 0.994156 0.935063
41 0.725898 0.0661875 0.0758281 0.132375
