1 0.648892 0.712156 0.0973365 0.198437
1 0.446427 0.685297 0.012185 0.0417812
2 0.904641 0.646141 0.183987 0.0965625
2 0.791196 0.643633 0.0679745 0.0612031
2 0.517376 0.653391 0.0576236 0.0425625
2 0.488868 0.658086 0.0100159 0.0200156
0 0.177368 0.49507 0.345582 0.984297
0 0.305614 0.314008 0.0784689 0.123672
0 0.468405 0.654891 0.0713557 0.130719
0 0.638285 0.647992 0.135837 0.268641
2 0.481443 0.65007 0.0208772 0.0320469
24 0.456898 0.627625 0.0309888 0.0286563
26 0.303126 0.765242 0.0848166 0.237578
0 0.886539 0.618383 0.0278788 0.0202656
2 0.726228 0.648969 0.105502 0.0849375
2 0.571284 0.653672 0.055327 0.052625
11 0.251786 0.177383 0.142329 0.139422
