18 0.246602 0.717888 0.0491094 0.0731322
18 0.195023 0.72592 0.0366406 0.0898851
18 0.102344 0.727687 0.0370625 0.101753
18 0.147672 0.677557 0.0489375 0.0640805
18 0.584852 0.72658 0.0471719 0.101494
18 0.667703 0.70806 0.0631562 0.0688218
18 0.720617 0.676466 0.0457969 0.0815517
18 0.81668 0.681767 0.0514219 0.103305
18 0.0509141 0.619267 0.0318281 0.0367529
18 0.0555 0.707514 0.05025 0.0947989
18 0.906164 0.689239 0.0337656 0.0873276
18 0.0822891 0.665101 0.0331719 0.0423276
19 0.907781 0.689899 0.0372813 0.0860057
