16 0.892797 0.675229 0.114906 0.19725
0 0.123984 0.518448 0.124156 0.477604
2 0.0194141 0.430604 0.0377031 0.0249167
2 0.0469687 0.430375 0.0329375 0.0255833
29 0.518445 0.408406 0.0547656 0.0700625
0 0.815891 0.624281 0.124031 0.271312
0 0.440992 0.52499 0.0941406 0.453813
0 0.522766 0.507917 0.115719 0.487167
0 0.698391 0.58124 0.106563 0.372438
0 0.23518 0.550615 0.103703 0.414813
0 0.340516 0.583625 0.137031 0.391208
0 0.615055 0.527906 0.0743594 0.462062
0 0.758109 0.512198 0.138531 0.450188
0 0.375297 0.541365 0.0757188 0.416729
0 0.182023 0.507885 0.0798594 0.468646
