44 0.299945 0.658424 0.382016 0.683153
45 0.499164 0.494376 0.998328 0.988753
51 0.826797 0.645235 0.1025 0.243694
51 0.691883 0.4126 0.0317031 0.114612
42 0.830937 0.453129 0.25075 0.429694
51 0.73775 0.719482 0.073125 0.0792941
51 0.616633 0.810388 0.156953 0.228588
51 0.603234 0.772918 0.051625 0.0560941
51 0.556016 0.556353 0.0669687 0.0620235
51 0.545164 0.618412 0.0447656 0.0349412
51 0.585047 0.672494 0.0998125 0.096
51 0.464094 0.638976 0.0857813 0.127835
51 0.694633 0.646176 0.0518281 0.0998824
51 0.435313 0.7774 0.0741875 0.0797882
