0 0.0539766 0.260679 0.107953 0.179766
43 0.558516 0.187319 0.155688 0.170234
0 0.60182 0.224098 0.148766 0.441452
0 0.806594 0.500515 0.386813 0.993443
55 0.439609 0.171101 0.129875 0.145761
55 0.203914 0.561756 0.0529531 0.0925059
55 0.259141 0.524286 0.0490312 0.0853864
55 0.53675 0.350562 0.0419687 0.0674005
43 0.619211 0.156511 0.131359 0.161171
55 0.263633 0.605972 0.0513906 0.106651
55 0.356234 0.597681 0.0506562 0.098548
55 0.497633 0.627705 0.0537656 0.0955972
55 0.559164 0.6687 0.0519219 0.101991
55 0.411578 0.645457 0.0606563 0.0961124
55 0.465391 0.385972 0.0489062 0.0912412
55 0.350812 0.357354 0.04975 0.0955504
60 0.41418 0.709087 0.658516 0.555831
55 0.646008 0.611979 0.0515781 0.0476581
