2 0.325734 0.644396 0.275844 0.167333
2 0.773148 0.609094 0.238547 0.215438
2 0.856828 0.494135 0.0490625 0.0675625
33 0.650125 0.288802 0.144687 0.237979
0 0.805375 0.729583 0.142156 0.540833
0 0.88568 0.859542 0.214047 0.267417
0 0.685805 0.52951 0.0706094 0.230563
26 0.153328 0.666042 0.013875 0.0411667
0 0.386117 0.557292 0.0478594 0.095375
0 0.134086 0.665854 0.0578281 0.181958
0 0.181078 0.580187 0.0187812 0.0178333
0 0.460297 0.55625 0.0373125 0.057375
2 0.108492 0.612542 0.187422 0.0819167
