2 0.693309 0.26181 0.0752311 0.05694
7 0.904915 0.24794 0.110706 0.08212
9 0.265207 0.00943 0.0658881 0.01886
9 0.834015 0.05288 0.0982482 0.0246
10 0.50438 0.51812 0.440146 0.72584
0 0.0552555 0.24762 0.0570803 0.1538
2 0.748747 0.25991 0.0648905 0.04574
2 0.364513 0.23048 0.0565693 0.03736
2 0.608418 0.27085 0.0471046 0.0271
9 0.697725 0.0387 0.101922 0.0274
9 0.109708 0.13622 0.017129 0.05028
9 0.321083 0.17018 0.0145742 0.01076
2 0.292494 0.25097 0.0538929 0.03446
2 0.837421 0.25939 0.0461314 0.06698
2 0.112007 0.24396 0.04382 0.05344
9 0.502701 0.13888 0.0297324 0.01272
9 0.987555 0.05327 0.0248905 0.04958
9 0.441265 0.13694 0.023455 0.0086
7 0.362397 0.22746 0.0454745 0.03888
9 0.240207 0.1988 0.0215815 0.03416
9 0.450827 0.04617 0.0650608 0.01454
10 0.183151 0.35982 0.182409 0.2842
