5 0.576719 0.506735 0.646906 0.640459
0 0.389781 0.502423 0.0683125 0.142653
0 0.518719 0.52773 0.038625 0.0830612
2 0.216656 0.43801 0.0565625 0.0568367
2 0.109258 0.42523 0.0770781 0.039898
2 0.0805547 0.414579 0.0809531 0.036199
2 0.0573359 0.404209 0.0716719 0.0255612
2 0.0422031 0.350548 0.022625 0.0158929
2 0.0813359 0.373469 0.0322344 0.0392857
2 0.947797 0.365281 0.0397188 0.0251531
2 0.908039 0.35537 0.0320469 0.0372194
2 0.201313 0.403138 0.0434688 0.0564796
2 0.0414687 0.371212 0.028375 0.0318112
2 0.0587109 0.391543 0.0605781 0.0276786
2 0.0163672 0.375587 0.0228906 0.0325
