0 0.0995703 0.567802 0.189516 0.828687
0 0.226344 0.203667 0.107062 0.336583
0 0.484336 0.128938 0.0546719 0.168125
0 0.185438 0.257385 0.075125 0.194729
0 0.556742 0.0789062 0.0246406 0.0601458
3 0.547758 0.474156 0.562922 0.629229
3 0.822227 0.30551 0.355547 0.451729
3 0.626516 0.164344 0.23775 0.185896
3 0.0823672 0.272625 0.108859 0.258042
3 0.296008 0.202479 0.0868594 0.237375
3 0.385016 0.195729 0.102875 0.0994583
3 0.421148 0.145427 0.100891 0.136479
3 0.753602 0.122958 0.0614531 0.143708
3 0.155438 0.153323 0.037 0.0869792
3 0.336945 0.13126 0.0422969 0.0640208
0 0.530273 0.0711563 0.0303594 0.0768542
3 0.973109 0.100156 0.0537813 0.108812
3 0.559453 0.111469 0.103219 0.0717708
3 0.474102 0.153646 0.0483906 0.0895
0 0.0292187 0.120844 0.0584375 0.0702708
