27 0.753742 0.803439 0.0458594 0.295516
27 0.278 0.826362 0.0502187 0.347277
67 0.687852 0.469531 0.0459531 0.083662
56 0.502219 0.845716 0.0959375 0.286033
56 0.440008 0.620493 0.0854531 0.135117
56 0.898539 0.67493 0.128484 0.331972
0 0.182414 0.540493 0.364828 0.897089
0 0.486953 0.501491 0.148594 0.259366
0 0.538508 0.482277 0.0652656 0.154366
0 0.398156 0.559366 0.151969 0.301362
0 0.966562 0.579437 0.0652188 0.427606
0 0.881734 0.425599 0.0885625 0.110728
0 0.714234 0.62696 0.411344 0.723592
41 0.736453 0.972488 0.121594 0.0550235
0 0.906773 0.377347 0.0468594 0.0877934
41 0.90568 0.960376 0.114734 0.0792488
45 0.902813 0.958709 0.115531 0.0825822
56 0.474164 0.806362 0.185484 0.364038
60 0.570484 0.563087 0.0640625 0.0836854
0 0.954461 0.43662 0.0203594 0.075446
0 0.0370469 0.533439 0.0740937 0.203685
0 0.644984 0.415235 0.0885937 0.160516
40 0.974766 0.892969 0.0504687 0.214061
60 0.870727 0.957746 0.160797 0.084507
60 0.83368 0.880552 0.332641 0.201056
0 0.928789 0.480892 0.0735156 0.156338
41 0.555266 0.552265 0.0260625 0.0543427
0 0.620258 0.459214 0.0401406 0.103404
