0 0.32129 0.281747 0.26162 0.305467
54 0.53094 0.551 0.04572 0.04216
54 0.57294 0.540667 0.0482 0.0384
54 0.60864 0.530773 0.047 0.0387733
54 0.56282 0.51552 0.0506 0.03024
54 0.62668 0.591133 0.05492 0.0360267
54 0.64785 0.57488 0.0549 0.0354667
54 0.68205 0.56316 0.05238 0.034
54 0.77461 0.651813 0.06986 0.0516267
54 0.79731 0.625547 0.0625 0.0482667
54 0.80247 0.59828 0.06146 0.0342133
54 0.80493 0.577947 0.0555 0.03376
54 0.59109 0.612387 0.0619 0.0412533
54 0.49191 0.50548 0.03626 0.0350667
0 0.94393 0.28076 0.11214 0.19096
