7 0.761211 0.653795 0.0596094 0.0655385
9 0.45068 0.444269 0.0138594 0.0452564
9 0.173305 0.567167 0.0169531 0.0654103
2 0.362422 0.859359 0.328063 0.280769
2 0.683836 0.867269 0.474109 0.255615
2 0.785906 0.726115 0.132812 0.0741282
2 0.674 0.704833 0.106844 0.104487
2 0.563406 0.731154 0.137625 0.109487
2 0.457336 0.714756 0.114828 0.0833077
2 0.176867 0.815756 0.237734 0.20941
5 0.760227 0.657821 0.0615156 0.073641
7 0.151523 0.680282 0.0338281 0.0259487
9 0.694844 0.526423 0.00953125 0.033
9 0.790937 0.525385 0.0068125 0.0331795
9 0.909891 0.528936 0.0238125 0.0561795
9 0.868906 0.445526 0.0204375 0.0443333
9 0.853289 0.469154 0.0212344 0.0469231
2 0.332125 0.718756 0.1415 0.0643333
2 0.407375 0.693372 0.042625 0.0476154
2 0.579086 0.673962 0.0908281 0.0284359
2 0.0804922 0.754256 0.160641 0.177385
2 0.196273 0.688423 0.0154531 0.0149487
2 0.370797 0.690628 0.0346875 0.0374615
