57 0.555281 0.620594 0.889437 0.677687
0 0.182023 0.768542 0.364047 0.440458
0 0.544187 0.53001 0.2405 0.396562
0 0.855844 0.389781 0.1975 0.266437
0 0.426406 0.610104 0.407875 0.532583
0 0.58475 0.416656 0.125625 0.266854
41 0.829063 0.541167 0.031875 0.0651667
41 0.741453 0.640313 0.0341875 0.0960833
65 0.408633 0.53624 0.0315156 0.0282292
65 0.818633 0.607104 0.0630781 0.0371667
41 0.752344 0.52749 0.0319375 0.0757708
41 0.793547 0.547281 0.0335937 0.0662292
56 0.219773 0.375302 0.104203 0.136687
56 0.236266 0.723406 0.471469 0.553187
62 0.0427812 0.305708 0.0855625 0.0884167
65 0.599953 0.536531 0.0180312 0.0169375
67 0.682453 0.749229 0.04025 0.0453333
73 0.380195 0.307865 0.0240781 0.0867708
73 0.429703 0.21925 0.0379063 0.0654583
73 0.375453 0.304948 0.0255312 0.0858125
73 0.469578 0.30074 0.00584375 0.0642708
73 0.390945 0.230917 0.0569844 0.0204583
73 0.433852 0.222021 0.0352656 0.0699167
73 0.408687 0.340656 0.02375 0.0148958
73 0.466234 0.301885 0.00590625 0.0669375
73 0.449992 0.208792 0.0172656 0.0875
73 0.459352 0.299927 0.00779687 0.0642708
73 0.395227 0.313896 0.0138906 0.0610417
73 0.213938 0.361448 0.0541562 0.0278542
65 0.602984 0.465177 0.0260625 0.0242292
65 0.778945 0.640417 0.0480156 0.0217917
