0 0.427297 0.515726 0.653687 0.946066
40 0.373891 0.711628 0.177625 0.56822
26 0.382461 0.771487 0.567766 0.457026
3 0.979227 0.393361 0.0411406 0.101663
39 0.0315625 0.605351 0.0474375 0.052904
39 0.164523 0.613689 0.0333594 0.0431616
39 0.139617 0.432974 0.0303906 0.0624824
39 0.153898 0.432775 0.0272969 0.0588056
39 0.279453 0.429438 0.024875 0.0620141
39 0.262102 0.430761 0.0254531 0.0590398
39 0.248305 0.430023 0.0227656 0.0638876
39 0.236773 0.429883 0.0269531 0.0690398
39 0.175016 0.263501 0.0258125 0.0510773
39 0.201344 0.259988 0.0290938 0.0513583
13 0.734773 0.538958 0.0866406 0.174028
39 0.166992 0.249297 0.0444531 0.0930211
39 0.216305 0.260574 0.0277656 0.0539813
39 0.236742 0.260059 0.0338281 0.0537002
