32 0.141094 0.610527 0.0176875 0.0255035
0 0.360578 0.641206 0.325344 0.555059
38 0.145633 0.630995 0.115016 0.0902342
0 0.607211 0.254684 0.179922 0.429227
0 0.545766 0.0404801 0.0861563 0.0760422
0 0.631297 0.017623 0.07475 0.0352459
0 0.469461 0.0515574 0.0914219 0.103115
0 0.384758 0.0541218 0.0755156 0.105012
0 0.105336 0.0519321 0.114141 0.103864
0 0.0385078 0.0610304 0.0757344 0.118735
58 0.0356094 0.182471 0.0338437 0.0633958
58 0.0670156 0.188302 0.0292187 0.0413349
58 0.266109 0.136417 0.0592812 0.0508197
58 0.16375 0.159063 0.152344 0.078267
58 0.320156 0.120515 0.051375 0.0618735
58 0.359117 0.112283 0.0417656 0.0556674
58 0.407844 0.108852 0.0596875 0.0600937
