2 0.342188 0.0602422 0.0833412 0.0515156
2 0.154565 0.13032 0.125035 0.0592969
2 0.331988 0.172758 0.117906 0.0626406
3 0.750318 0.502219 0.0772 0.103375
3 0.425612 0.410938 0.0920706 0.0909062
3 0.319929 0.507422 0.0683294 0.0945938
3 0.556624 0.170141 0.0599294 0.05325
3 0.0408588 0.190062 0.0602588 0.0668438
3 0.313188 0.206602 0.112165 0.0678906
3 0.492706 0.124883 0.0526588 0.0473281
3 0.530071 0.0719219 0.0330353 0.0356563
3 0.397894 0.15018 0.0610118 0.0522031
3 0.507318 0.0502578 0.0326118 0.0338906
3 0.511435 0.0260781 0.0295529 0.0133437
2 0.350306 0.0149766 0.0622118 0.0271094
2 0.337118 0.107781 0.0893882 0.0535937
2 0.157365 0.0921875 0.101647 0.0489062
0 0.7438 0.472297 0.0995059 0.1145
0 0.0382588 0.159281 0.0439529 0.0311875
0 0.554612 0.140852 0.0455059 0.0245781
0 0.314424 0.173977 0.0552471 0.0253906
0 0.492388 0.113617 0.0379059 0.0483906
0 0.526882 0.0502734 0.0274118 0.0134531
0 0.509471 0.0361875 0.0274118 0.0155625
0 0.400576 0.136297 0.0557412 0.0524063
2 0.188506 0.0569141 0.0818118 0.0394531
2 0.200153 0.0260781 0.0718824 0.0377188
2 0.241318 0.0108516 0.0586353 0.0217031
3 0.391459 0.0871797 0.0439059 0.0381094
0 0.391706 0.0732813 0.0378118 0.0447188
0 0.321565 0.456297 0.0959294 0.0971875
0 0.418741 0.35825 0.0676941 0.0439375
0 0.446294 0.0183594 0.0218118 0.0124375
0 0.440765 0.347234 0.0818118 0.048
2 0.282141 0.984289 0.276847 0.0309219
2 0.718 0.0425078 0.108518 0.0562344
3 0.445494 0.0368437 0.0308941 0.02975
