5 0.876695 0.619073 0.246609 0.327313
5 0.566484 0.409958 0.161031 0.169
5 0.328336 0.285062 0.0691719 0.0807917
0 0.601258 0.297656 0.0137344 0.0317292
0 0.539398 0.281156 0.0129219 0.0251875
5 0.43957 0.262167 0.0731719 0.069375
2 0.699148 0.404781 0.0762969 0.0608125
2 0.486422 0.316167 0.0456562 0.036625
2 0.530563 0.312292 0.0445 0.0367083
2 0.426008 0.28851 0.0328906 0.0476875
2 0.396859 0.28225 0.0294687 0.0335417
5 0.338273 0.22526 0.0403906 0.0549375
5 0.375266 0.239979 0.0505313 0.0542917
0 0.512305 0.270031 0.0110156 0.0209792
2 0.267141 0.226094 0.0195938 0.0185625
2 0.725305 0.38549 0.0645781 0.0579792
2 0.209414 0.226531 0.0170156 0.0215208
2 0.963797 0.503885 0.0714687 0.0452708
2 0.239992 0.212406 0.0105469 0.0135625
2 0.383297 0.271302 0.0322188 0.0281042
2 0.152945 0.198469 0.0163594 0.0156875
0 0.5635 0.502667 0.0250312 0.0369583
2 0.336883 0.248365 0.0194844 0.0145625
