56 0.792292 0.870758 0.402583 0.216266
56 0.338354 0.834055 0.504667 0.309672
56 0.355323 0.597703 0.204896 0.147031
56 0.822937 0.690109 0.318292 0.301063
60 0.583531 0.691766 0.652563 0.277656
40 0.55949 0.673773 0.0776042 0.145172
40 0.609156 0.615742 0.0637292 0.123672
40 0.696583 0.647437 0.077875 0.128594
43 0.496333 0.780508 0.083125 0.0643594
44 0.556625 0.783062 0.0692083 0.0699375
45 0.399385 0.702141 0.131146 0.0743125
45 0.750344 0.71968 0.137187 0.0739219
69 0.166667 0.506758 0.291292 0.236484
71 0.631437 0.417594 0.31725 0.0443438
42 0.525135 0.776852 0.0741875 0.0654219
45 0.746094 0.632383 0.113896 0.0625156
45 0.451323 0.617391 0.105563 0.057375
72 0.914927 0.404945 0.170146 0.697922
44 0.637083 0.639102 0.0422917 0.0291719
