0 0.272985 0.367641 0.0881681 0.112219
0 0.343922 0.436797 0.0922414 0.181594
0 0.15375 0.377375 0.0744828 0.090375
0 0.358211 0.324992 0.0507759 0.0475156
0 0.0891379 0.361734 0.0657328 0.109375
0 0.205291 0.395617 0.0517888 0.0598281
23 0.618254 0.65257 0.365733 0.510109
23 0.505226 0.733711 0.130194 0.460672
23 0.373761 0.751234 0.148297 0.492156
0 0.355086 0.420141 0.075819 0.179625
0 0.315582 0.325664 0.0334052 0.0653906
0 0.0264655 0.354492 0.052931 0.0862344
0 0.119353 0.370359 0.059181 0.0794062
23 0.424461 0.618437 0.102931 0.531375
0 0.0273491 0.385617 0.0546983 0.104297
0 0.39403 0.345094 0.0448276 0.0445938
0 0.23208 0.365891 0.0467457 0.0983437
