0 0.33309 0.81268 0.01594 0.05912
0 0.48621 0.578187 0.00614 0.0347733
0 0.3471 0.80468 0.01468 0.0486667
0 0.2979 0.849893 0.0162 0.0630933
8 0.28367 0.467413 0.11182 0.0451733
8 0.33729 0.326987 0.09754 0.0486933
8 0.2755 0.22176 0.05448 0.0143467
0 0.48052 0.898613 0.02784 0.0304533
0 0.54918 0.553573 0.01376 0.0216
0 0.50106 0.96864 0.00912 0.016
0 0.50215 0.54776 0.0045 0.00784
0 0.5185 0.549453 0.00776 0.0128267
0 0.73515 0.477413 0.00758 0.0162667
0 0.6996 0.470653 0.00876 0.0149067
8 0.3459 0.435813 0.1106 0.01632
8 0.4537 0.260493 0.11112 0.0271733
8 0.51128 0.34952 0.128 0.0493867
8 0.31053 0.172453 0.11438 0.03408
8 0.57858 0.582627 0.2768 0.0665867
8 0.74517 0.355413 0.11754 0.0578133
8 0.88422 0.323307 0.19192 0.07392
8 0.70996 0.29992 0.20052 0.07248
8 0.60727 0.48296 0.17022 0.0703467
0 0.25811 0.463947 0.00462 0.0210133
8 0.5171 0.874147 0.28924 0.0567733
