0 0.13899 0.85524 0.0475 0.138769
0 0.62157 0.171742 0.02094 0.0664264
0 0.36677 0.16985 0.02402 0.108108
0 0.57687 0.471336 0.01774 0.100991
0 0.51959 0.431697 0.0211 0.101051
0 0.08815 0.563288 0.02046 0.115526
0 0.14456 0.457192 0.02512 0.113664
0 0.04927 0.393093 0.02202 0.100841
0 0.26725 0.662808 0.0563 0.0957658
30 0.09906 0.986907 0.1008 0.0213213
31 0.14571 0.517432 0.04338 0.0425526
0 0.296 0.488949 0.02736 0.089009
0 0.34736 0.192688 0.0264 0.0627928
0 0.04378 0.192162 0.02308 0.0925526
30 0.36033 0.874249 0.05442 0.0295796
0 0.28764 0.169219 0.02592 0.109429
30 0.38141 0.859099 0.07126 0.0137538
30 0.20213 0.869159 0.0553 0.0157958
30 0.52451 0.480255 0.06186 0.0256156
30 0.46826 0.82973 0.02388 0.0208408
