2 0.83357 0.357825 0.187984 0.0999147
2 0.815164 0.309382 0.155109 0.0490405
9 0.535766 0.181834 0.050875 0.0898507
36 0.0613047 0.743273 0.0802031 0.11951
36 0.240633 0.629264 0.0839531 0.0755437
36 0.643211 0.479989 0.0210781 0.101215
2 0.482883 0.155938 0.0330469 0.0308529
0 0.320719 0.487985 0.0608437 0.372132
36 0.160148 0.39467 0.0518906 0.0253731
36 0.632719 0.397228 0.046375 0.0258849
0 0.283734 0.552207 0.191938 0.428593
0 0.630281 0.394147 0.045875 0.180959
0 0.799828 0.379254 0.0711875 0.106098
0 0.148852 0.161876 0.0257031 0.091855
0 0.681617 0.496791 0.0858906 0.264371
0 0.85443 0.379275 0.0436406 0.0934328
0 0.961617 0.415096 0.0361406 0.0863113
0 0.500914 0.367068 0.0376719 0.213667
0 0.580148 0.439787 0.0656406 0.268699
0 0.18557 0.314584 0.0639219 0.18145
0 0.668117 0.385203 0.0337031 0.126695
9 0.712555 0.128539 0.0138906 0.0242004
36 0.450172 0.521418 0.0805312 0.0890618
36 0.604352 0.509328 0.0191406 0.114136
36 0.339523 0.57033 0.0293906 0.17145
36 0.49168 0.411663 0.0173281 0.0634968
0 0.141227 0.71709 0.124109 0.564499
