2 0.0514297 0.783302 0.0543594 0.0505208
2 0.618422 0.751406 0.0629687 0.0363958
2 0.826211 0.746344 0.0569531 0.0300625
2 0.104297 0.762302 0.0500625 0.0253958
9 0.302203 0.207115 0.0490938 0.130938
9 0.0255 0.223573 0.0455938 0.133437
9 0.585102 0.196792 0.0454531 0.138125
9 0.983094 0.558052 0.0338125 0.0856458
9 0.876906 0.609979 0.0416562 0.0828333
2 0.206328 0.763281 0.0276875 0.0187292
2 0.186414 0.763646 0.0420156 0.017625
2 0.337742 0.756271 0.0226406 0.0175833
7 0.261516 0.756375 0.0380937 0.068875
7 0.619039 0.752417 0.0637344 0.0315417
7 0.826172 0.745854 0.0577187 0.0295
2 0.310195 0.76625 0.0414219 0.0420417
2 0.655203 0.754896 0.0124063 0.00816667
2 0.336742 0.769094 0.0150469 0.0268542
7 0.312375 0.76599 0.0390625 0.0434792
