62 0.963375 0.430383 0.07325 0.139016
62 0.79551 0.538203 0.176771 0.101125
0 0.162521 0.61907 0.216708 0.512422
0 0.547083 0.689016 0.316875 0.605375
56 0.171177 0.877633 0.342354 0.244734
56 0.767271 0.856281 0.3335 0.287438
56 0.0361458 0.748336 0.0665 0.209703
56 0.938125 0.859086 0.0644167 0.0984531
56 0.147948 0.735195 0.176312 0.189422
56 0.075125 0.947273 0.142583 0.104078
65 0.240146 0.457031 0.0130833 0.0143437
73 0.340781 0.697602 0.0908958 0.0320156
73 0.333094 0.707133 0.0213125 0.00914062
