0 0.411563 0.402944 0.0766875 0.196215
45 0.824773 0.608995 0.0572656 0.0373364
77 0.76532 0.329755 0.0525469 0.0785748
77 0.716195 0.501215 0.0743906 0.138411
77 0.829797 0.369591 0.0386875 0.0917523
58 0.442984 0.21243 0.11075 0.264206
58 0.937289 0.505479 0.0762344 0.150257
77 0.261047 0.671308 0.276187 0.37528
77 0.689242 0.468002 0.0244531 0.0530607
77 0.982344 0.388972 0.0326875 0.0859813
77 0.807992 0.426565 0.0895156 0.15472
0 0.560117 0.24472 0.0391719 0.0328037
28 0.256164 0.535362 0.293359 0.298481
28 0.835781 0.544755 0.159625 0.10965
77 0.86507 0.359568 0.0153281 0.0283411
77 0.884297 0.418902 0.0707812 0.135888
77 0.918539 0.419498 0.0514844 0.0499299
