0 0.398594 0.652437 0.193812 0.671917
0 0.704961 0.32124 0.191484 0.602896
0 0.418266 0.13824 0.0240313 0.102729
0 0.461062 0.110073 0.0138437 0.0595625
0 0.496539 0.0834896 0.0163281 0.0625625
0 0.47182 0.0931563 0.0175469 0.0741042
0 0.444398 0.119219 0.0220781 0.0710208
30 0.673984 0.62275 0.216219 0.25675
0 0.843734 0.0967812 0.0208125 0.0800208
0 0.327961 0.181958 0.0379219 0.148
0 0.161008 0.160719 0.0423594 0.135229
0 0.809258 0.105885 0.0480469 0.0936042
0 0.201383 0.0955208 0.0184531 0.039875
30 0.327484 0.256552 0.0369375 0.0193958
30 0.799281 0.148896 0.0289375 0.00945833
0 0.0891328 0.160885 0.0567656 0.138021
30 0.39893 0.894719 0.334891 0.210562
30 0.100484 0.222719 0.10825 0.0201875
30 0.625914 0.16225 0.0250781 0.00575
30 0.992375 0.155542 0.0132188 0.00529167
30 0.255039 0.109469 0.0220781 0.0060625
30 0.290867 0.11574 0.0218906 0.00335417
30 0.863141 0.12199 0.0243125 0.00514583
30 0.974641 0.121448 0.0171875 0.00285417
30 0.554937 0.112469 0.024875 0.00635417
