0 0.828562 0.269781 0.129438 0.281229
0 0.917797 0.222406 0.0382813 0.0981042
0 0.0917578 0.497635 0.181109 0.223729
54 0.352094 0.654844 0.0867813 0.0404375
54 0.571711 0.528094 0.0711406 0.0419375
54 0.365039 0.704542 0.0931406 0.0491667
54 0.296453 0.74549 0.0996563 0.0630625
54 0.240148 0.65976 0.0866094 0.0433125
54 0.190656 0.705292 0.0958438 0.0519167
54 0.20393 0.876031 0.138203 0.0898958
54 0.672 0.503073 0.0643438 0.0446458
54 0.374977 0.775969 0.109109 0.0665208
54 0.51775 0.522229 0.0632188 0.0430417
54 0.423977 0.725396 0.0978906 0.0585
54 0.63007 0.584615 0.0822031 0.0614375
54 0.320055 0.834531 0.121422 0.0793542
54 0.880711 0.493708 0.0423594 0.026875
54 0.971859 0.463708 0.0475 0.0191667
54 0.147555 0.84325 0.0818281 0.0809583
0 0.96375 0.255833 0.0592188 0.181292
0 0.695937 0.25526 0.0549687 0.128562
0 0.890906 0.21575 0.0412187 0.108125
0 0.986711 0.237927 0.0262969 0.143313
