42 0.269297 0.262013 0.516031 0.479981
43 0.317383 0.304494 0.546453 0.456164
51 0.384398 0.737529 0.105297 0.14376
51 0.508195 0.531632 0.0204531 0.0541412
51 0.566203 0.569284 0.0696875 0.0697137
51 0.314437 0.622863 0.115844 0.134198
51 0.611859 0.538731 0.0776563 0.0654771
51 0.279961 0.545172 0.0678906 0.0617939
51 0.471289 0.760763 0.0797344 0.134618
51 0.564102 0.76001 0.0545781 0.0544847
51 0.354414 0.51292 0.0977656 0.121908
51 0.517563 0.644685 0.0455313 0.0548282
60 0.5 0.493826 1 0.987653
