32 0.446633 0.424893 0.0205156 0.0331991
0 0.556961 0.770628 0.0962656 0.325379
0 0.864359 0.77282 0.036 0.109194
0 0.939641 0.770154 0.0258125 0.0885545
0 0.413953 0.671517 0.0709687 0.419289
0 0.663805 0.775391 0.0472031 0.149882
0 0.272617 0.775308 0.0272344 0.0758768
0 0.249164 0.768472 0.0132031 0.0787441
0 0.0624687 0.773614 0.0160938 0.0791232
0 0.730773 0.712251 0.00832813 0.0218957
0 0.987758 0.775664 0.0244844 0.260427
0 0.599555 0.754953 0.0154219 0.0453081
0 0.712523 0.733519 0.0119844 0.0412085
