38 0.93416 0.91758 0.0434667 0.06824
0 0.855373 0.87654 0.170053 0.1922
0 0.72336 0.39509 0.0737067 0.13286
0 0.562107 0.39326 0.0482667 0.11564
0 0.322573 0.20081 0.04776 0.07926
0 0.72976 0.09341 0.06368 0.07614
0 0.865813 0.16818 0.03968 0.04464
0 0.890187 0.08464 0.0317333 0.02808
0 0.97988 0.18057 0.04024 0.06886
0 0.118347 0.09932 0.0509333 0.08764
56 0.194373 0.29158 0.0491733 0.0394
56 0.0988 0.20631 0.0459733 0.02474
56 0.138613 0.20845 0.0469333 0.03282
0 0.882373 0.44895 0.0387733 0.11126
0 0.38268 0.2819 0.0561867 0.07776
32 0.105413 0.21531 0.0227733 0.01646
56 0.151653 0.28798 0.0389333 0.0286
0 0.290587 0.28708 0.05984 0.0812
0 0.130613 0.15842 0.0469867 0.05384
