62 0.42607 0.393808 0.391609 0.498972
39 0.419094 0.628703 0.0869062 0.391005
0 0.682281 0.528084 0.634188 0.921355
40 0.0381484 0.756379 0.0703281 0.465327
40 0.629242 0.656449 0.0984531 0.348084
40 0.0803984 0.658715 0.0555469 0.17757
66 0.369914 0.822921 0.419047 0.136075
39 0.225078 0.437839 0.0203438 0.123668
39 0.177031 0.43236 0.0240313 0.124252
39 0.117125 0.426589 0.0237188 0.115935
67 0.333289 0.880129 0.0771094 0.0633879
40 0.0579219 0.403178 0.0355938 0.128972
60 0.335242 0.796098 0.635734 0.381822
