25 0.914005 0.165766 0.171991 0.0757188
0 0.761148 0.231352 0.143419 0.105422
0 0.888911 0.26382 0.130375 0.156391
42 0.302611 0.494797 0.0440515 0.0767812
55 0.380948 0.777359 0.166206 0.181375
0 0.445281 0.251117 0.480585 0.470859
41 0.622471 0.49018 0.117822 0.0827344
41 0.0707143 0.653555 0.140492 0.173766
41 0.819719 0.674117 0.253911 0.144891
41 0.12034 0.532562 0.0778689 0.0809062
44 0.886159 0.750703 0.0573302 0.0659062
56 0.867998 0.423672 0.258103 0.136063
44 0.557037 0.4575 0.0366511 0.0246875
55 0.351475 0.495414 0.0605152 0.0787656
60 0.501944 0.737664 0.996112 0.524672
0 0.691604 0.244828 0.0724356 0.0765625
56 0.945316 0.312336 0.109368 0.0674219
