74 0.925977 0.128172 0.0233281 0.0297812
1 0.658195 0.726203 0.145516 0.162625
1 0.238898 0.654781 0.0168594 0.0483125
2 0.391828 0.627102 0.112625 0.0925156
2 0.328086 0.620219 0.0584219 0.0764062
2 0.461695 0.629906 0.0347969 0.0583125
9 0.838063 0.383039 0.120438 0.185453
9 0.736617 0.118492 0.0308594 0.0995781
0 0.772828 0.668844 0.0843125 0.213125
0 0.841516 0.664828 0.0533438 0.216438
0 0.707664 0.617461 0.0604844 0.112641
0 0.237672 0.638586 0.0320312 0.0806094
0 0.920664 0.619984 0.0400156 0.102594
0 0.500539 0.609492 0.0315156 0.0417969
0 0.820016 0.6295 0.031875 0.155531
0 0.67425 0.615164 0.0266875 0.0699531
0 0.61282 0.689195 0.144391 0.231391
0 0.823664 0.558281 0.0364844 0.079625
0 0.449742 0.586695 0.0164219 0.0297344
3 0.499578 0.626773 0.0216562 0.0409531
9 0.872852 0.382836 0.0557656 0.180953
9 0.713023 0.437945 0.0123906 0.0130156
9 0.501945 0.458648 0.0146719 0.00579687
9 0.248117 0.268875 0.0191094 0.023625
0 0.457742 0.595742 0.00795313 0.0102031
1 0.713594 0.645586 0.0221562 0.0509531
0 0.507867 0.600531 0.0124844 0.0202813
