60 0.533431 0.863383 0.933138 0.273234
0 0.602904 0.60075 0.404169 0.321344
0 0.209145 0.614172 0.41829 0.354438
0 0.735527 0.497281 0.0846838 0.10275
0 0.350199 0.504906 0.149063 0.118031
0 0.400504 0.470008 0.0339344 0.0382656
0 0.511007 0.47857 0.0681967 0.0470781
0 0.937283 0.455805 0.125433 0.117672
13 0.867986 0.624352 0.264028 0.112734
41 0.895831 0.746211 0.0938173 0.119391
45 0.348244 0.879484 0.277939 0.122344
45 0.659122 0.841687 0.277635 0.103281
45 0.836991 0.922477 0.319977 0.132578
41 0.0483372 0.973297 0.0916628 0.0534063
42 0.193642 0.766555 0.130375 0.0352656
42 0.586686 0.742742 0.128595 0.0371406
44 0.676464 0.848289 0.134567 0.158453
44 0.629075 0.55257 0.109766 0.0391719
44 0.274496 0.649414 0.104918 0.0192969
44 0.427892 0.976031 0.067822 0.0477812
44 0.564813 0.824742 0.104098 0.0972344
56 0.431382 0.522367 0.0790632 0.0686719
56 0.372237 0.493977 0.02274 0.0205156
56 0.490269 0.520539 0.0319204 0.0400156
56 0.469415 0.5145 0.0279625 0.041
56 0.781464 0.515305 0.0173068 0.0458906
56 0.448044 0.509242 0.0280796 0.0387344
56 0.388665 0.499898 0.0253864 0.0259531
56 0.745164 0.532828 0.0640515 0.0351875
0 0.424215 0.493578 0.0372365 0.059625
0 0.713361 0.471539 0.0379625 0.0413594
0 0.658876 0.469953 0.0255738 0.02525
0 0.718852 0.439055 0.0776581 0.0369531
0 0.680796 0.479594 0.0413115 0.0589688
42 0.635176 0.55182 0.100984 0.0376406
