5 0.311852 0.488759 0.347828 0.591007
5 0.806625 0.48315 0.263875 0.341569
0 0.0634141 0.421569 0.0546719 0.237471
0 0.0499297 0.336148 0.0269531 0.0732319
7 0.344953 0.490585 0.384344 0.607588
7 0.580977 0.45356 0.217391 0.364028
7 0.144586 0.373091 0.126609 0.244543
2 0.983602 0.459988 0.0327969 0.0367916
5 0.587273 0.465351 0.216547 0.370937
0 0.98907 0.576171 0.0218594 0.183911
0 0.0729141 0.297436 0.00860937 0.0238642
0 0.949156 0.582998 0.0680937 0.278595
0 0.0299219 0.319801 0.02725 0.0984778
7 0.800492 0.494543 0.237766 0.33274
