57 0.0948359 0.389935 0.186734 0.138525
27 0.439359 0.403839 0.0149687 0.0658134
27 0.579664 0.328536 0.0114844 0.0499566
56 0.363266 0.405 0.0304687 0.0612798
41 0.30825 0.857766 0.0450313 0.0966161
41 0.373102 0.664284 0.0294844 0.0587202
41 0.461445 0.489382 0.0195156 0.0270933
45 0.349641 0.80872 0.0485938 0.0603471
45 0.653078 0.655575 0.0344375 0.0281996
45 0.423281 0.540889 0.034 0.0314534
0 0.82718 0.547581 0.342547 0.412777
0 0.757367 0.839328 0.485266 0.298872
0 0.146008 0.712842 0.288766 0.554056
0 0.692305 0.313547 0.0658281 0.102321
0 0.244422 0.47641 0.168344 0.337072
0 0.514297 0.329664 0.0775937 0.122191
0 0.404727 0.393449 0.137828 0.216833
0 0.189898 0.567148 0.197359 0.353731
0 0.471156 0.352668 0.04175 0.148026
0 0.767461 0.369859 0.0966406 0.14102
0 0.759414 0.351399 0.0572656 0.128221
27 0.818852 0.478351 0.00976562 0.0716269
27 0.693156 0.341833 0.010125 0.065141
41 0.702023 0.710315 0.0439531 0.0581996
41 0.656711 0.551573 0.0256719 0.0332538
41 0.674023 0.378427 0.0119219 0.0289588
41 0.684063 0.410672 0.0163438 0.0176573
41 0.352477 0.640195 0.0340781 0.0406074
41 0.432773 0.593883 0.0324531 0.0383948
41 0.423578 0.543254 0.0250312 0.0303688
44 0.270023 0.845813 0.0264531 0.0113232
56 0.156484 0.372983 0.0667813 0.115206
56 0.730172 0.32756 0.0385 0.0670933
56 0.384617 0.373254 0.0149844 0.0272885
60 0.526438 0.665542 0.683 0.648655
0 0.58575 0.311551 0.0697187 0.121323
41 0.527445 0.424035 0.0139219 0.0181345
41 0.692227 0.510141 0.0202969 0.0364642
0 0.351359 0.42026 0.168 0.232278
27 0.505117 0.346432 0.0119219 0.0331236
27 0.759656 0.382082 0.0125938 0.0364859
41 0.406492 0.566605 0.0217969 0.0424512
45 0.441836 0.582278 0.0298906 0.0272017
56 0.956625 0.513991 0.0404062 0.0912364
56 0.193016 0.339783 0.0290625 0.0600434
44 0.686477 0.733818 0.0138281 0.0153579
