0 0.501406 0.89775 0.0724687 0.173042
0 0.626047 0.310427 0.03425 0.163854
0 0.747016 0.362833 0.0621563 0.126875
0 0.270555 0.0596146 0.0328906 0.0472708
0 0.504164 0.456292 0.0691406 0.235958
0 0.944711 0.856458 0.107734 0.10825
0 0.983203 0.822115 0.0326875 0.154146
0 0.990664 0.409979 0.0186719 0.119458
0 0.301844 0.0586979 0.0355 0.0485208
0 0.0762656 0.27551 0.026625 0.0510208
38 0.550219 0.383135 0.0320937 0.0471042
0 0.950195 0.0175312 0.0323906 0.0288125
32 0.464227 0.238187 0.00795313 0.0118333
74 0.496977 0.319187 0.0741719 0.0284167
32 0.517961 0.987177 0.0118906 0.0132292
56 0.850117 0.104615 0.0285156 0.0341458
56 0.92632 0.11375 0.0319219 0.0356667
56 0.97143 0.116302 0.0325469 0.0393542
