0 0.728383 0.615878 0.150703 0.558548
0 0.175383 0.646745 0.267172 0.519016
0 0.213648 0.367412 0.0914531 0.244941
0 0.344789 0.731756 0.146266 0.340047
0 0.841305 0.440012 0.0730469 0.348314
0 0.893859 0.440375 0.0593125 0.324778
0 0.954297 0.437225 0.0674687 0.343817
34 0.699586 0.422412 0.0361719 0.16445
35 0.431617 0.830972 0.0602031 0.0806792
0 0.108047 0.437728 0.101875 0.428478
24 0.522711 0.55397 0.0565469 0.0452693
39 0.810195 0.478583 0.0140156 0.0373536
0 0.991281 0.455386 0.0174375 0.281405
24 0.568766 0.542998 0.0480312 0.0520843
