3 0.794602 0.589892 0.154828 0.388774
0 0.522039 0.345853 0.107609 0.297524
0 0.642391 0.291202 0.15975 0.381154
0 0.0802578 0.494014 0.157609 0.984279
0 0.746406 0.34887 0.0594375 0.175769
0 0.898297 0.457704 0.0741875 0.373678
0 0.946477 0.431082 0.0359219 0.193462
0 0.804914 0.327957 0.0470469 0.119327
3 0.896687 0.543413 0.206625 0.403317
3 0.637586 0.671911 0.550672 0.633726
3 0.340367 0.563065 0.443578 0.849111
0 0.8475 0.380709 0.0327812 0.0676202
0 0.226914 0.408786 0.0439219 0.171178
24 0.417812 0.402584 0.096125 0.264543
24 0.6805 0.307981 0.07375 0.20149
26 0.4075 0.38018 0.0764375 0.222284
3 0.979422 0.506262 0.0411562 0.135264
0 0.789742 0.328269 0.0695156 0.161731
0 0.282789 0.375325 0.0827344 0.127284
