56 0.890042 0.351641 0.0894142 0.107187
56 0.235063 0.266773 0.0495397 0.0516094
56 0.186203 0.302375 0.0668828 0.05725
0 0.481621 0.366945 0.818808 0.730672
0 0.060795 0.143984 0.105356 0.0853125
41 0.797594 0.915063 0.286109 0.169875
53 0.518536 0.845547 0.621632 0.292406
0 0.151485 0.240281 0.12477 0.14875
0 0.799331 0.202469 0.247113 0.140688
0 0.962061 0.196609 0.0758787 0.09675
0 0.0857531 0.124844 0.0760251 0.0922813
0 0.766653 0.157234 0.0615481 0.0489062
0 0.343661 0.174633 0.0364017 0.0767344
40 0.0863285 0.638016 0.172657 0.099625
56 0.942688 0.469141 0.114623 0.226938
0 0.214958 0.180648 0.0651883 0.103922
0 0.866684 0.208648 0.0835356 0.0631094
39 0.913159 0.860102 0.173682 0.279797
41 0.0956276 0.635062 0.177364 0.1065
56 0.109299 0.353242 0.101736 0.101141
0 0.0810042 0.231547 0.162008 0.189469
0 0.00770921 0.100344 0.0154184 0.0394375
0 0.0401778 0.303281 0.0798954 0.154406
56 0.0568201 0.468312 0.11364 0.248594
