30 0.656609 0.483656 0.0573438 0.259313
24 0.522383 0.47624 0.0603594 0.155521
0 0.279383 0.58126 0.0997969 0.368188
0 0.619852 0.550062 0.113203 0.240333
0 0.685703 0.581833 0.112031 0.214917
0 0.0952969 0.562948 0.102344 0.367063
0 0.322305 0.55099 0.0777031 0.380896
0 0.391852 0.538635 0.0859531 0.319104
0 0.492977 0.542698 0.109547 0.357312
24 0.322133 0.624594 0.0660781 0.135271
24 0.366109 0.456781 0.0271562 0.0995625
24 0.550734 0.559823 0.046 0.106104
30 0.1425 0.625552 0.0292187 0.156938
0 0.447805 0.502771 0.0506094 0.2915
0 0.900711 0.5215 0.0979219 0.228333
30 0.763977 0.483792 0.0928594 0.258083
30 0.205539 0.584458 0.0662656 0.208333
30 0.165969 0.583073 0.0425937 0.238521
