3 0.245523 0.894988 0.0329531 0.101318
3 0.159172 0.939471 0.0406875 0.0910353
7 0.702977 0.844565 0.169047 0.222353
7 0.895141 0.707212 0.180969 0.204965
9 0.544477 0.370459 0.0757656 0.288588
9 0.407563 0.380624 0.08525 0.283788
0 0.244703 0.810682 0.0445313 0.0998118
0 0.159305 0.883812 0.0494219 0.149835
0 0.270766 0.583941 0.0424375 0.0858118
0 0.878672 0.671459 0.0555 0.0515294
0 0.924367 0.661588 0.0323906 0.0675529
0 0.947758 0.671741 0.0705469 0.0594824
0 0.0355234 0.279576 0.0163906 0.0625882
2 0.581445 0.668965 0.127109 0.146306
2 0.737469 0.582588 0.122687 0.133553
2 0.442461 0.859553 0.159672 0.191012
2 0.165219 0.698694 0.13225 0.199976
2 0.622328 0.439176 0.0744062 0.107482
2 0.944016 0.449165 0.0873437 0.145671
2 0.914633 0.427376 0.0764531 0.117624
2 0.48107 0.504459 0.0500469 0.1124
2 0.331625 0.549376 0.0773125 0.126235
7 0.977195 0.162565 0.0454219 0.1168
0 0.15493 0.0893059 0.0101406 0.0317412
0 0.162359 0.0553647 0.00909375 0.0239059
0 0.157477 0.829541 0.0577031 0.0857176
0 0.924344 0.362565 0.0240313 0.0234824
2 0.161438 0.474612 0.0907188 0.1304
3 0.269969 0.623247 0.04375 0.109788
0 0.286242 0.0840941 0.0126094 0.0242824
2 0.327859 0.231506 0.0465313 0.0675765
7 0.968625 0.469259 0.06275 0.160306
7 0.189555 0.0483882 0.0250156 0.0508941
3 0.156023 0.101541 0.00739063 0.0212471
7 0.412484 0.2062 0.0579063 0.0677882
7 0.957617 0.298294 0.0847656 0.110329
