5 0.460914 0.509583 0.736453 0.717833
0 0.390773 0.281153 0.0376719 0.0669722
0 0.350375 0.295083 0.0305625 0.0458889
0 0.325461 0.281236 0.0414844 0.0750278
0 0.540539 0.257125 0.0197031 0.0676944
0 0.257367 0.306125 0.0188594 0.0396389
0 0.568781 0.257528 0.0353125 0.0928889
0 0.216703 0.301667 0.018375 0.0457778
0 0.182805 0.296875 0.0218594 0.0305833
0 0.278664 0.282944 0.0353594 0.0717778
0 0.515188 0.263472 0.0386562 0.0862778
0 0.132063 0.277986 0.0166875 0.0256944
0 0.610141 0.262583 0.0456562 0.0703333
0 0.295266 0.301556 0.0224062 0.0362222
