18 0.447672 0.473634 0.673937 0.478323
18 0.700688 0.122495 0.472219 0.178778
18 0.350508 0.795259 0.697766 0.38795
18 0.797352 0.710155 0.405297 0.558903
18 0.6205 0.745683 0.522094 0.482754
18 0.908922 0.59324 0.182156 0.285404
18 0.362766 0.270642 0.320656 0.343354
18 0.853898 0.382019 0.286609 0.229213
18 0.699773 0.255248 0.600453 0.281346
18 0.590547 0.044089 0.196281 0.0851967
18 0.0529219 0.325321 0.101937 0.192215
18 0.252867 0.0448033 0.501828 0.0831056
18 0.259844 0.141863 0.519688 0.208986
