39 0.223117 0.159073 0.00785938 0.0463542
56 0.447859 0.321875 0.0575937 0.0374167
56 0.384242 0.284313 0.0449531 0.0308333
56 0.776984 0.206854 0.0657812 0.03875
56 0.792234 0.261177 0.0578438 0.0734375
56 0.0779688 0.201302 0.052625 0.0303542
56 0.575437 0.326521 0.0514375 0.0251667
56 0.371594 0.252979 0.0636562 0.0374583
56 0.316352 0.255156 0.0468594 0.0444375
56 0.667797 0.0386458 0.0574687 0.031875
34 0.537188 0.392958 0.0353438 0.213792
35 0.740289 0.412125 0.0439531 0.060125
41 0.166891 0.10575 0.0161875 0.025625
26 0.728625 0.285812 0.0284063 0.036375
0 0.429117 0.553615 0.260484 0.419771
0 0.878117 0.612302 0.137922 0.353104
0 0.964594 0.419177 0.0708125 0.146354
0 0.0984922 0.537646 0.0821719 0.134
0 0.132977 0.270094 0.0847969 0.113063
56 0.634352 0.328281 0.0622344 0.0259375
0 0.266969 0.279656 0.167094 0.125062
0 0.313648 0.297552 0.0556719 0.0924792
0 0.600367 0.283771 0.0565469 0.104917
0 0.808422 0.335094 0.0705313 0.0818125
0 0.483844 0.255312 0.0748438 0.142958
0 0.0372656 0.514625 0.0745313 0.179
26 0.211352 0.320771 0.0561094 0.0292917
56 0.397531 0.3225 0.0405937 0.0457083
0 0.470422 0.185646 0.0654062 0.10825
56 0.243047 0.248229 0.0378125 0.0345833
0 0.785289 0.585125 0.128516 0.394125
56 0.617383 0.0685417 0.0567031 0.033625
