0 0.0914609 0.457307 0.179922 0.865152
41 0.377461 0.554485 0.0378906 0.0484075
41 0.506055 0.734098 0.0538281 0.0580796
41 0.413445 0.572916 0.0362969 0.0510773
55 0.860602 0.685398 0.173922 0.121335
55 0.880742 0.527506 0.168641 0.124239
75 0.674336 0.498126 0.0394844 0.0957845
41 0.261789 0.628279 0.0220781 0.0408665
41 0.264484 0.689906 0.030875 0.0420609
41 0.391109 0.81082 0.0350937 0.0482904
41 0.545031 0.253911 0.0336562 0.0657143
55 0.868531 0.374988 0.134438 0.107588
55 0.915438 0.234719 0.168781 0.0701405
0 0.287344 0.192892 0.0712812 0.251452
0 0.375234 0.144532 0.0786563 0.10719
0 0.136844 0.215222 0.0759062 0.214754
41 0.422797 0.763653 0.0134062 0.0520843
41 0.502398 0.265304 0.0312031 0.0526698
41 0.2385 0.672014 0.0285313 0.041171
41 0.273328 0.646663 0.01125 0.0377283
55 0.548906 0.667611 0.0465 0.0426698
55 0.489273 0.63055 0.0346719 0.0475644
55 0.517289 0.636358 0.0398594 0.0727166
55 0.938336 0.337775 0.112953 0.0456674
