19 0.357852 0.572225 0.122266 0.0854801
19 0.245945 0.625785 0.114922 0.178782
19 0.392086 0.601932 0.0550781 0.108735
19 0.509508 0.563759 0.101984 0.0773536
19 0.2015 0.626124 0.1195 0.205035
19 0.16093 0.519052 0.0849531 0.0421311
19 0.303789 0.597892 0.0580781 0.153536
1 0.476375 0.722916 0.158031 0.153326
1 0.944164 0.882119 0.108547 0.235761
2 0.558641 0.527213 0.129344 0.0855269
3 0.873148 0.689883 0.206266 0.176253
0 0.460383 0.612482 0.103547 0.343326
0 0.976914 0.724426 0.0461719 0.376534
0 0.865758 0.588208 0.119703 0.28644
0 0.775148 0.525457 0.0321406 0.0926932
0 0.358133 0.494052 0.0331094 0.0494145
0 0.27707 0.503806 0.0495781 0.0611944
9 0.06875 0.28815 0.0125625 0.018267
0 0.628437 0.499696 0.052375 0.0785012
0 0.963906 0.534157 0.022875 0.0777283
0 0.390516 0.504227 0.0143437 0.0403981
0 0.929945 0.512084 0.0346406 0.0655738
19 0.560383 0.61897 0.0478906 0.188197
19 0.153367 0.592049 0.0746406 0.118993
19 0.666047 0.616698 0.168594 0.184918
0 0.500359 0.494801 0.0172187 0.0374239
19 0.652469 0.619754 0.162875 0.173747
0 0.136922 0.494239 0.026375 0.0395316
1 0.07625 0.642857 0.117844 0.324684
0 0.237344 0.495269 0.037625 0.0569555
