58 0.594523 0.557283 0.0802969 0.0980796
62 0.713664 0.561803 0.0809531 0.0988759
39 0.587406 0.666452 0.0185 0.0993677
56 0.586836 0.877424 0.163578 0.223653
56 0.297672 0.896475 0.202687 0.207049
56 0.953922 0.931429 0.0921562 0.114473
56 0.619922 0.696276 0.0455 0.0496019
56 0.974031 0.670269 0.0510938 0.129063
60 0.440531 0.849532 0.394031 0.287073
40 0.578594 0.699274 0.0275 0.0535831
40 0.552594 0.687916 0.0209063 0.0680094
45 0.869336 0.761464 0.0548594 0.038993
46 0.379703 0.70493 0.0551562 0.0445199
68 0.82657 0.636604 0.113703 0.102389
47 0.363398 0.734309 0.0174844 0.0161593
47 0.388555 0.724098 0.0206406 0.0318033
56 0.341094 0.71897 0.0645312 0.0798595
47 0.352031 0.726897 0.0145937 0.0216159
