2 0.418812 0.247302 0.0528125 0.0391458
2 0.462961 0.247813 0.0361719 0.0315833
2 0.102508 0.254531 0.0370469 0.0346042
2 0.689984 0.247177 0.0545937 0.0259792
2 0.170813 0.251604 0.0440313 0.04225
7 0.597891 0.23175 0.168406 0.0755
29 0.233602 0.425302 0.0825781 0.0568125
0 0.322383 0.273615 0.0299219 0.108729
0 0.400281 0.550562 0.26125 0.570792
0 0.270648 0.469896 0.175172 0.670042
0 0.846867 0.234437 0.00839063 0.0426667
2 0.512914 0.245365 0.0271094 0.0208958
2 0.49168 0.250729 0.0571719 0.0391667
2 0.143781 0.237667 0.0420312 0.0224167
0 0.0228438 0.273615 0.0244375 0.0842708
0 0.882039 0.243656 0.0253906 0.108146
0 0.286492 0.224656 0.0118906 0.0131042
0 0.720562 0.240271 0.00846875 0.0354167
0 0.785055 0.234885 0.0102969 0.0314375
0 0.942875 0.233208 0.0096875 0.0337083
2 0.35225 0.248646 0.0478125 0.043
2 0.144414 0.247979 0.0347969 0.0290417
