41 0.847854 0.409289 0.167667 0.187484
43 0.814604 0.860414 0.370792 0.278641
45 0.685312 0.172344 0.239375 0.044875
46 0.671542 0.128078 0.0952917 0.0489375
46 0.722646 0.141922 0.182875 0.0324375
49 0.755635 0.626516 0.188188 0.106844
49 0.652542 0.36325 0.351375 0.223531
49 0.440781 0.829414 0.216479 0.185891
49 0.24 0.829141 0.178833 0.152938
49 0.311896 0.705141 0.203208 0.122156
49 0.141177 0.961602 0.260229 0.0767969
49 0.298302 0.598875 0.189188 0.124375
49 0.447188 0.564992 0.166292 0.115578
49 0.510646 0.72332 0.195417 0.138766
49 0.524146 0.644133 0.193917 0.0913594
49 0.629021 0.583477 0.149792 0.111891
49 0.79874 0.737023 0.207562 0.127359
41 0.392104 0.407547 0.220542 0.204594
60 0.5 0.68182 1 0.610391
49 0.828635 0.570703 0.180771 0.104531
