25 0.415367 0.509422 0.818828 0.939316
25 0.457047 0.736521 0.148875 0.114599
25 0.681836 0.914116 0.264672 0.170448
25 0.656547 0.828656 0.241188 0.307877
25 0.125055 0.811238 0.247141 0.292146
25 0.330891 0.879882 0.236844 0.0701887
25 0.46057 0.960955 0.171766 0.0740802
25 0.317219 0.971521 0.119469 0.0350236
25 0.426375 0.900884 0.173812 0.0740802
25 0.532203 0.97046 0.133719 0.0590802
25 0.0800156 0.88441 0.160031 0.0908962
25 0.188195 0.816179 0.274734 0.125094
25 0.527773 0.70362 0.605859 0.455967
