0 0.143992 0.378843 0.0822969 0.186799
0 0.279523 0.55618 0.414766 0.806752
34 0.530945 0.206706 0.160953 0.139206
35 0.139961 0.5834 0.0927031 0.132266
0 0.0939766 0.571016 0.187953 0.119603
0 0.71318 0.371822 0.0967031 0.135047
0 0.389008 0.0424299 0.0637031 0.0835514
0 0.0935 0.0452336 0.0717812 0.0904673
0 0.790477 0.097757 0.0721406 0.119112
0 0.465875 0.0460631 0.066125 0.0831542
0 0.856937 0.114743 0.066125 0.0995794
0 0.728867 0.0674065 0.0751406 0.125841
0 0.640414 0.0633879 0.0325469 0.0542991
