62 0.678953 0.408294 0.184625 0.226471
0 0.302258 0.5574 0.473484 0.865482
66 0.639164 0.5528 0.207391 0.0712471
73 0.142187 0.265694 0.260562 0.204047
56 0.244516 0.910753 0.297781 0.178494
73 0.0479375 0.534941 0.0136562 0.144047
73 0.138039 0.0585059 0.270109 0.117012
73 0.0564766 0.525424 0.0742344 0.180965
73 0.0315703 0.732659 0.0152344 0.169035
73 0.0868984 0.930835 0.0335781 0.1372
73 0.0449766 0.7318 0.0127656 0.167318
73 0.0307422 0.947141 0.0126406 0.100306
73 0.0860781 0.940071 0.0165937 0.119859
