2 0.233938 0.728047 0.142833 0.08325
2 0.923354 0.766883 0.153292 0.121953
2 0.0851458 0.762656 0.170292 0.141781
2 0.117083 0.700445 0.0698333 0.0341719
2 0.55975 0.724133 0.0485833 0.0612969
2 0.204281 0.690297 0.0813958 0.0302187
7 0.365135 0.685242 0.250979 0.0822344
9 0.124635 0.650039 0.0123542 0.0179219
9 0.578937 0.517977 0.0700417 0.128547
2 0.449792 0.709117 0.082625 0.0526094
7 0.657646 0.710961 0.169708 0.102078
2 0.348687 0.684906 0.221167 0.0761875
2 0.0374167 0.683891 0.0681667 0.01475
9 0.0147708 0.602656 0.028375 0.00996875
9 0.461875 0.516617 0.0744167 0.121266
