0 0.453602 0.562669 0.164734 0.484126
37 0.481813 0.533951 0.192031 0.199371
25 0.736187 0.447762 0.178094 0.0993473
25 0.330438 0.440921 0.101125 0.098951
56 0.939406 0.618531 0.0924688 0.160047
56 0.336297 0.604557 0.0635938 0.0968065
56 0.29868 0.597949 0.0813281 0.0953846
56 0.238398 0.58366 0.101328 0.0710956
56 0.184445 0.573252 0.0808906 0.0490676
56 0.789328 0.661562 0.104531 0.0647086
56 0.878352 0.625186 0.0809219 0.15028
56 0.521266 0.63641 0.0422187 0.0606993
25 0.916328 0.466154 0.167344 0.111981
25 0.123062 0.421876 0.20075 0.117179
25 0.534727 0.414452 0.125672 0.0950117
25 0.278156 0.438135 0.102 0.0880186
