0 0.312479 0.494336 0.496917 0.909984
0 0.96575 0.314203 0.0685 0.275125
35 0.445271 0.577734 0.173792 0.148313
2 0.139927 0.174852 0.0276042 0.0142969
33 0.546292 0.187391 0.0252083 0.0455
33 0.616115 0.214695 0.0360208 0.0428594
33 0.489771 0.179672 0.0251667 0.0484062
33 0.650896 0.190766 0.0365 0.04225
33 0.721198 0.19257 0.0351875 0.0521094
33 0.687052 0.219727 0.0315208 0.0472969
33 0.815396 0.17943 0.0352917 0.0447031
0 0.189438 0.230516 0.116417 0.218719
2 0.0576667 0.188781 0.0597083 0.0322188
33 0.930323 0.172156 0.0437708 0.0574375
33 0.765896 0.170852 0.034125 0.0497031
33 0.566437 0.210812 0.0260833 0.045625
33 0.578313 0.175656 0.02575 0.04
2 0.626469 0.203344 0.180521 0.0561562
2 0.908583 0.200234 0.182833 0.103344
