2 0.0941563 0.406906 0.0231875 0.0230208
5 0.534852 0.443771 0.351578 0.3605
5 0.318523 0.406635 0.102609 0.189729
0 0.218758 0.41249 0.00901562 0.0368958
0 0.751055 0.505615 0.0300781 0.108396
0 0.931984 0.515458 0.0360625 0.1235
2 0.110766 0.374437 0.0256563 0.0155
5 0.0700703 0.376771 0.0237344 0.0385417
7 0.0960703 0.39775 0.0202344 0.0404583
7 0.0255156 0.43599 0.0499375 0.0898958
9 0.175625 0.367479 0.0170937 0.0195
13 0.758508 0.558 0.0692031 0.0592917
0 0.716641 0.517625 0.0176563 0.116833
0 0.246484 0.403469 0.00909375 0.0335208
0 0.902 0.523104 0.0310625 0.117917
2 0.172352 0.392521 0.0198594 0.01825
2 0.00610938 0.486146 0.0116562 0.0405417
24 0.745594 0.515615 0.0173437 0.0371875
2 0.0254766 0.42774 0.0509531 0.0726458
2 0.0159609 0.458885 0.0307969 0.0581042
2 0.153477 0.386406 0.0129844 0.0128542
5 0.135242 0.366083 0.0140156 0.01625
