62 0.399641 0.33401 0.1925 0.164271
57 0.60918 0.816906 0.632516 0.363271
0 0.755172 0.625656 0.136 0.0864792
74 0.120195 0.166479 0.0736406 0.118333
63 0.720531 0.637219 0.0799062 0.102271
65 0.536016 0.64274 0.0289063 0.0274375
41 0.428414 0.664521 0.0255156 0.0535
65 0.494914 0.645625 0.0185156 0.02
73 0.534742 0.649042 0.0527031 0.0440417
74 0.0737344 0.313604 0.0185937 0.039625
56 0.245453 0.697406 0.284406 0.251938
56 0.573195 0.459448 0.0921406 0.176396
56 0.661063 0.543812 0.202094 0.168583
73 0.537086 0.662531 0.0675781 0.0306458
