58 0.314086 0.272687 0.0319844 0.0645374
56 0.555648 0.475617 0.0869844 0.152599
60 0.466516 0.769405 0.652625 0.456476
56 0.286039 0.480452 0.0714219 0.0832379
56 0.389281 0.36674 0.0350312 0.0471366
56 0.470008 0.401189 0.0912031 0.151894
56 0.440812 0.455892 0.0944375 0.179185
74 0.365172 0.0172026 0.0216562 0.0344053
41 0.635508 0.630286 0.0372344 0.0576211
44 0.581445 0.551894 0.0112969 0.0131278
44 0.40232 0.626498 0.0127969 0.0502643
0 0.157828 0.685242 0.215969 0.606564
0 0.366484 0.528623 0.164531 0.315132
0 0.662242 0.444923 0.204328 0.278084
0 0.852844 0.753932 0.274187 0.465176
0 0.855305 0.51457 0.265703 0.286145
0 0.318023 0.843822 0.263016 0.312357
0 0.580773 0.405727 0.118766 0.25652
0 0.0833203 0.487919 0.0755156 0.278789
0 0.206195 0.257566 0.0560469 0.190639
0 0.0271484 0.304284 0.0542969 0.229802
0 0.797719 0.347963 0.125937 0.212577
56 0.266969 0.395022 0.007125 0.0359471
56 0.799492 0.549604 0.0699844 0.147974
60 0.622977 0.407081 0.305984 0.138172
60 0.385164 0.375011 0.146484 0.135529
62 0.661047 0.200661 0.289406 0.262643
0 0.144867 0.275452 0.0632031 0.253326
41 0.4535 0.608007 0.0345625 0.0474229
41 0.560617 0.811333 0.0457031 0.0720044
44 0.257617 0.72467 0.0210781 0.0778855
45 0.700125 0.771883 0.102906 0.0967181
56 0.605273 0.487015 0.0534219 0.044163
56 0.966836 0.727004 0.0383281 0.1
60 0.0380156 0.489802 0.0717187 0.113084
0 0.0938906 0.321145 0.0606563 0.0812775
51 0.447984 0.878183 0.0184062 0.0169383
51 0.557391 0.632819 0.01275 0.0186344
51 0.715422 0.694416 0.0145625 0.0193612
56 0.981195 0.867126 0.0376094 0.0765419
63 0.898352 0.31641 0.0472969 0.0844934
66 0.888852 0.36087 0.0375469 0.0151762
56 0.280867 0.567357 0.0349844 0.0514537
56 0.804859 0.435617 0.0750625 0.107797
56 0.434164 0.426718 0.0508281 0.0285022
56 0.914844 0.367258 0.0280625 0.0512115
56 0.0816797 0.585286 0.0382344 0.104229
