0 0.231617 0.602477 0.268359 0.761244
0 0.341992 0.373509 0.0622344 0.242465
0 0.370437 0.617735 0.135187 0.311808
0 0.481109 0.542383 0.1515 0.30993
0 0.920297 0.638627 0.0994687 0.672277
0 0.287758 0.307711 0.0318906 0.111901
0 0.0421953 0.352805 0.0843906 0.238099
0 0.14675 0.363052 0.0626562 0.146667
26 0.651164 0.586843 0.107422 0.228897
26 0.519242 0.455481 0.115984 0.0819484
26 0.377984 0.440775 0.0283438 0.0916432
0 0.578156 0.450516 0.051125 0.304789
27 0.322922 0.328967 0.0056875 0.0224883
56 0.0539531 0.87561 0.107906 0.235962
56 0.0420625 0.667782 0.084125 0.118803
56 0.0436719 0.597958 0.0859688 0.141596
56 0.0916563 0.559308 0.0300938 0.0830751
56 0.0749062 0.497817 0.05425 0.0546479
56 0.0979766 0.675575 0.0505781 0.145516
56 0.366383 0.802007 0.132391 0.259836
56 0.0270078 0.51142 0.0499531 0.061385
56 0.105375 0.860305 0.0495312 0.248732
56 0.298242 0.524073 0.0559844 0.0636854
56 0.39332 0.512864 0.0641406 0.0666197
62 0.514062 0.798873 0.1115 0.219484
0 0.304438 0.343181 0.0325312 0.133357
26 0.0342656 0.416561 0.0429375 0.119648
56 0.440344 0.604472 0.107813 0.149789
0 0.273555 0.412406 0.0647969 0.169836
0 0.799656 0.634718 0.287188 0.689108
0 0.652211 0.6677 0.116641 0.568685
