52 0.655367 0.755896 0.0512969 0.0754583
52 0.259414 0.777646 0.0388281 0.0964583
52 0.487187 0.779635 0.0255625 0.0991042
52 0.424625 0.776625 0.0375937 0.09225
52 0.559977 0.775615 0.0599219 0.0891042
52 0.599438 0.776271 0.0524687 0.0842917
52 0.388875 0.778167 0.037375 0.085
52 0.361766 0.555323 0.05825 0.0842708
52 0.348031 0.778656 0.048875 0.0921458
52 0.775281 0.750563 0.0404375 0.098875
52 0.295953 0.780104 0.0430938 0.0845
52 0.737773 0.745437 0.0364844 0.0776667
52 0.60893 0.546615 0.0602344 0.0878542
52 0.542023 0.547792 0.0558594 0.08825
