60 0.342039 0.0740937 0.0866719 0.123021
0 0.345508 0.570792 0.421359 0.835958
0 0.39375 0.0678854 0.0620938 0.132312
0 0.0867266 0.14526 0.0697031 0.198104
0 0.604359 0.0302083 0.021125 0.0599583
77 0.282734 0.848167 0.287031 0.303667
13 0.274492 0.121135 0.0799219 0.0491042
13 0.387211 0.101844 0.0805781 0.0579792
0 0.185938 0.102031 0.0679375 0.200271
0 0.795305 0.656812 0.409391 0.664417
77 0.792203 0.921854 0.242906 0.156292
0 0.01175 0.204896 0.0235 0.0394167
0 0.641086 0.0202708 0.0266094 0.04
0 0.289672 0.0736771 0.0591563 0.147354
0 0.5705 0.0204063 0.048 0.0374792
56 0.771422 0.590917 0.455844 0.792208
