58 0.711359 0.265021 0.154562 0.283375
58 0.480945 0.844167 0.369953 0.28475
39 0.758461 0.935417 0.0484531 0.129167
56 0.467742 0.562365 0.167734 0.397854
60 0.85118 0.457646 0.297641 0.101167
0 0.526609 0.560208 0.55 0.660208
0 0.155055 0.557302 0.306734 0.570771
60 0.499437 0.865021 0.998875 0.269958
42 0.216148 0.9225 0.108984 0.045125
41 0.873477 0.416615 0.0339219 0.0595208
41 0.949695 0.422573 0.0386406 0.0746875
56 0.0360156 0.752312 0.0720313 0.174042
39 0.801773 0.884698 0.0618906 0.230604
40 0.927273 0.935073 0.105203 0.103896
40 0.148844 0.884979 0.0885625 0.225708
40 0.0535703 0.90851 0.0932656 0.176854
40 0.866969 0.906823 0.094 0.186354
40 0.276625 0.871438 0.0857187 0.231167
40 0.0155625 0.932583 0.031 0.134833
