62 0.495691 0.637445 0.991382 0.715234
0 0.170656 0.577922 0.0529742 0.056625
0 0.30178 0.612648 0.0412646 0.0590469
0 0.376604 0.65718 0.0677283 0.0561406
0 0.510785 0.704625 0.0318735 0.0605938
0 0.424356 0.808305 0.0615925 0.0938906
0 0.713267 0.646828 0.0701405 0.045375
0 0.0727869 0.722391 0.031897 0.0808438
0 0.270164 0.806172 0.0592037 0.0814688
0 0.836393 0.828016 0.0722717 0.0645312
0 0.917143 0.869766 0.071897 0.0621563
15 0.410738 0.184023 0.427002 0.279453
0 0.231347 0.604484 0.0362295 0.058125
