17 0.613707 0.69675 0.165751 0.253844
17 0.383118 0.693242 0.17164 0.265547
0 0.611547 0.573406 0.203187 0.248375
0 0.37657 0.567516 0.213002 0.2745
0 0.10224 0.662555 0.102818 0.0712656
0 0.152725 0.612602 0.0410624 0.0387656
0 0.226975 0.607313 0.0410624 0.0294375
0 0.290173 0.611172 0.0521247 0.0955938
13 0.0692725 0.682555 0.03194 0.0325156
0 0.0787644 0.585023 0.0117552 0.0238906
0 0.181905 0.599711 0.0169746 0.0187344
0 0.193545 0.612555 0.0423788 0.0142344
0 0.108383 0.60207 0.0395843 0.0780781
0 0.0698383 0.600984 0.0218014 0.059
0 0.728176 0.561367 0.0135335 0.0171406
