56 0.109227 0.293286 0.120047 0.259503
60 0.499414 0.832389 0.986922 0.304742
60 0.0947187 0.200542 0.189437 0.146696
60 0.641094 0.144174 0.294031 0.145968
0 0.51382 0.519245 0.310391 0.445275
0 0.79093 0.366474 0.418141 0.62556
0 0.0741328 0.756616 0.148266 0.157318
41 0.275172 0.883348 0.105062 0.149538
42 0.515508 0.800746 0.0345469 0.117194
42 0.169484 0.765995 0.08425 0.083286
43 0.131562 0.802584 0.206375 0.120906
43 0.560625 0.804503 0.0843437 0.164032
43 0.754211 0.818597 0.108953 0.16778
53 0.546141 0.942993 0.46 0.112948
53 0.89757 0.971829 0.204859 0.0552398
42 0.798781 0.786803 0.181406 0.0977975
42 0.158633 0.743428 0.0642344 0.0841563
43 0.151008 0.758339 0.151984 0.0379929
0 0.0583438 0.929991 0.116688 0.140018
56 0.637484 0.194805 0.233063 0.202611
56 0.525125 0.149956 0.0807187 0.141723
56 0.642336 0.617993 0.0751406 0.156448
60 0.599789 0.344156 0.422703 0.163623
56 0.819422 0.174574 0.0721875 0.195435
