39 0.829208 0.45868 0.03 0.0668594
0 0.416479 0.522469 0.4135 0.757313
45 0.951948 0.466219 0.0961042 0.0653125
68 0.731573 0.44482 0.220271 0.0877656
69 0.426719 0.631313 0.366521 0.339594
73 0.197292 0.700016 0.094 0.0224062
73 0.208844 0.524484 0.0729792 0.0753125
73 0.204323 0.615547 0.0173125 0.0740937
73 0.197135 0.713227 0.101938 0.0175781
73 0.19474 0.669922 0.100062 0.0124375
73 0.219833 0.611266 0.0187083 0.0775312
73 0.198177 0.728875 0.100812 0.00984375
73 0.208177 0.681531 0.0741042 0.0105313
69 0.73074 0.363633 0.193938 0.0727344
