14 0.578406 0.565995 0.0355938 0.0315691
14 0.524625 0.56808 0.0190625 0.0391569
14 0.763508 0.61507 0.0459219 0.0498126
14 0.407461 0.53048 0.0265469 0.0353864
14 0.457109 0.574192 0.0242812 0.0471663
14 0.427797 0.546007 0.0336562 0.0362295
14 0.429375 0.489239 0.03075 0.0369789
14 0.371977 0.543162 0.0203594 0.0444496
14 0.434766 0.459333 0.0260312 0.0245199
0 0.932023 0.563501 0.0832969 0.161288
0 0.921641 0.490176 0.0818125 0.111967
14 0.676664 0.539859 0.0147344 0.0285246
14 0.300297 0.483653 0.0199063 0.0372834
14 0.628156 0.61315 0.04225 0.0452693
14 0.498547 0.612319 0.0379063 0.043466
