25 0.457164 0.2528 0.869391 0.32135
2 0.330187 0.494112 0.115156 0.138175
2 0.382047 0.492337 0.053875 0.140325
2 0.139148 0.480738 0.0469844 0.061025
2 0.0810859 0.47345 0.0867969 0.09195
2 0.166914 0.479825 0.0327969 0.06175
56 0.628148 0.859763 0.0610469 0.126125
56 0.700859 0.852612 0.0594063 0.149875
56 0.83182 0.889737 0.0618594 0.085375
0 0.236828 0.716625 0.25225 0.54035
0 0.359766 0.7421 0.124156 0.4921
0 0.598961 0.597588 0.114016 0.378375
0 0.0387109 0.768012 0.0774219 0.463975
9 0.524445 0.428 0.00873437 0.01725
2 0.43425 0.497638 0.0169375 0.132925
26 0.643156 0.579462 0.0262188 0.060675
58 0.648242 0.501937 0.0348906 0.102575
58 0.831258 0.526637 0.0245469 0.143075
60 0.539672 0.88375 0.124469 0.2281
9 0.0753359 0.407312 0.00901562 0.014425
9 0.0660781 0.406463 0.0107188 0.043575
41 0.52907 0.7453 0.0242031 0.074
56 0.864195 0.90455 0.0734531 0.0689
56 0.845789 0.928737 0.0439219 0.019275
