5 0.481859 0.575585 0.370656 0.637166
0 0.200609 0.799965 0.0248438 0.0559953
0 0.246312 0.818466 0.0119375 0.0298126
0 0.0707969 0.821288 0.018625 0.0344262
0 0.592133 0.673091 0.0489844 0.06637
0 0.157938 0.801593 0.0164687 0.0478689
1 0.200633 0.817881 0.0387969 0.0367916
0 0.296094 0.821405 0.00940625 0.0271663
0 0.0581641 0.802459 0.0100469 0.041171
0 0.478281 0.377529 0.0569687 0.0899063
0 0.431336 0.386417 0.0317656 0.0689461
0 0.599766 0.392576 0.05225 0.0792037
0 0.278297 0.819227 0.0115 0.027822
13 0.903438 0.845621 0.060875 0.0239344
13 0.784234 0.841124 0.0881563 0.0236066
13 0.709344 0.836897 0.0322812 0.0156674
0 0.265094 0.81911 0.0124688 0.0276815
0 0.260352 0.80226 0.00757812 0.0383372
13 0.692945 0.834883 0.0260469 0.0217096
