32 0.422742 0.639245 0.0257969 0.0407432
0 0.233594 0.637387 0.273438 0.551802
0 0.518219 0.396926 0.0427812 0.136059
0 0.683172 0.380721 0.0229687 0.10464
0 0.703328 0.364313 0.0155937 0.0470495
0 0.162797 0.408604 0.042625 0.177658
0 0.126172 0.422275 0.0324375 0.183018
34 0.344016 0.66393 0.0419375 0.178896
0 0.925703 0.372005 0.0157813 0.0617117
0 0.27868 0.372635 0.0298594 0.0876126
0 0.957758 0.369505 0.00657812 0.0262613
0 0.891203 0.377883 0.0126562 0.0396396
0 0.598531 0.375597 0.0141875 0.0462838
0 0.349562 0.378108 0.0165937 0.0558559
35 0.524805 0.409685 0.0136719 0.0185135
0 0.866133 0.374932 0.0239844 0.0338288
