39 0.886539 0.238854 0.0430156 0.152917
39 0.762102 0.138125 0.0328594 0.139792
72 0.272648 0.222708 0.545297 0.445417
39 0.841133 0.231469 0.0405781 0.126479
39 0.866469 0.208198 0.02075 0.137146
39 0.801555 0.161354 0.0389219 0.124125
39 0.851437 0.141677 0.0184687 0.0590208
39 0.751797 0.11475 0.0286875 0.13925
39 0.00973437 0.497458 0.0190625 0.15075
39 0.821437 0.21299 0.03725 0.118896
0 0.379883 0.564042 0.396422 0.710125
69 0.0836328 0.679979 0.167266 0.625667
71 0.932297 0.449552 0.135406 0.192604
39 0.0153984 0.431177 0.0307969 0.199813
39 0.879016 0.215323 0.0428437 0.163521
39 0.271297 0.194844 0.0325937 0.0678125
68 0.898945 0.126875 0.0511094 0.09625
