6 0.583977 0.513489 0.520266 0.914614
0 0.217797 0.624485 0.064625 0.261944
0 0.102047 0.661066 0.0574687 0.173091
0 0.829422 0.506393 0.024 0.256347
0 0.0922969 0.662272 0.059875 0.192646
0 0.405461 0.303934 0.0778906 0.114239
9 0.888211 0.433958 0.0267031 0.0838876
9 0.871336 0.524227 0.0207344 0.0391803
13 0.0351641 0.707799 0.0666094 0.167681
13 0.146062 0.709333 0.0432813 0.0744965
0 0.680375 0.274192 0.06575 0.110398
0 0.979117 0.683993 0.0244844 0.147845
0 0.991531 0.682916 0.0169375 0.115761
0 0.0773984 0.671054 0.0465156 0.166183
13 0.168156 0.692553 0.04475 0.0826698
0 0.0576875 0.673899 0.0747188 0.207799
0 0.733211 0.0642389 0.0354531 0.128478
