39 0.0209219 0.761284 0.0418437 0.193549
56 0.910203 0.493539 0.165781 0.40215
56 0.945953 0.216691 0.108094 0.181524
57 0.170609 0.444081 0.341219 0.389248
60 0.5035 0.76547 0.993 0.443925
0 0.354391 0.457265 0.280031 0.46547
0 0.620906 0.529405 0.37925 0.466367
44 0.247305 0.588299 0.0588594 0.168539
44 0.465172 0.713152 0.136813 0.0868894
53 0.403625 0.793789 0.0965625 0.0735908
53 0.406656 0.728685 0.076875 0.0567432
43 0.254547 0.614948 0.0194375 0.0438413
53 0.281539 0.657307 0.0739219 0.056618
53 0.275766 0.615271 0.0335 0.0417328
56 0.170102 0.476618 0.332422 0.340251
71 0.659984 0.916451 0.414062 0.129854
