74 0.471881 0.848148 0.250164 0.217828
0 0.6725 0.64132 0.0296262 0.0363281
0 0.600923 0.642805 0.0345561 0.0348281
0 0.530572 0.647867 0.0328271 0.0272969
0 0.480958 0.647492 0.0334579 0.0293594
0 0.454708 0.64732 0.0251636 0.0327344
0 0.622687 0.649094 0.021028 0.0212812
0 0.330584 0.656312 0.0211682 0.0187812
0 0.270993 0.653969 0.0260514 0.0253437
0 0.419182 0.652109 0.0134579 0.02275
0 0.39646 0.651406 0.0176402 0.0152812
0 0.346916 0.654008 0.0152336 0.0171094
0 0.381355 0.654 0.0193925 0.0175
0 0.774474 0.63782 0.0259112 0.0146406
