0 0.417375 0.365521 0.317656 0.551667
0 0.144102 0.419104 0.288203 0.824708
0 0.778648 0.455063 0.438203 0.905625
41 0.445539 0.618542 0.0600156 0.115083
41 0.836797 0.582021 0.0825937 0.157292
42 0.191297 0.781458 0.0229062 0.155458
43 0.0884297 0.85424 0.0784531 0.159896
44 0.100797 0.817448 0.0944375 0.144396
39 0.78893 0.562135 0.0577656 0.0709375
51 0.512789 0.97374 0.0702031 0.0514792
51 0.581758 0.916833 0.0320156 0.0713333
51 0.425523 0.888177 0.0387656 0.0636875
51 0.557922 0.95275 0.0454375 0.0935417
56 0.335977 0.603219 0.0603594 0.129604
58 0.65682 0.202531 0.104359 0.403688
51 0.471203 0.865958 0.0654375 0.0898333
51 0.555945 0.772771 0.0340469 0.0320417
51 0.428664 0.771719 0.0210469 0.0253542
39 0.854313 0.528687 0.121719 0.237208
60 0.416883 0.779219 0.833766 0.441562
