55 0.513914 0.661635 0.0769531 0.143104
55 0.170852 0.661448 0.0922031 0.139354
55 0.692695 0.471906 0.0572969 0.0449375
55 0.306828 0.63275 0.0729062 0.146708
55 0.722859 0.503437 0.0577187 0.04975
55 0.663531 0.673333 0.0850313 0.158875
55 0.769711 0.671656 0.0897656 0.152563
55 0.214125 0.589438 0.06525 0.13375
55 0.418781 0.620948 0.074375 0.125479
55 0.874469 0.663563 0.089875 0.132458
55 0.609742 0.616885 0.0623281 0.127271
60 0.522078 0.585719 0.938969 0.797396
72 0.141742 0.297167 0.118547 0.594333
55 0.759047 0.581229 0.0508125 0.0564583
