57 0.378227 0.745156 0.717734 0.479563
65 0.739953 0.964354 0.07475 0.0712917
66 0.771062 0.838198 0.0792188 0.107854
73 0.773094 0.366031 0.0286563 0.0341875
73 0.813555 0.540615 0.0117344 0.0713958
73 0.781781 0.446104 0.00990625 0.0757917
73 0.778914 0.540656 0.0242031 0.0860208
73 0.789555 0.439656 0.0331719 0.0806042
73 0.796547 0.224594 0.015875 0.0877708
73 0.789406 0.332427 0.05525 0.0832292
73 0.772836 0.546313 0.0132031 0.0754167
73 0.771281 0.627406 0.036 0.0458958
64 0.647797 0.863135 0.046125 0.0373542
73 0.759211 0.233667 0.0268281 0.0685417
73 0.829531 0.220198 0.0096875 0.0981042
73 0.744281 0.452083 0.00953125 0.083625
