39 0.0445234 0.494131 0.0361719 0.153146
39 0.727578 0.430059 0.0144063 0.076784
48 0.295625 0.870833 0.212312 0.206925
56 0.610914 0.583462 0.127297 0.321714
56 0.625625 0.490282 0.0354688 0.146714
56 0.737148 0.628603 0.185578 0.338052
60 0.445516 0.855622 0.885031 0.288756
60 0.700828 0.476948 0.238937 0.0685915
0 0.0416406 0.355094 0.0816875 0.232535
0 0.493609 0.354366 0.0987187 0.166291
0 0.606906 0.384613 0.10425 0.163075
0 0.690344 0.467418 0.124969 0.24662
0 0.973133 0.569378 0.0537344 0.436878
0 0.269992 0.449437 0.507078 0.880892
0 0.821187 0.425845 0.215406 0.384272
0 0.0928047 0.312993 0.113391 0.300634
39 0.635445 0.910622 0.129328 0.15284
0 0.934961 0.902324 0.130078 0.194695
41 0.743453 0.454824 0.0158125 0.0298357
41 0.0717812 0.497465 0.0451562 0.113052
