0 0.492354 0.658805 0.0816159 0.152984
0 0.189941 0.462484 0.0366042 0.0585938
0 0.12178 0.457547 0.0566745 0.0839375
0 0.876183 0.369711 0.0725059 0.0617031
0 0.922377 0.347477 0.0177752 0.0229844
0 0.948056 0.378437 0.0249649 0.0584063
0 0.169169 0.453805 0.0312646 0.0706719
0 0.0764988 0.420953 0.0509368 0.0494375
0 0.0463115 0.395117 0.0257377 0.0389844
0 0.838197 0.351266 0.0241218 0.0382188
0 0.623197 0.342609 0.0208197 0.0337187
10 0.781311 0.890484 0.0803279 0.103844
0 0.721815 0.336898 0.0171194 0.0230469
