2 0.435562 0.878037 0.084375 0.137556
2 0.714391 0.835877 0.0579063 0.0582222
2 0.678961 0.833654 0.0332656 0.0668148
2 0.593336 0.80658 0.0220781 0.0384444
2 0.454164 0.837741 0.0694219 0.0980988
2 0.659641 0.82342 0.0547188 0.0722716
9 0.243867 0.484259 0.0597969 0.148765
9 0.365695 0.439691 0.0561094 0.0945432
9 0.757125 0.303148 0.0304687 0.102099
0 0.947211 0.84979 0.0251406 0.119185
2 0.780883 0.85416 0.0859531 0.0894568
2 0.739727 0.85416 0.0432969 0.0806667
9 0.172742 0.265519 0.0889844 0.223333
9 0.181484 0.486037 0.0630313 0.184321
74 0.504094 0.271099 0.0196563 0.0294568
2 0.564164 0.796185 0.0164219 0.0275802
2 0.827648 0.872728 0.0903594 0.108519
9 0.719742 0.337728 0.0187969 0.0304198
0 0.762664 0.872741 0.0595781 0.151111
0 0.720977 0.795827 0.0125781 0.0205926
2 0.619563 0.810617 0.0321875 0.0560988
2 0.634617 0.817222 0.0298906 0.0602716
