25 0.202227 0.125552 0.392516 0.152465
25 0.683578 0.178087 0.388906 0.292136
2 0.890828 0.386279 0.218344 0.264202
2 0.764828 0.359554 0.131969 0.175023
2 0.621836 0.341127 0.0810469 0.151549
0 0.593664 0.618239 0.314828 0.75
0 0.149422 0.591831 0.247531 0.793662
0 0.336977 0.275622 0.0227344 0.108944
0 0.0572031 0.312594 0.0513438 0.239836
26 0.445211 0.817606 0.0827344 0.320376
26 0.111695 0.609977 0.193203 0.50338
26 0.408109 0.800974 0.0669063 0.325751
26 0.357727 0.274237 0.00951562 0.0262676
0 0.381023 0.27669 0.0252344 0.105117
0 0.318445 0.330235 0.0429531 0.192958
0 0.362992 0.278815 0.0221406 0.0845305
0 0.948086 0.200129 0.0166094 0.064108
26 0.333875 0.297465 0.012125 0.0624883
