0 0.412141 0.492306 0.13275 0.313611
0 0.635586 0.439681 0.104828 0.246972
0 0.797555 0.49375 0.101297 0.446111
0 0.974258 0.439125 0.0484219 0.268917
0 0.746641 0.448958 0.100281 0.249583
0 0.300742 0.337167 0.0177344 0.0887778
0 0.158625 0.340111 0.0216875 0.0856667
0 0.683586 0.357708 0.0113281 0.0848611
29 0.393625 0.508847 0.0359375 0.02775
0 0.659211 0.358625 0.0185156 0.0825833
0 0.550867 0.349153 0.0158594 0.0830833
0 0.491078 0.338194 0.00884375 0.0651667
0 0.559359 0.528347 0.160187 0.231528
