3 0.522461 0.893854 0.130391 0.212292
3 0.634805 0.887 0.0857656 0.1435
0 0.152422 0.83549 0.137094 0.307521
0 0.0645234 0.828771 0.129047 0.340167
0 0.859477 0.853625 0.0468594 0.155
0 0.780336 0.860104 0.0389219 0.160583
0 0.901094 0.812573 0.02275 0.0800625
0 0.83657 0.83401 0.0242656 0.102604
0 0.972297 0.804625 0.0239375 0.0345
26 0.844211 0.818219 0.0111719 0.0517292
26 0.795258 0.88301 0.0180469 0.0402708
0 0.878734 0.839021 0.0304375 0.13225
0 0.989648 0.79101 0.0100156 0.0253958
3 0.813195 0.855385 0.0280781 0.0578125
3 0.969094 0.92751 0.0618125 0.144979
58 0.682453 0.266729 0.0234375 0.1
58 0.661219 0.0323333 0.0503437 0.0611667
0 0.414227 0.800687 0.0325156 0.0854583
0 0.947945 0.807771 0.0154219 0.0340417
