2 0.871852 0.229894 0.0950469 0.108615
36 0.338172 0.861901 0.128406 0.112066
0 0.299102 0.484906 0.193016 0.767042
0 0.602055 0.502242 0.234828 0.923592
0 0.727703 0.405153 0.106125 0.446925
0 0.8885 0.344941 0.0658125 0.393263
0 0.825281 0.254014 0.0322812 0.173286
0 0.951039 0.344014 0.0710781 0.414272
0 0.680133 0.301702 0.0554219 0.25331
0 0.203992 0.307594 0.104859 0.33439
0 0.984992 0.207418 0.0300156 0.118404
0 0.807953 0.31723 0.08725 0.341362
0 0.714688 0.19115 0.0135937 0.055446
0 0.667312 0.188603 0.0141563 0.0591315
26 0.667352 0.303157 0.0237344 0.0616197
0 0.789133 0.36635 0.106109 0.464671
