0 0.532586 0.280208 0.303359 0.557292
0 0.201789 0.282771 0.369953 0.560542
0 0.877531 0.310115 0.244937 0.620229
40 0.0815156 0.546115 0.101188 0.202937
42 0.843602 0.691667 0.0636094 0.106
43 0.415203 0.447396 0.0765625 0.125208
55 0.537156 0.725219 0.435813 0.313063
40 0.0229609 0.533312 0.0459219 0.141583
40 0.0368984 0.160344 0.0338594 0.0764792
55 0.433141 0.532698 0.0468438 0.0517292
60 0.503359 0.673594 0.993281 0.621937
0 0.026125 0.112833 0.0512813 0.170458
0 0.860086 0.923125 0.128047 0.15375
42 0.434328 0.955063 0.142594 0.089875
42 0.577891 0.974427 0.182375 0.0436042
42 0.406797 0.970083 0.120031 0.0598333
42 0.371461 0.981125 0.0727344 0.0313333
42 0.920547 0.896573 0.158906 0.127562
42 0.397094 0.977271 0.108875 0.0454583
