5 0.16432 0.292139 0.325734 0.426971
0 0.840555 0.561899 0.310734 0.700192
0 0.25932 0.31125 0.0779219 0.231538
0 0.181016 0.395853 0.0674063 0.333197
5 0.563609 0.305337 0.111437 0.0836538
9 0.116828 0.0895313 0.0180312 0.0439663
9 0.0913828 0.0819111 0.0171094 0.049399
9 0.53968 0.196454 0.0177656 0.0522356
9 0.653305 0.137079 0.0118281 0.0159856
24 0.600758 0.324351 0.0246719 0.0702404
24 0.498141 0.300481 0.0448125 0.0749519
24 0.654508 0.328101 0.0293594 0.0854808
24 0.976516 0.321298 0.0372188 0.0798558
67 0.821688 0.334724 0.0287813 0.0570433
0 0.12743 0.382776 0.0605781 0.369207
0 0.904437 0.350361 0.0837813 0.290337
0 0.638898 0.294603 0.0611406 0.154687
0 0.214867 0.391719 0.0438281 0.274159
0 0.547969 0.304447 0.0514375 0.0951923
0 0.0866406 0.411755 0.0669375 0.285096
0 0.338531 0.286226 0.0278125 0.0396154
0 0.688211 0.320252 0.0420781 0.111707
67 0.906102 0.241046 0.00770312 0.0244952
67 0.214133 0.330673 0.00892187 0.00514423
0 0.597523 0.310493 0.0401406 0.106755
26 0.880477 0.335445 0.0178594 0.055649
26 0.55793 0.329219 0.00364063 0.0383894
26 0.213883 0.309062 0.0149531 0.039375
26 0.689984 0.570601 0.0872813 0.13649
13 0.648883 0.62857 0.544766 0.659736
13 0.25325 0.559748 0.26 0.532476
