7 0.507906 0.539415 0.757344 0.545059
9 0.863312 0.16082 0.056125 0.0772834
9 0.634516 0.143958 0.0253125 0.10178
9 0.103945 0.0634543 0.121484 0.126909
0 0.146891 0.495152 0.015875 0.0483372
0 0.0758984 0.566124 0.0446094 0.213981
0 0.128641 0.56808 0.0419375 0.206417
0 0.860633 0.531148 0.0535469 0.116253
0 0.0060625 0.54534 0.012125 0.144965
2 0.986938 0.867237 0.026125 0.172787
0 0.0332656 0.560129 0.0382188 0.225785
0 0.0111406 0.570984 0.0222812 0.216815
0 0.924375 0.555843 0.05325 0.0888759
0 0.0541797 0.563829 0.0249531 0.20719
0 0.1015 0.549859 0.027 0.134941
9 0.865625 0.101511 0.0243125 0.0383372
