25 0.38926 0.221695 0.533938 0.340047
67 0.461594 0.473562 0.0361875 0.045375
26 0.804854 0.75825 0.390292 0.4835
0 0.268167 0.514609 0.536333 0.948312
0 0.855052 0.63932 0.289896 0.685391
0 0.584271 0.669664 0.305625 0.638203
0 0.441948 0.651 0.284646 0.665156
0 0.797354 0.416078 0.0493333 0.0287813
0 0.17949 0.387937 0.0402708 0.0751563
0 0.357948 0.440359 0.0323958 0.0839688
0 0.225771 0.597094 0.167792 0.496625
0 0.0702604 0.32932 0.139229 0.102891
0 0.155385 0.384758 0.0242708 0.0246406
26 0.188135 0.63868 0.0976458 0.0587656
0 0.755917 0.42668 0.0429583 0.0247656
24 0.81076 0.877602 0.378479 0.216141
26 0.436802 0.794023 0.187771 0.137078
26 0.139521 0.817648 0.2785 0.283609
