0 0.615344 0.573197 0.181812 0.819836
0 0.433461 0.548946 0.209109 0.894614
0 0.189336 0.611967 0.127984 0.230773
41 0.214523 0.692717 0.0357344 0.0399063
39 0.96125 0.588548 0.0294375 0.069555
39 0.950461 0.556358 0.0360781 0.058103
39 0.918188 0.524145 0.00765625 0.0384543
39 0.895469 0.54726 0.010875 0.0325995
39 0.275094 0.545609 0.0295625 0.0925761
39 0.888547 0.590094 0.03425 0.0803279
39 0.90757 0.574813 0.0234531 0.0447541
39 0.808109 0.539309 0.0360938 0.0895316
39 0.830336 0.546335 0.0273906 0.101756
46 0.943039 0.175281 0.113922 0.346066
46 0.563203 0.0858548 0.073625 0.0890398
46 0.546477 0.201241 0.0178906 0.0246838
46 0.39868 0.103478 0.0201094 0.0446136
46 0.39425 0.17959 0.0767812 0.169953
46 0.318602 0.151686 0.0884531 0.28089
46 0.586102 0.125656 0.0374844 0.0592272
46 0.0804609 0.293946 0.0602344 0.262553
46 0.634836 0.0828454 0.0830469 0.0727635
39 0.912125 0.619321 0.0480938 0.0957845
39 0.943187 0.635012 0.050375 0.102951
39 0.981594 0.545644 0.0174687 0.0549415
39 0.922328 0.520714 0.00884375 0.0337471
46 0.616156 0.127213 0.026 0.0389696
46 0.558172 0.185316 0.0736563 0.140749
46 0.656758 0.147131 0.0451719 0.0677049
