77 0.604609 0.721969 0.102531 0.160854
77 0.446102 0.737854 0.0529844 0.168458
77 0.867547 0.466104 0.0725937 0.070125
77 0.895211 0.865719 0.0706406 0.125688
77 0.822727 0.653917 0.0653594 0.104958
77 0.857547 0.715125 0.072 0.072
77 0.656016 0.940187 0.0738437 0.119625
77 0.224805 0.48225 0.0657344 0.105167
77 0.3365 0.471083 0.0454062 0.0733333
77 0.841555 0.266437 0.0636406 0.115667
77 0.913867 0.471917 0.0563594 0.0832083
77 0.934187 0.25226 0.041875 0.0837708
77 0.676281 0.874771 0.0940312 0.21775
