39 0.763211 0.81896 0.0979531 0.342673
39 0.898258 0.852042 0.0941719 0.295916
60 0.416625 0.855297 0.660969 0.251782
60 0.539156 0.814901 0.914937 0.350594
56 0.591203 0.270928 0.0266562 0.0919554
27 0.312789 0.586547 0.0651094 0.466361
40 0.84568 0.861448 0.0591094 0.199233
40 0.699336 0.911238 0.0567344 0.15505
40 0.990102 0.91797 0.0197969 0.132574
41 0.413625 0.93052 0.0690625 0.13896
0 0.14682 0.523589 0.268109 0.925842
0 0.363148 0.501114 0.272359 0.862921
0 0.533375 0.472661 0.241156 0.766312
0 0.80257 0.405408 0.382453 0.677946
0 0.931945 0.361807 0.136109 0.548317
0 0.771516 0.0704208 0.0752812 0.140842
0 0.698313 0.0485272 0.0849688 0.0695297
0 0.502164 0.0629208 0.0879531 0.125842
0 0.292359 0.0879703 0.0772188 0.17302
40 0.221094 0.964715 0.07 0.0696782
56 0.635133 0.491213 0.0887656 0.53802
67 0.478648 0.956238 0.0469219 0.0875248
0 0.803352 0.132129 0.106984 0.242574
40 0.324969 0.957661 0.0675313 0.0846782
41 0.222164 0.965891 0.0674219 0.0682178
41 0.323164 0.957166 0.0758594 0.0856683
41 0.944453 0.809913 0.0308125 0.092995
56 0.437555 0.288564 0.0213281 0.0878713
56 0.396234 0.288317 0.0266562 0.074901
56 0.0591875 0.285903 0.0819688 0.207054
0 0.56182 0.158354 0.0755469 0.287203
0 0.419336 0.0386262 0.0269531 0.0745792
0 0.369992 0.0673391 0.0809844 0.132005
41 0.532273 0.966658 0.0607969 0.0419802
41 0.991875 0.87724 0.01625 0.122649
