62 0.625961 0.507869 0.157422 0.175269
57 0.809922 0.866663 0.380156 0.240867
56 0.351562 0.873923 0.452937 0.232763
74 0.416906 0.262424 0.11625 0.206909
73 0.0403359 0.605808 0.00857813 0.063466
73 0.189164 0.299133 0.136422 0.0762529
75 0.50282 0.390504 0.0408906 0.142459
73 0.176437 0.436581 0.00421875 0.0600468
73 0.143734 0.437049 0.00984375 0.0590164
73 0.156469 0.532799 0.04525 0.0159953
73 0.0838125 0.599719 0.00625 0.0668384
73 0.165016 0.437166 0.0073125 0.0587822
73 0.171883 0.435258 0.00732813 0.0651756
73 0.0811094 0.671569 0.0056875 0.0634192
73 0.19743 0.73267 0.129078 0.0882436
73 0.185664 0.368806 0.00635938 0.0609368
73 0.0602344 0.529016 0.120469 0.0758782
73 0.0504609 0.605679 0.0107656 0.0666276
