17 0.29962 0.663806 0.26424 0.575433
0 0.27548 0.406582 0.14952 0.285104
0 0.58306 0.596761 0.0984 0.209642
0 0.64912 0.59403 0.03024 0.115403
0 0.02772 0.610955 0.02548 0.143164
0 0.8687 0.586851 0.02904 0.120866
0 0.19138 0.453522 0.07008 0.202209
0 0.07498 0.614821 0.03584 0.139791
0 0.10854 0.617507 0.03196 0.128328
0 0.46204 0.595045 0.0286 0.126507
0 0.51034 0.588149 0.0376 0.149731
0 0.78109 0.586284 0.03406 0.100269
17 0.43116 0.713925 0.1164 0.324746
17 0.13631 0.686522 0.12818 0.496746
32 0.60611 0.42406 0.0229 0.0360597
0 0.88649 0.589418 0.01878 0.115134
17 0.57889 0.666552 0.08278 0.274896
26 0.896 0.616343 0.016 0.0212836
26 0.7973 0.642716 0.01956 0.0192239
0 0.82612 0.621507 0.03528 0.0563881
