20 0.256625 0.687993 0.107438 0.196596
20 0.410734 0.606491 0.106594 0.0833568
20 0.510445 0.594085 0.0884219 0.0833333
20 0.695703 0.601174 0.091 0.0789671
20 0.651758 0.58723 0.0635469 0.0697653
20 0.879273 0.583146 0.207297 0.225915
20 0.6755 0.809495 0.417094 0.160869
20 0.187734 0.669002 0.0610938 0.144671
20 0.600812 0.585974 0.0355938 0.0989437
0 0.683711 0.72831 0.0707969 0.133146
20 0.298148 0.646221 0.0905156 0.132113
20 0.370734 0.580516 0.0234375 0.0441784
20 0.743625 0.580575 0.02725 0.0497418
20 0.0586328 0.707124 0.110359 0.233169
