62 0.223844 0.340071 0.140281 0.173035
57 0.233492 0.615059 0.464141 0.326871
56 0.853281 0.776765 0.1985 0.419365
56 0.469711 0.563235 0.159953 0.122565
57 0.510156 0.397212 0.196656 0.238188
60 0.386719 0.800588 0.764062 0.371765
73 0.0934844 0.314412 0.0150937 0.00957647
73 0.0928281 0.376859 0.0287187 0.0226118
73 0.0917734 0.359565 0.0245781 0.0175294
73 0.0846016 0.293341 0.0341406 0.0522353
75 0.370258 0.6886 0.0667969 0.201153
73 0.0969609 0.395035 0.0248906 0.0115294
73 0.0885469 0.333224 0.0304375 0.0180706
73 0.0979219 0.429647 0.00946875 0.0389176
73 0.100789 0.459247 0.0274531 0.0124235
73 0.0962578 0.407671 0.0304844 0.0165176
56 0.0187812 0.703965 0.0375313 0.156024
58 0.157602 0.126341 0.0420781 0.0711765
58 0.338461 0.160941 0.0312031 0.0850353
