56 0.91625 0.522305 0.0925833 0.128141
56 0.946292 0.638047 0.107417 0.195094
56 0.0625521 0.626039 0.125104 0.279609
56 0.973354 0.520789 0.0532917 0.132297
56 0.0808021 0.445008 0.0938542 0.0854844
56 0.184031 0.405453 0.0488125 0.0270312
0 0.496615 0.53443 0.872854 0.880359
0 0.840958 0.407445 0.0185417 0.0188906
54 0.544625 0.483828 0.387458 0.170531
25 0.807115 0.24157 0.385771 0.361797
56 0.0933333 0.42725 0.07725 0.057125
56 0.116604 0.401086 0.0173333 0.0306406
60 0.900375 0.537609 0.0869583 0.103094
25 0.93049 0.350906 0.0290625 0.111344
25 0.883708 0.377914 0.0384167 0.0972031
25 0.812271 0.375859 0.0307917 0.06925
25 0.0207812 0.177273 0.0415625 0.322078
56 0.933802 0.457797 0.0476458 0.02
56 0.881802 0.461984 0.0336458 0.050875
56 0.160323 0.391219 0.0175208 0.0070625
56 0.966052 0.438828 0.0326042 0.0365938
60 0.118583 0.415641 0.119708 0.0666875
60 0.921583 0.43393 0.106833 0.00957812
25 0.863208 0.351617 0.0375417 0.0936406
25 0.953219 0.412742 0.0353542 0.0860156
25 0.848958 0.380336 0.0179167 0.0512969
25 0.149833 0.297953 0.107167 0.182563
60 0.851438 0.426375 0.081375 0.00796875
