14 0.0159844 0.0671703 0.031625 0.0173621
14 0.0228906 0.0477458 0.027875 0.016259
14 0.041875 0.0832614 0.030625 0.0180336
8 0.665734 0.778129 0.169313 0.0657554
14 0.136563 0.0786451 0.029625 0.0208393
14 0.225438 0.051199 0.0227812 0.0133333
14 0.249258 0.0848321 0.0316719 0.0242926
14 0.283828 0.102194 0.02275 0.0191607
14 0.352391 0.157602 0.0265 0.0180815
8 0.285102 0.692062 0.206047 0.293285
14 0.415133 0.0857674 0.0297969 0.0192566
14 0.661789 0.176906 0.0212969 0.0256595
14 0.460281 0.134041 0.0256563 0.0109113
14 0.477664 0.10554 0.0286406 0.0315108
14 0.498836 0.160707 0.0200156 0.0155635
14 0.528039 0.147074 0.0269219 0.0172182
14 0.566289 0.151235 0.0215469 0.0235252
14 0.856039 0.164784 0.0280469 0.0361871
8 0.430539 0.785324 0.105547 0.0973621
8 0.670508 0.780612 0.306547 0.0910072
