14 0.159609 0.752155 0.0920312 0.191803
14 0.565234 0.508197 0.0429375 0.131335
14 0.639297 0.524543 0.0476562 0.0886651
14 0.683203 0.511054 0.0436875 0.0792506
14 0.353789 0.525585 0.0517969 0.0928103
14 0.402766 0.46692 0.0329375 0.0499532
14 0.430945 0.445808 0.0166719 0.044918
14 0.470406 0.500293 0.0746563 0.085644
14 0.462211 0.412951 0.0227969 0.0457143
14 0.448617 0.36377 0.0163594 0.0207494
14 0.439 0.43178 0.0153125 0.0370023
14 0.450633 0.450316 0.0171719 0.030281
14 0.647484 0.461452 0.0411875 0.0670726
14 0.609875 0.431066 0.0293438 0.0464871
14 0.534461 0.419321 0.0392969 0.0398126
14 0.448773 0.400164 0.00926562 0.0210304
14 0.490727 0.430433 0.0159219 0.0351991
14 0.604437 0.49397 0.048125 0.0869087
