39 0.243547 0.645825 0.0182187 0.0872642
39 0.260813 0.648608 0.0199375 0.0911321
60 0.469555 0.849304 0.685109 0.29691
0 0.377195 0.574045 0.244547 0.825495
0 0.869719 0.897087 0.251031 0.181627
0 0.918344 0.688762 0.163312 0.27191
0 0.919086 0.438656 0.161828 0.649434
48 0.934898 0.403443 0.0358281 0.0395755
41 0.471406 0.71934 0.0323437 0.0874528
41 0.181953 0.731627 0.0259688 0.0461792
52 0.526742 0.507417 0.0418906 0.0749292
52 0.582531 0.763172 0.0516875 0.0841745
52 0.731922 0.71546 0.0339062 0.0596934
13 0.420062 0.960177 0.674906 0.0796462
13 0.637484 0.854847 0.381219 0.0807783
39 0.702977 0.683019 0.0215781 0.0562264
41 0.481617 0.707358 0.0275156 0.0805189
52 0.772508 0.943986 0.0801406 0.112028
