60 0.48643 0.78717 0.698297 0.400896
0 0.713859 0.451686 0.129531 0.31908
0 0.340977 0.470094 0.140578 0.458255
0 0.206703 0.501663 0.145 0.507759
0 0.59768 0.481002 0.121203 0.424127
0 0.471195 0.459693 0.147391 0.46967
55 0.671648 0.690389 0.185797 0.174175
0 0.105703 0.503373 0.0923125 0.413491
0 0.647195 0.351993 0.0604219 0.135825
42 0.164969 0.782123 0.028875 0.0176415
42 0.22232 0.791616 0.0394844 0.0455425
0 0.6645 0.31605 0.0338125 0.0765802
0 0.841617 0.575307 0.188109 0.809858
43 0.159125 0.783679 0.0384688 0.0191981
55 0.196203 0.766474 0.044625 0.0519575
55 0.455273 0.751368 0.0272656 0.039434
55 0.481297 0.751509 0.0256563 0.0358491
55 0.490031 0.728113 0.027125 0.0327358
55 0.431937 0.729729 0.0270625 0.0167217
55 0.427344 0.753078 0.0294063 0.0371462
55 0.460906 0.728443 0.0285938 0.0279717
55 0.318984 0.701604 0.164156 0.195
55 0.543875 0.68546 0.0309375 0.0357311
55 0.540102 0.746427 0.0272031 0.0366745
27 0.245992 0.473974 0.0427344 0.192476
27 0.810508 0.427724 0.0359531 0.228373
