30 0.525625 0.549167 0.126469 0.0178139
30 0.704906 0.605866 0.196125 0.0167965
30 0.909172 0.873463 0.181656 0.0480519
30 0.843008 0.75 0.191609 0.0380952
0 0.164961 0.383247 0.0805469 0.312814
0 0.439367 0.368745 0.0950469 0.249221
0 0.5015 0.383972 0.0729062 0.265519
0 0.608266 0.430574 0.103406 0.313788
0 0.943227 0.652273 0.113547 0.466883
0 0.275977 0.297478 0.0770156 0.16184
0 0.874586 0.611721 0.0883281 0.371753
0 0.704445 0.456991 0.0802344 0.309264
0 0.816984 0.488745 0.0666563 0.319827
0 0.899836 0.439351 0.0368281 0.157316
0 0.412578 0.351775 0.048625 0.238874
0 0.549188 0.411104 0.0585625 0.274935
30 0.32518 0.429102 0.140266 0.052013
30 0.487875 0.515162 0.0973125 0.0179004
30 0.137578 0.527132 0.275156 0.0514069
0 0.347812 0.333355 0.0323125 0.229524
30 0.885758 0.669513 0.228297 0.0238745
30 0.825664 0.794069 0.180422 0.048355
30 0.834539 0.699091 0.0879219 0.0380519
30 0.434688 0.494794 0.137844 0.036039
30 0.256742 0.375736 0.0685156 0.0162338
30 0.387445 0.466569 0.129859 0.0269048
