1 0.629492 0.751898 0.0276406 0.0903704
1 0.168859 0.777153 0.0275938 0.135602
2 0.889391 0.786898 0.126312 0.222037
2 0.771898 0.571019 0.0532656 0.0768519
2 0.924648 0.573704 0.0492031 0.070463
2 0.899875 0.560347 0.028875 0.0556944
0 0.424805 0.554074 0.0107344 0.0618519
0 0.437812 0.570833 0.0114062 0.0927778
0 0.480031 0.549792 0.0046875 0.0672685
0 0.484063 0.555301 0.0060625 0.0631019
1 0.543953 0.829907 0.0337812 0.215
7 0.74725 0.512847 0.0545625 0.0681019
24 0.483078 0.536898 0.00659375 0.0244444
1 0.511688 0.805301 0.0333125 0.184306
1 0.212914 0.79 0.0367969 0.116204
1 0.519156 0.858148 0.015 0.128611
1 0.349078 0.7275 0.0532188 0.123981
1 0.188891 0.789213 0.0223438 0.0928704
1 0.148031 0.766134 0.0214375 0.0980093
1 0.48568 0.829653 0.0167969 0.10088
1 0.461383 0.785671 0.0324844 0.102546
1 0.567727 0.809398 0.0219219 0.161944
2 0.945563 0.863333 0.108875 0.273333
2 0.783945 0.60544 0.0649844 0.0783796
2 0.81957 0.515995 0.0329531 0.0311574
2 0.757703 0.555347 0.0311563 0.0488426
2 0.944805 0.591204 0.0313594 0.0580556
7 0.973977 0.595116 0.0520469 0.0740278
7 0.798578 0.500718 0.033375 0.0364352
0 0.467758 0.570718 0.00451563 0.0908796
0 0.662805 0.573148 0.00542188 0.0362037
1 0.491508 0.736134 0.0332031 0.110787
2 0.725719 0.511065 0.0300312 0.0403704
7 0.770547 0.570046 0.0531563 0.0737963
7 0.880773 0.551273 0.0409844 0.0624537
