0 0.293797 0.583125 0.0748438 0.0680417
0 0.102328 0.561948 0.109187 0.0565208
0 0.4925 0.596281 0.116344 0.0596875
0 0.636781 0.590927 0.102438 0.0718542
0 0.719641 0.588635 0.0622812 0.0536458
0 0.818625 0.57799 0.119406 0.0956458
0 0.43918 0.559 0.0458594 0.0330417
0 0.229977 0.54575 0.0731719 0.0804583
37 0.461742 0.619385 0.0691094 0.0199375
37 0.275086 0.615812 0.125516 0.0469583
37 0.222016 0.585958 0.105062 0.0161667
37 0.627516 0.618198 0.0741563 0.0259375
37 0.834086 0.618677 0.0789219 0.0159375
37 0.0329844 0.581438 0.053875 0.02175
0 0.366312 0.552813 0.0223438 0.0353333
0 0.968461 0.564771 0.0119531 0.0138333
0 0.992836 0.531073 0.0143281 0.0745208
0 0.982062 0.453458 0.0155625 0.0607917
37 0.850906 0.61676 0.0509687 0.0133125
0 0.340492 0.564937 0.0484844 0.0244583
