0 0.287266 0.659176 0.138781 0.662918
0 0.430211 0.651812 0.116922 0.659153
0 0.486523 0.678788 0.0767656 0.642424
0 0.588633 0.653671 0.179078 0.665976
0 0.690922 0.640447 0.247719 0.692141
0 0.750523 0.492988 0.0510781 0.160471
38 0.689813 0.331941 0.139844 0.358235
0 0.512477 0.405859 0.0424531 0.173882
0 0.154664 0.537894 0.0257656 0.114753
0 0.208891 0.565047 0.022125 0.147318
0 0.187352 0.540835 0.0228594 0.106
0 0.0272422 0.542188 0.0265781 0.110353
32 0.964609 0.856165 0.0180625 0.0283294
32 0.951242 0.659541 0.00732813 0.0117882
32 0.898938 0.668176 0.00925 0.0104706
32 0.956336 0.675459 0.00976562 0.0129882
32 0.90107 0.658471 0.00695313 0.0110588
38 0.357836 0.472141 0.0327969 0.0785412
38 0.519172 0.858353 0.0161563 0.144612
32 0.900016 0.6794 0.00909375 0.0117882
32 0.672688 0.839176 0.017125 0.0240471
32 0.957437 0.688106 0.008875 0.0115059
38 0.238359 0.426459 0.229875 0.246753
38 0.475352 0.898588 0.123141 0.202824
38 0.505656 0.839859 0.0243125 0.144141
38 0.215641 0.598894 0.0124063 0.0513412
24 0.138187 0.568659 0.016375 0.0441412
24 0.171703 0.575671 0.0184062 0.0315765
32 0.951 0.671882 0.007375 0.00903529
