19 0.50622 0.467492 0.06272 0.230961
19 0.305 0.428438 0.08404 0.269009
8 0.63579 0.133784 0.16914 0.0499099
0 0.43505 0.418423 0.09322 0.29024
0 0.38188 0.266517 0.07028 0.305045
0 0.78339 0.477613 0.07722 0.178889
0 0.85826 0.524414 0.09616 0.341441
0 0.73869 0.463348 0.0649 0.172943
24 0.74015 0.488273 0.06826 0.127357
28 0.37161 0.391006 0.05418 0.103934
0 0.75281 0.417973 0.0479 0.0988889
0 0.691 0.496877 0.0452 0.152432
0 0.81862 0.405721 0.0516 0.0693994
19 0.61641 0.583934 0.09186 0.3403
