20 0.393531 0.653823 0.229625 0.374646
20 0.653719 0.725219 0.320937 0.524771
0 0.644297 0.375156 0.1475 0.208354
0 0.604797 0.288969 0.0711563 0.219104
0 0.365352 0.366562 0.0229531 0.0567083
0 0.401766 0.450802 0.0580625 0.186313
0 0.340703 0.41825 0.068375 0.190042
0 0.368031 0.31999 0.0378125 0.0772708
0 0.541867 0.355948 0.0811719 0.299479
0 0.679805 0.282219 0.0944219 0.232729
0 0.408719 0.393875 0.0684063 0.168708
0 0.306375 0.35974 0.0229687 0.0806042
0 0.323852 0.34 0.0134531 0.047375
0 0.339719 0.311406 0.0210313 0.0265208
0 0.348586 0.307292 0.0101094 0.0154583
