0 0.191305 0.387698 0.111734 0.297979
0 0.332781 0.179698 0.04975 0.0456042
0 0.447914 0.102646 0.0238281 0.0448333
0 0.451312 0.17951 0.0608125 0.0512292
0 0.733414 0.266698 0.0719844 0.0610208
0 0.797945 0.269406 0.0527344 0.0555208
38 0.509594 0.570385 0.153719 0.108104
0 0.0218516 0.410187 0.0437031 0.31225
0 0.983609 0.470438 0.0327812 0.226625
0 0.447109 0.270854 0.0747812 0.0509167
0 0.918516 0.0950521 0.0481562 0.0617292
0 0.821156 0.0996458 0.0543125 0.0496667
0 0.354961 0.0995833 0.0537656 0.051
0 0.56807 0.511135 0.189359 0.539604
