9 0.217 0.204094 0.03375 0.0244375
0 0.349695 0.689219 0.0242969 0.0916042
0 0.436641 0.389625 0.01025 0.038
2 0.653766 0.65225 0.176 0.17325
2 0.609953 0.429146 0.116156 0.0679167
2 0.517945 0.549417 0.118234 0.12
2 0.478039 0.45575 0.0739844 0.0810833
2 0.413258 0.476958 0.100891 0.101958
2 0.594711 0.744708 0.208234 0.195292
2 0.299664 0.420479 0.0420156 0.0602917
2 0.709 0.568615 0.203313 0.126062
2 0.557688 0.548854 0.484625 0.120375
2 0.535508 0.483396 0.0986094 0.0824167
2 0.898016 0.572375 0.196406 0.129333
2 0.260211 0.473 0.0552344 0.0678333
0 0.22418 0.506375 0.0173281 0.0714583
0 0.201195 0.484375 0.0217031 0.0704583
0 0.430969 0.455135 0.00503125 0.0059375
0 0.537703 0.465594 0.0190312 0.0176458
0 0.367969 0.400927 0.0104688 0.0145208
