1 0.566664 0.528923 0.166984 0.148197
1 0.194687 0.430808 0.0719687 0.10171
2 0.583273 0.292084 0.0268594 0.0629508
0 0.253312 0.490105 0.0461562 0.276792
0 0.319609 0.559379 0.0675313 0.177541
28 0.316484 0.717658 0.0895312 0.162717
0 0.609727 0.300293 0.0219844 0.0870023
1 0.430938 0.352365 0.0546562 0.0593911
2 0.654078 0.281815 0.0436875 0.0491101
25 0.298914 0.48192 0.101828 0.124684
1 0.391945 0.379742 0.0482344 0.077096
1 0.477234 0.356464 0.025125 0.04
1 0.30075 0.396686 0.0904062 0.073466
1 0.509219 0.331944 0.0461875 0.0466979
1 0.513703 0.47082 0.0471562 0.0696487
1 0.348164 0.387963 0.0607031 0.0957377
1 0.47493 0.339824 0.0516094 0.0588056
1 0.15418 0.460609 0.0793594 0.0792974
2 0.540102 0.294637 0.0720156 0.0847775
