0 0.530333 0.62375 0.371542 0.721344
0 0.72299 0.391641 0.0379792 0.0454375
0 0.722583 0.375453 0.0347917 0.0425
0 0.393094 0.405602 0.0556875 0.0708594
40 0.969229 0.748336 0.0615417 0.153516
43 0.702594 0.808383 0.136938 0.0513594
67 0.810156 0.399266 0.0310208 0.03025
0 0.938333 0.358789 0.0233333 0.0165156
0 0.851542 0.51 0.295083 0.471562
40 0.891365 0.73832 0.0964792 0.0734844
55 0.808542 0.881883 0.381708 0.221984
0 0.976656 0.381289 0.0466875 0.0607031
0 0.266479 0.567383 0.530083 0.865234
0 0.695208 0.381727 0.0223333 0.0430156
0 0.704083 0.395883 0.02375 0.0658906
0 0.412312 0.437172 0.092875 0.0771563
