20 0.108664 0.15756 0.113547 0.168454
20 0.152188 0.449124 0.135281 0.15866
20 0.20818 0.283351 0.0822031 0.14567
20 0.283016 0.33878 0.0682813 0.164021
20 0.356961 0.51 0.112109 0.153196
20 0.536406 0.567646 0.0563125 0.135017
20 0.0360078 0.19146 0.0604219 0.108832
20 0.454688 0.485378 0.120562 0.211237
20 0.640938 0.637973 0.0815625 0.182612
20 0.715789 0.65823 0.0906719 0.199416
20 0.845789 0.753265 0.129141 0.230722
20 0.612977 0.547491 0.0953594 0.157526
20 0.786664 0.71146 0.0408906 0.141684
