0 0.0534864 0.517023 0.106973 0.199359
0 0.134169 0.477375 0.106402 0.274594
33 0.383648 0.668695 0.177717 0.0952031
33 0.629107 0.656062 0.149578 0.0941875
33 0.408871 0.47493 0.115806 0.108422
33 0.742556 0.188422 0.242333 0.0623125
0 0.20031 0.492602 0.164839 0.347609
0 0.500223 0.517836 0.675037 0.964328
0 0.959169 0.351758 0.0724318 0.0570156
0 0.0531886 0.40493 0.106377 0.101391
0 0.913734 0.506648 0.144243 0.327297
0 0.0225806 0.352328 0.0451613 0.0476562
0 0.824752 0.525992 0.181762 0.387203
