54 0.55524 0.871742 0.125312 0.0874219
54 0.838354 0.549578 0.144208 0.141688
54 0.659448 0.931273 0.133938 0.0896406
54 0.292135 0.616852 0.254688 0.429203
54 0.16551 0.510227 0.206062 0.0942656
54 0.526635 0.764859 0.133396 0.0805
54 0.810385 0.810133 0.0814792 0.0783594
54 0.78425 0.894281 0.0899167 0.0811875
54 0.372073 0.487852 0.206479 0.0890781
54 0.14574 0.772594 0.112146 0.07825
54 0.219219 0.841828 0.153896 0.094875
54 0.690125 0.772648 0.133917 0.0821719
54 0.0841146 0.428406 0.159521 0.0770625
