14 0.254141 0.684073 0.123156 0.137729
14 0.163266 0.672552 0.142781 0.148146
14 0.801844 0.74675 0.185656 0.1485
14 0.256961 0.550625 0.176672 0.16275
14 0.445727 0.649177 0.167484 0.167479
14 0.675711 0.645563 0.190391 0.152458
14 0.556383 0.520021 0.120609 0.09525
14 0.712414 0.55625 0.0676719 0.08375
14 0.0824766 0.567115 0.135672 0.117062
14 0.562344 0.618281 0.0857813 0.162187
14 0.788773 0.592583 0.0760156 0.135667
14 0.351125 0.568969 0.0775937 0.0689792
14 0.355117 0.667563 0.0892969 0.124375
14 0.353609 0.607604 0.0292812 0.0207917
14 0.618938 0.611219 0.127375 0.0902708
14 0.747039 0.53625 0.0436406 0.0659167
