16 0.323836 0.204865 0.0328906 0.0653125
17 0.466937 0.370969 0.05 0.178479
17 0.351914 0.344208 0.154547 0.234417
18 0.320133 0.582073 0.0347969 0.0520625
18 0.250094 0.622 0.0319688 0.093125
18 0.19393 0.580271 0.0404531 0.0992917
18 0.313289 0.541719 0.0509844 0.0763542
0 0.34457 0.283208 0.0711406 0.181542
11 0.663734 0.0118125 0.0208438 0.021875
16 0.294391 0.374979 0.0495937 0.0639167
18 0.466617 0.55174 0.0280781 0.0447292
18 0.536469 0.598052 0.0317188 0.0506042
18 0.54475 0.689344 0.0351562 0.0731875
18 0.471055 0.77001 0.0382344 0.111646
18 0.409328 0.745437 0.0438438 0.142458
18 0.455289 0.74249 0.0520469 0.125271
18 0.570258 0.741469 0.0527969 0.173187
18 0.583555 0.610437 0.0312344 0.0280833
0 0.325609 0.182438 0.00575 0.011625
11 0.721602 0.094375 0.0709844 0.101083
18 0.48732 0.564312 0.0306406 0.0548333
