39 0.482047 0.120105 0.0197813 0.068548
60 0.228414 0.787646 0.384609 0.38822
45 0.569227 0.53966 0.0519844 0.031171
39 0.58832 0.129953 0.0187969 0.0423888
39 0.668883 0.129157 0.0228281 0.043185
44 0.730742 0.485679 0.0211719 0.039555
45 0.622078 0.545562 0.0379063 0.0337002
45 0.59632 0.408056 0.0321094 0.0161593
0 0.0299922 0.464192 0.0178594 0.237471
13 0.901469 0.891991 0.158781 0.216019
39 0.530617 0.131042 0.0204844 0.0440984
39 0.505094 0.131686 0.016 0.0439813
44 0.758352 0.508712 0.00589063 0.0444965
45 0.213953 0.479461 0.0555312 0.0686651
45 0.733758 0.405445 0.0440469 0.0388525
45 0.543617 0.559731 0.0245781 0.0137471
45 0.850305 0.534075 0.0905156 0.0264169
