0 0.419947 0.532258 0.791451 0.620859
0 0.129525 0.516 0.25905 0.290406
0 0.78186 0.668422 0.246095 0.363219
29 0.77442 0.195859 0.0882586 0.150531
29 0.23248 0.526 0.175515 0.103937
29 0.114842 0.679469 0.181557 0.0411875
29 0.853364 0.58957 0.0993404 0.0882344
26 0.777573 0.744789 0.17715 0.146984
0 0.922058 0.399711 0.0469129 0.0347969
0 0.21438 0.424211 0.0544063 0.0423281
0 0.956042 0.403234 0.0572559 0.0556875
0 0.310528 0.441531 0.147177 0.077625
0 0.843905 0.410844 0.0565172 0.04625
0 0.900198 0.649398 0.199604 0.437141
0 0.697256 0.487297 0.340739 0.140688
