5 0.726539 0.723639 0.0814219 0.0663719
0 0.769227 0.835159 0.127297 0.329683
0 0.931469 0.846395 0.137063 0.307211
0 0.393969 0.735397 0.0096875 0.0340136
0 0.417133 0.733764 0.0116719 0.0368707
74 0.270695 0.0953401 0.0378594 0.0598413
74 0.211664 0.100669 0.0256719 0.0685488
0 0.379945 0.733583 0.0141719 0.0401361
26 0.932164 0.929206 0.105297 0.119093
0 0.461148 0.716032 0.0130469 0.017415
0 0.559633 0.739977 0.00929687 0.0293424
0 0.285656 0.73068 0.010875 0.0222676
2 0.602156 0.727755 0.0412813 0.0316553
