2 0.491578 0.47206 0.821625 0.85844
0 0.0349062 0.17215 0.068625 0.34374
0 0.849891 0.17442 0.103531 0.32284
46 0.385109 0.29915 0.03025 0.06002
46 0.492297 0.22826 0.04025 0.04428
46 0.458938 0.19479 0.0556562 0.0323
46 0.493594 0.17793 0.0260625 0.04186
46 0.597813 0.28017 0.0704063 0.04686
46 0.625336 0.23509 0.0129531 0.02162
46 0.255086 0.24668 0.0558906 0.10556
46 0.545078 0.26156 0.0431875 0.04084
46 0.213305 0.17912 0.0753594 0.14712
46 0.506336 0.26986 0.0585469 0.0396
46 0.361859 0.25562 0.0438125 0.02512
0 0.588133 0.08089 0.0772344 0.14382
46 0.149523 0.16017 0.0354219 0.08426
46 0.37282 0.20086 0.0610156 0.0524
0 0.0869766 0.17584 0.0837969 0.35168
