0 0.607055 0.704906 0.0996719 0.461729
0 0.379648 0.689083 0.103578 0.34525
0 0.45432 0.676042 0.0796406 0.375333
0 0.513859 0.686208 0.101969 0.409833
30 0.30857 0.881917 0.140047 0.05725
0 0.0327187 0.59925 0.00503125 0.0178333
30 0.414273 0.876781 0.105328 0.0642708
30 0.507781 0.905875 0.144063 0.104125
0 0.0998594 0.612354 0.00353125 0.0105833
0 0.323484 0.641021 0.007625 0.0229583
0 0.163859 0.61376 0.00703125 0.0168542
30 0.479453 0.819948 0.100969 0.0439375
24 0.6215 0.58374 0.0179063 0.0798125
24 0.474484 0.567344 0.024 0.0654375
56 0.379477 0.374031 0.0224531 0.0285625
0 0.0239141 0.609156 0.00576562 0.0179792
30 0.441086 0.893229 0.147734 0.0562917
56 0.643711 0.217323 0.0276719 0.0167708
56 0.240406 0.442917 0.020875 0.0204583
0 0.17632 0.631031 0.124859 0.0241458
0 0.0570156 0.593427 0.006 0.0196875
