0 0.207727 0.790083 0.0172031 0.0402083
0 0.315469 0.690021 0.0070625 0.0197917
2 0.518469 0.749646 0.0421562 0.0468333
2 0.37332 0.755854 0.0445156 0.0391667
2 0.584063 0.696302 0.023625 0.0225625
2 0.781281 0.634229 0.00959375 0.00920833
2 0.787211 0.636667 0.00992188 0.00983333
2 0.246125 0.72049 0.03225 0.0340625
2 0.633727 0.668083 0.0177656 0.0164167
2 0.37982 0.694646 0.0277031 0.0255833
2 0.554219 0.671146 0.02175 0.014875
3 0.206594 0.804 0.022625 0.0296667
2 0.187648 0.745104 0.0344844 0.0315
7 0.519633 0.74825 0.0419531 0.0510833
7 0.364414 0.90326 0.105109 0.118313
0 0.294391 0.666281 0.0113125 0.0260208
0 0.311867 0.664896 0.00476562 0.0176667
2 0.101734 0.765208 0.023625 0.04675
