62 0.394898 0.477558 0.109828 0.128341
56 0.895031 0.636857 0.0864688 0.211192
56 0.927531 0.587348 0.0457813 0.135257
57 0.785492 0.716589 0.296891 0.282336
57 0.467836 0.766308 0.355891 0.384112
60 0.926977 0.56646 0.0322344 0.0109579
60 0.964508 0.584463 0.0709844 0.104252
56 0.980945 0.610806 0.0381094 0.136379
58 0.396969 0.267114 0.0309063 0.0626869
59 0.158359 0.551986 0.0676563 0.148178
75 0.27482 0.404673 0.0106406 0.0413084
75 0.396836 0.288832 0.0170156 0.0146729
77 0.259 0.411741 0.0189687 0.0247897
58 0.963672 0.752243 0.0700313 0.213645
75 0.962805 0.554568 0.0267656 0.0225467
