0 0.134641 0.395219 0.0783125 0.285521
0 0.680078 0.351177 0.0745 0.143646
0 0.464523 0.42825 0.242891 0.607417
37 0.432688 0.608958 0.212969 0.782083
37 0.104727 0.55574 0.106922 0.135521
37 0.0631641 0.580208 0.110047 0.196625
37 0.292781 0.382354 0.0842187 0.048125
0 0.850859 0.35851 0.149938 0.248146
0 0.427414 0.279385 0.0226094 0.0347292
37 0.557945 0.478542 0.0292031 0.0364583
37 0.126805 0.462792 0.0291719 0.0683333
0 0.316219 0.371063 0.0399062 0.213292
0 0.30868 0.344333 0.0316406 0.0486667
24 0.769836 0.467167 0.0672344 0.08425
24 0.67493 0.445906 0.0781719 0.0773125
24 0.906586 0.543198 0.126828 0.121854
0 0.59482 0.381906 0.0257344 0.110396
0 0.164039 0.31349 0.0192344 0.0506458
0 0.209375 0.400062 0.0890312 0.339167
