0 0.2943 0.577675 0.223267 0.68385
0 0.389475 0.533625 0.14925 0.596
0 0.10285 0.62275 0.2057 0.73425
0 0.936625 0.700225 0.12675 0.59955
0 0.561917 0.421225 0.0166 0.069
31 0.316975 0.878537 0.349317 0.094175
31 0.387725 0.801975 0.28215 0.09085
31 0.801492 0.8427 0.173783 0.0809
31 0.613192 0.981138 0.39105 0.037725
31 0.201342 0.968787 0.143183 0.062425
0 0.645333 0.631825 0.275167 0.73635
0 0.84685 0.602825 0.165067 0.5634
0 0.117408 0.406562 0.0177833 0.037075
0 0.138392 0.406112 0.0155167 0.038125
