1 0.783773 0.699266 0.153859 0.397268
2 0.734641 0.181032 0.0887813 0.101283
2 0.299383 0.277212 0.0757344 0.100818
3 0.595602 0.334043 0.0890781 0.169796
3 0.275805 0.711803 0.309797 0.559554
3 0.499508 0.249665 0.0491406 0.0928996
0 0.432555 0.571152 0.351422 0.82948
0 0.0982266 0.501125 0.196453 0.975297
0 0.154453 0.360948 0.132469 0.474498
0 0.23457 0.316868 0.0822031 0.329535
0 0.6085 0.291626 0.106813 0.264554
0 0.671406 0.219052 0.046875 0.112491
0 0.767297 0.445957 0.260937 0.724963
0 0.943383 0.383885 0.113234 0.407881
0 0.959883 0.220167 0.0493281 0.153569
0 0.896828 0.190483 0.0494062 0.0754275
1 0.196805 0.550586 0.172078 0.258829
1 0.288578 0.31908 0.0365 0.0762639
3 0.925422 0.516636 0.144531 0.361413
