25 0.429195 0.706742 0.0859844 0.0362031
25 0.567602 0.718117 0.129453 0.0475781
25 0.285711 0.737242 0.168609 0.108578
25 0.382516 0.701664 0.0425937 0.0180781
25 0.466406 0.73218 0.0820312 0.0336094
0 0.914422 0.842102 0.168469 0.228828
0 0.837273 0.831687 0.103672 0.260188
0 0.580047 0.847641 0.096875 0.234656
0 0.484039 0.85068 0.0792344 0.223016
0 0.31807 0.860555 0.116359 0.278891
0 0.404156 0.800328 0.0500313 0.159219
0 0.455539 0.796586 0.0473594 0.155953
25 0.484883 0.712187 0.0562969 0.0234062
0 0.870781 0.833414 0.105094 0.235828
0 0.504867 0.737563 0.0233594 0.047625
25 0.506172 0.700852 0.024625 0.00914062
