5 0.735045 0.3946 0.52991 0.20268
0 0.544009 0.51572 0.0828529 0.17376
0 0.358483 0.44926 0.0214715 0.04472
0 0.330285 0.45397 0.0196096 0.04426
0 0.312748 0.45026 0.0242342 0.03856
3 0.449655 0.55913 0.176547 0.08722
9 0.412913 0.2791 0.096997 0.18636
0 0.377147 0.44218 0.0268468 0.03748
0 0.890601 0.67568 0.218799 0.4482
2 0.0353303 0.53765 0.0706607 0.07766
2 0.066997 0.47062 0.11958 0.05684
2 0.0578378 0.49094 0.092973 0.05448
0 0.24491 0.46168 0.0226126 0.05032
0 0.504174 0.49305 0.061021 0.14814
