2 0.515914 0.783642 0.126609 0.0557611
2 0.238953 0.755152 0.0959062 0.0596721
3 0.535375 0.805691 0.0534063 0.0490398
0 0.631875 0.856979 0.109688 0.259016
0 0.745164 0.853302 0.122391 0.293396
0 0.82168 0.860621 0.0716719 0.278384
0 0.957992 0.786593 0.0464219 0.328782
0 0.155992 0.867319 0.126609 0.265363
0 0.889336 0.817518 0.0643281 0.343044
25 0.376227 0.854485 0.282734 0.262319
67 0.974266 0.690199 0.0175 0.0496253
26 0.110516 0.889824 0.044375 0.124239
26 0.745703 0.916042 0.0598437 0.162155
26 0.1905 0.8976 0.0645 0.16274
26 0.898313 0.744614 0.04525 0.0521311
26 0.290992 0.869473 0.0449531 0.109063
2 0.0764609 0.71829 0.120891 0.140515
2 0.766641 0.743958 0.0404062 0.0558314
2 0.858555 0.70178 0.0219531 0.036815
0 0.0279219 0.848735 0.0558438 0.302529
0 0.380367 0.888431 0.133328 0.223138
0 0.252055 0.880714 0.0490156 0.238571
5 0.682891 0.734169 0.13175 0.078267
0 0.261219 0.887939 0.067125 0.221593
0 0.540445 0.787822 0.0152656 0.0485246
2 0.841477 0.69952 0.0240156 0.0366979
2 0.799234 0.72589 0.0395937 0.0469087
