0 0.169625 0.756516 0.119562 0.320281
0 0.545008 0.762625 0.197828 0.350625
0 0.837977 0.265555 0.142672 0.332922
0 0.505633 0.266352 0.167516 0.298172
0 0.159531 0.259094 0.181344 0.32125
0 0.017125 0.602938 0.0290938 0.0649375
0 0.0778359 0.600602 0.0469219 0.0572344
0 0.151125 0.557312 0.033625 0.0891875
35 0.604742 0.661234 0.0776719 0.0501562
0 0.510023 0.0921719 0.0342344 0.0850937
0 0.724789 0.107313 0.0513594 0.057375
0 0.0129297 0.1525 0.0242031 0.125875
32 0.07475 0.244523 0.023625 0.0258594
32 0.433711 0.296344 0.0240469 0.0243125
32 0.81957 0.244641 0.0284219 0.0267812
32 0.749117 0.617875 0.0289844 0.029375
35 0.913133 0.266109 0.0527969 0.0668438
35 0.228359 0.247312 0.0458125 0.0595
35 0.113664 0.728281 0.0709531 0.0577812
35 0.962289 0.715117 0.0557969 0.0508594
13 0.07225 0.645578 0.0694687 0.0328437
13 0.713516 0.152281 0.0829063 0.0375625
0 0.174672 0.106383 0.0334375 0.107141
13 0.403695 0.645375 0.0948906 0.01275
13 0.728977 0.663445 0.0839844 0.0338906
13 0.42318 0.181844 0.0779844 0.0325625
13 0.0764453 0.173984 0.0615156 0.00984375
0 0.875172 0.771195 0.221937 0.332672
