0 0.461192 0.522477 0.922384 0.932578
29 0.549082 0.604883 0.28846 0.0772344
29 0.609051 0.739656 0.390633 0.0929375
29 0.577795 0.720719 0.360696 0.0913125
56 0.799589 0.31925 0.399768 0.152125
56 0.124399 0.128086 0.224536 0.134828
56 0.908407 0.489055 0.183186 0.203453
56 0.527954 0.317984 0.169916 0.0741563
56 0.815981 0.0361797 0.361076 0.0703281
29 0.537542 0.697562 0.265802 0.0626562
29 0.617363 0.68107 0.375654 0.0716094
29 0.596941 0.641531 0.250633 0.0303125
29 0.570306 0.631914 0.322384 0.0619844
0 0.43634 0.148898 0.303481 0.297797
