25 0.9647 0.351622 0.0706 0.0584384
0 0.63914 0.610526 0.11652 0.514384
0 0.75828 0.456547 0.04836 0.234354
0 0.06318 0.369655 0.03364 0.141832
0 0.71525 0.470601 0.06462 0.213694
0 0.73076 0.299264 0.02548 0.0511411
0 0.96575 0.399685 0.0215 0.0626126
0 0.6068 0.291682 0.02012 0.0559159
33 0.35034 0.410676 0.56044 0.43979
0 0.78744 0.385661 0.02112 0.0662763
0 0.97135 0.310646 0.03326 0.0467568
37 0.86998 0.364369 0.04272 0.127538
37 0.93444 0.372898 0.0168 0.113483
60 0.72799 0.318048 0.06446 0.02997
0 0.74655 0.304354 0.02482 0.0591592
0 0.63042 0.299204 0.03012 0.071021
37 0.80159 0.577132 0.12574 0.0158258
37 0.89429 0.349414 0.01346 0.120571
56 0.53977 0.318844 0.01406 0.0277778
56 0.59385 0.317102 0.0203 0.0256757
60 0.66274 0.319655 0.01964 0.0299399
0 0.99129 0.379189 0.01742 0.111411
25 0.38355 0.161562 0.12554 0.0651051
0 0.51269 0.289459 0.01006 0.0866066
