1 0.188531 0.817241 0.133969 0.167719
2 0.935922 0.740391 0.128156 0.160112
0 0.829984 0.72697 0.0484375 0.146061
0 0.744867 0.726388 0.0347656 0.129107
0 0.628984 0.727313 0.035625 0.109904
0 0.518023 0.657281 0.0294219 0.0648644
0 0.455562 0.64827 0.0358125 0.0785805
7 0.680273 0.708987 0.281797 0.141579
0 0.518531 0.610287 0.0341562 0.0641786
0 0.795922 0.678238 0.0150937 0.0108293
1 0.304992 0.814856 0.0924219 0.122632
4 0.500234 0.640877 0.999531 0.26874
0 0.496539 0.714155 0.0457969 0.1026
