58 0.460188 0.425829 0.038 0.0718925
58 0.604945 0.407897 0.0818906 0.0958879
62 0.515586 0.196402 0.137984 0.122477
57 0.213633 0.566904 0.236641 0.308902
57 0.552258 0.861297 0.575266 0.255911
0 0.646906 0.83896 0.176219 0.299556
65 0.556758 0.569042 0.0187656 0.0416355
15 0.600703 0.195631 0.0349687 0.0497664
26 0.265414 0.555187 0.0952031 0.0792523
40 0.630594 0.556764 0.0192812 0.0494159
41 0.422094 0.544673 0.02 0.0508411
73 0.5105 0.453248 0.0508438 0.0504206
73 0.331219 0.481787 0.0342187 0.0827336
63 0.478078 0.550397 0.0740313 0.118738
63 0.637883 0.720864 0.0940469 0.155888
73 0.61132 0.517056 0.0606406 0.0746729
73 0.575578 0.520935 0.0331562 0.0652804
56 0.212711 0.568435 0.234734 0.312009
