17 0.628203 0.469672 0.380812 0.4
25 0.929227 0.297974 0.0823906 0.0489696
25 0.881508 0.339075 0.0640469 0.0353864
0 0.59825 0.33603 0.115844 0.290656
0 0.976336 0.38541 0.0462969 0.128712
25 0.752445 0.312342 0.0874219 0.0392974
25 0.218023 0.338981 0.0845781 0.0388525
0 0.896859 0.381546 0.0229687 0.0868852
0 0.873492 0.414649 0.0375781 0.143817
0 0.847102 0.409883 0.0400469 0.121311
0 0.811336 0.408806 0.0407969 0.117658
0 0.0845859 0.376897 0.0283281 0.074918
0 0.127031 0.378115 0.050375 0.072904
0 0.938391 0.387108 0.0374688 0.135621
0 0.0617109 0.381838 0.0248906 0.070281
0 0.948047 0.445773 0.0229062 0.0962763
25 0.836211 0.308677 0.0731719 0.0419438
25 0.977867 0.327342 0.0441406 0.0533255
25 0.688203 0.334614 0.0914688 0.0499766
25 0.413891 0.32096 0.0892187 0.041452
0 0.189242 0.390995 0.0402969 0.0781499
0 0.766352 0.376323 0.0368594 0.0874005
25 0.866828 0.242096 0.178031 0.106206
25 0.177164 0.278525 0.354328 0.121218
25 0.325461 0.264684 0.126891 0.101358
