0 0.455726 0.704953 0.317307 0.558563
39 0.324461 0.497602 0.0560422 0.157547
39 0.765047 0.923289 0.086534 0.131453
39 0.775012 0.89032 0.0681967 0.0924844
39 0.721604 0.887391 0.0361358 0.07025
39 0.683478 0.897672 0.0796487 0.130031
39 0.847857 0.905984 0.0617096 0.069875
72 0.501956 0.555992 0.996089 0.864578
0 0.0846019 0.439148 0.072904 0.0764844
0 0.179063 0.21068 0.0357845 0.0390156
39 0.342002 0.31657 0.0720141 0.116672
39 0.628852 0.647445 0.0958782 0.123172
39 0.694742 0.83618 0.0553396 0.0408594
