59 0.5 0.543453 1 0.884875
73 0.204594 0.29968 0.0194375 0.0935156
73 0.160958 0.390203 0.018875 0.0645312
73 0.122896 0.389133 0.0135833 0.0521094
73 0.224396 0.39943 0.115958 0.0563281
73 0.187031 0.296398 0.0316042 0.0989531
73 0.191687 0.224406 0.139708 0.036625
74 0.274271 0.333742 0.0295833 0.0328594
73 0.23951 0.299437 0.0251042 0.10325
73 0.143771 0.292375 0.0689583 0.0935625
73 0.221312 0.298898 0.0196667 0.0986406
73 0.134365 0.390984 0.0163125 0.0846875
73 0.261573 0.300719 0.0233958 0.0970938
73 0.150802 0.390867 0.0126875 0.0532031
