0 0.6822 0.509205 0.06256 0.157955
0 0.20753 0.53099 0.01762 0.0776948
0 0.38413 0.684269 0.12874 0.258409
0 0.57467 0.534821 0.02502 0.0450974
0 0.24206 0.529318 0.01716 0.0751948
0 0.16109 0.530552 0.02238 0.080974
31 0.67037 0.582338 0.03562 0.0264935
30 0.3495 0.784269 0.07132 0.0522403
31 0.29067 0.517094 0.03058 0.0169805
0 0.49791 0.356721 0.0155 0.0329221
0 0.28705 0.49849 0.01122 0.0263961
0 0.58508 0.346477 0.011 0.0247078
0 0.96754 0.522078 0.01668 0.0423377
0 0.66219 0.386234 0.01514 0.0345455
0 0.51085 0.306558 0.00626 0.0251299
31 0.59344 0.358653 0.01004 0.00275974
0 0.61596 0.516997 0.01756 0.0582792
