60 0.49743 0.496636 0.994859 0.979766
40 0.571891 0.151939 0.13475 0.298318
41 0.294 0.578271 0.234187 0.339673
44 0.453766 0.556098 0.0955938 0.420607
44 0.859164 0.557547 0.0709219 0.150981
54 0.614828 0.680724 0.110375 0.141776
54 0.588391 0.576776 0.103094 0.0968692
40 0.206727 0.0908528 0.113109 0.181659
40 0.844875 0.0773131 0.0918438 0.154626
41 0.471992 0.0969276 0.107266 0.184463
42 0.222906 0.389953 0.0742188 0.116916
42 0.926508 0.123213 0.0590469 0.0403037
44 0.940336 0.770129 0.119328 0.309089
