28 0.674157 0.47732 0.0723419 0.0367031
28 0.246967 0.14107 0.0999297 0.0529219
28 0.427447 0.215656 0.0849649 0.0294063
28 0.587857 0.527273 0.0544965 0.0571406
28 0.350562 0.346453 0.0448244 0.039875
28 0.634274 0.18057 0.0705621 0.0386406
28 0.280176 0.558445 0.113091 0.0551406
28 0.603431 0.598703 0.0778689 0.023375
28 0.583653 0.341047 0.0985948 0.032625
28 0.457471 0.165898 0.13719 0.0442969
28 0.491534 0.563961 0.153185 0.140234
28 0.314965 0.563742 0.0319438 0.0179844
28 0.698806 0.390914 0.112881 0.0337656
