39 0.33075 0.388802 0.0390937 0.0732708
0 0.517414 0.294385 0.131453 0.323604
0 0.67568 0.355854 0.179047 0.531542
0 0.453602 0.623323 0.183703 0.568188
0 0.280836 0.325448 0.175203 0.381646
0 0.0240234 0.293729 0.0456094 0.08425
0 0.178227 0.323417 0.0392344 0.0979583
67 0.512562 0.367479 0.0246875 0.0156667
7 0.506039 0.598729 0.726359 0.704958
0 0.0962656 0.313198 0.0303125 0.0406875
0 0.303383 0.308104 0.0426094 0.103833
2 0.171672 0.41325 0.0685625 0.0871667
7 0.885438 0.401323 0.229125 0.329271
7 0.0834297 0.505615 0.163484 0.350562
7 0.0733594 0.200448 0.120781 0.0771875
7 0.101789 0.358375 0.191422 0.280208
7 0.299656 0.255448 0.0738125 0.0395208
7 0.157531 0.22875 0.078625 0.0860417
16 0.566 0.614729 0.0660625 0.07825
41 0.662219 0.367208 0.0210625 0.048
