1 0.245883 0.628427 0.0698906 0.192646
1 0.391883 0.6055 0.0557969 0.153167
1 0.523383 0.546375 0.0435469 0.176333
1 0.587227 0.574479 0.0415469 0.142333
1 0.626672 0.507333 0.0199688 0.08625
2 0.704641 0.477021 0.128062 0.147417
2 0.781117 0.448469 0.0513594 0.0546042
2 0.447031 0.470354 0.0470313 0.102042
2 0.0910156 0.797187 0.175281 0.375292
2 0.480336 0.415125 0.0524219 0.0347917
9 0.355617 0.176083 0.0273281 0.0779583
9 0.600109 0.299104 0.008375 0.0256667
9 0.548383 0.299792 0.00598438 0.0214583
9 0.709688 0.35776 0.00934375 0.0296875
9 0.326992 0.247354 0.0230156 0.0242083
0 0.250281 0.561427 0.0994375 0.314604
0 0.531062 0.492844 0.0714375 0.267521
0 0.393242 0.543125 0.0677031 0.26025
0 0.0109766 0.475219 0.0185781 0.150896
0 0.583023 0.508552 0.0640156 0.276187
0 0.315148 0.45001 0.0242031 0.0838958
0 0.63125 0.46299 0.0235 0.116937
0 0.607781 0.476583 0.0303125 0.151292
2 0.644852 0.430375 0.0281094 0.0485417
7 0.93543 0.403937 0.129141 0.225958
9 0.527914 0.302302 0.0113281 0.0232292
0 0.378102 0.459823 0.0447031 0.164354
0 0.292063 0.51349 0.0555312 0.232729
0 0.333391 0.443135 0.0158125 0.0807708
0 0.261461 0.404792 0.0242969 0.05975
1 0.290187 0.618635 0.0303125 0.149854
1 0.364016 0.477802 0.0195938 0.0171875
1 0.610812 0.546146 0.009125 0.025
2 0.487719 0.483646 0.035125 0.139625
2 0.909602 0.620167 0.180797 0.279417
2 0.838633 0.453115 0.0693906 0.0740208
2 0.442227 0.396937 0.0413906 0.0321667
2 0.440898 0.365906 0.0182969 0.0218542
2 0.672 0.406146 0.0350312 0.0210417
