0 0.337823 0.224219 0.388646 0.439469
0 0.0734062 0.209422 0.128854 0.348312
40 0.120521 0.423211 0.12 0.258234
41 0.224948 0.567867 0.182188 0.154203
44 0.935177 0.880906 0.129646 0.141375
44 0.273979 0.362109 0.139625 0.0308437
0 0.796583 0.331367 0.406833 0.499953
40 0.652802 0.352742 0.0793958 0.121141
48 0.481604 0.586477 0.100667 0.0987344
48 0.5985 0.586078 0.084125 0.0913125
48 0.354854 0.390719 0.0898333 0.0819688
48 0.36849 0.361961 0.0589792 0.0592344
60 0.5 0.718305 1 0.563391
41 0.520792 0.836703 0.438333 0.245562
41 0.661458 0.480969 0.101583 0.0649687
40 0.224052 0.568805 0.182521 0.148797
48 0.656042 0.55082 0.0626667 0.0602656
55 0.483573 0.586016 0.102146 0.0964375
