74 0.488164 0.419167 0.0382969 0.054875
0 0.648758 0.864146 0.0540469 0.1905
0 0.53443 0.852187 0.0426094 0.22125
0 0.0475 0.877 0.0749375 0.243417
0 0.15268 0.822313 0.0325781 0.1265
0 0.19518 0.83125 0.0261406 0.109542
0 0.982062 0.823083 0.0345 0.14975
0 0.376312 0.801365 0.0334375 0.108188
0 0.469766 0.82374 0.035125 0.139229
25 0.70007 0.713229 0.0441406 0.0275833
25 0.758875 0.714302 0.0483438 0.0273542
26 0.590656 0.832729 0.0308125 0.0915833
0 0.700641 0.793646 0.0276875 0.0882083
0 0.596797 0.860229 0.0521875 0.221
0 0.293992 0.798 0.0172031 0.0847083
0 0.313812 0.801646 0.020625 0.0916667
0 0.105648 0.834 0.0319844 0.134208
