20 0.588203 0.53426 0.256188 0.348312
20 0.735359 0.459354 0.099375 0.286208
0 0.518125 0.294177 0.0274687 0.0546042
0 0.607906 0.309844 0.0835313 0.0695625
0 0.211062 0.282594 0.0605938 0.0983125
0 0.289203 0.343906 0.109 0.157354
0 0.349516 0.374135 0.114312 0.221021
0 0.535023 0.195802 0.0261406 0.0442708
0 0.556648 0.208542 0.0187344 0.0221667
0 0.656672 0.195615 0.0412187 0.0598542
0 0.764023 0.251479 0.0430469 0.0765417
13 0.549523 0.348146 0.115547 0.0546667
13 0.244039 0.39474 0.155016 0.136437
13 0.740844 0.325563 0.118 0.0892917
13 0.675977 0.243615 0.0454531 0.0619792
0 0.689039 0.213333 0.0217969 0.05575
20 0.268961 0.608719 0.299609 0.437229
0 0.6575 0.333229 0.0692187 0.127042
13 0.546578 0.223823 0.0255 0.0150625
0 0.532992 0.282531 0.0873906 0.0886875
0 0.72593 0.259937 0.0297344 0.0523333
