75 0.54218 0.604502 0.386828 0.768538
75 0.730836 0.564053 0.256828 0.849435
75 0.169477 0.351346 0.199141 0.1599
75 0.24675 0.691645 0.491406 0.616711
75 0.409539 0.356179 0.187078 0.379801
75 0.785086 0.426312 0.188578 0.646113
75 0.935875 0.182625 0.127594 0.356478
75 0.466523 0.149934 0.0964219 0.0579402
75 0.551109 0.188306 0.100812 0.0724917
75 0.215602 0.289884 0.183891 0.202226
75 0.204906 0.162658 0.114719 0.0787375
75 0.33207 0.166993 0.0926094 0.143953
75 0.783977 0.106728 0.100328 0.162159
