8 0.519789 0.57865 0.958797 0.339319
8 0.502656 0.20115 0.994688 0.398357
0 0.347125 0.390258 0.00925 0.0287324
0 0.834 0.379495 0.00965625 0.051385
0 0.167719 0.396561 0.0126875 0.0447183
0 0.545883 0.391831 0.0104844 0.0344601
0 0.212398 0.393462 0.0138594 0.0536854
0 0.855766 0.379272 0.0167187 0.0621596
0 0.811281 0.378451 0.0140625 0.0551174
0 0.800805 0.379941 0.0106719 0.0542958
0 0.561164 0.396033 0.00720313 0.0370892
0 0.849828 0.3948 0.0161563 0.0369249
0 0.728297 0.39446 0.0159375 0.0388263
13 0.778023 0.405951 0.0944531 0.019554
13 0.56357 0.402312 0.0308594 0.0227934
0 0.202852 0.394073 0.00957812 0.0427934
13 0.931937 0.398521 0.04025 0.0282629
0 0.324398 0.392148 0.0112344 0.0398357
8 0.501375 0.8 0.995844 0.368826
