0 0.313016 0.741246 0.246625 0.336316
0 0.489797 0.269368 0.0433438 0.26793
0 0.307219 0.260667 0.0440313 0.287649
0 0.126867 0.279491 0.0250781 0.182982
0 0.341508 0.248947 0.0517344 0.330105
0 0.63575 0.302088 0.0280313 0.13786
0 0.806078 0.293684 0.018125 0.146807
36 0.371383 0.857509 0.168078 0.0991579
0 0.0994531 0.276561 0.025 0.185263
0 0.612391 0.285105 0.0120938 0.0764561
0 0.511242 0.295842 0.0160469 0.112035
0 0.834117 0.295211 0.0218594 0.144035
0 0.688211 0.301123 0.0134531 0.0782456
26 0.348727 0.214754 0.0278594 0.145018
1 0.633758 0.326544 0.0604531 0.094
0 0.542359 0.288474 0.0174063 0.108035
