25 0.84218 0.833615 0.0415469 0.148104
7 0.672469 0.41199 0.242688 0.352812
26 0.354969 0.458292 0.0418437 0.105292
0 0.44257 0.495375 0.0413906 0.21775
0 0.0690937 0.512365 0.124719 0.458437
0 0.319547 0.475896 0.0394062 0.236458
0 0.165133 0.480969 0.0904531 0.374312
0 0.116523 0.485521 0.0831406 0.436417
0 0.215313 0.451385 0.0537188 0.196604
0 0.355664 0.479687 0.0736406 0.309583
0 0.891047 0.512396 0.113187 0.292792
0 0.82075 0.539438 0.0555937 0.2565
0 0.530273 0.472542 0.0289531 0.146917
0 0.947023 0.493969 0.0852656 0.255771
26 0.455289 0.546792 0.0263594 0.0725417
0 0.921906 0.415417 0.0425 0.104167
25 0.799594 0.426333 0.0180625 0.01725
0 0.407125 0.484875 0.039375 0.198333
