67 0.740508 0.397576 0.0128594 0.0222248
56 0.819367 0.786511 0.100453 0.404496
56 0.731047 0.643009 0.0916562 0.301803
56 0.627453 0.506745 0.0524687 0.191007
56 0.599641 0.46541 0.0360313 0.137705
0 0.241188 0.409262 0.126812 0.48541
0 0.786633 0.589555 0.157891 0.562201
0 0.422781 0.327494 0.0468125 0.173255
0 0.348609 0.368033 0.0425625 0.144496
0 0.738484 0.284813 0.0798125 0.25178
0 0.125937 0.523595 0.251875 0.95281
0 0.802422 0.283642 0.0510938 0.198197
40 0.574227 0.751429 0.0428594 0.120094
40 0.338555 0.906429 0.0593594 0.155667
40 0.434531 0.816194 0.060625 0.244895
40 0.351883 0.715234 0.0416094 0.133888
40 0.389688 0.872822 0.0676563 0.247845
40 0.433633 0.645667 0.0551719 0.100281
40 0.489859 0.725761 0.0571875 0.232834
40 0.506938 0.73267 0.0421875 0.168571
40 0.384477 0.667529 0.0317031 0.169625
40 0.539023 0.614274 0.0396719 0.0715457
40 0.503531 0.546792 0.0306875 0.117283
42 0.699031 0.938525 0.105 0.0234192
43 0.241547 0.94623 0.150938 0.0146604
44 0.283117 0.754813 0.0947344 0.0301874
56 0.561508 0.445761 0.0175156 0.0644965
60 0.468531 0.675281 0.688187 0.626956
0 0.889562 0.500749 0.220875 0.998501
0 0.585258 0.280047 0.0793281 0.0952693
43 0.292836 0.756616 0.107984 0.00822014
43 0.317625 0.659368 0.0310937 0.0110539
43 0.69582 0.79952 0.0245469 0.00934426
44 0.52818 0.869063 0.0349844 0.06
56 0.251812 0.617717 0.0421562 0.157963
40 0.540375 0.747553 0.0354063 0.188314
42 0.656062 0.789145 0.0835313 0.0180562
42 0.692242 0.928689 0.115578 0.0232787
56 0.311547 0.540398 0.0452813 0.119344
56 0.337313 0.497272 0.0239688 0.0782436
56 0.226148 0.694813 0.0433281 0.16363
56 0.552438 0.421148 0.0158125 0.0463232
0 0.685234 0.407869 0.125969 0.480703
0 0.304187 0.408384 0.0757188 0.473396
56 0.202344 0.532143 0.0459062 0.106909
56 0.226336 0.487881 0.0477656 0.0850351
0 0.611344 0.352845 0.04825 0.105644
44 0.225875 0.952014 0.119219 0.0361593
