8 0.425414 0.491522 0.180578 0.0244496
8 0.80532 0.53137 0.0722656 0.0173068
8 0.0645 0.45548 0.057 0.0191569
8 0.937703 0.534075 0.0479687 0.0156909
8 0.153461 0.451487 0.0747031 0.020445
0 0.417297 0.4837 0.0128125 0.0178923
0 0.44825 0.486897 0.0160313 0.0199766
0 0.434578 0.483735 0.0142187 0.0188993
0 0.479516 0.483033 0.00765625 0.0181499
0 0.884211 0.516874 0.0299844 0.0245667
0 0.931531 0.519836 0.0243438 0.0214988
0 0.964836 0.518548 0.0204531 0.0230445
0 0.990469 0.516171 0.0190625 0.025363
0 0.179078 0.445492 0.00940625 0.0172131
8 0.859383 0.5313 0.0546094 0.0198361
8 0.89307 0.533419 0.0560781 0.0185012
0 0.467625 0.483021 0.0170937 0.0200937
0 0.383352 0.484684 0.0173906 0.0207494
0 0.834391 0.517728 0.0212812 0.0205621
0 0.402047 0.484356 0.0144063 0.0160656
