56 0.55381 0.726365 0.13974 0.280644
56 0.50614 0.682347 0.13176 0.25592
0 0.29901 0.433113 0.14294 0.521258
0 0.44761 0.076411 0.1099 0.152822
0 0.3683 0.220307 0.08712 0.306748
0 0.5125 0.195951 0.1586 0.335583
0 0.62225 0.35477 0.07278 0.555736
0 0.4857 0.591764 0.17728 0.429233
38 0.44137 0.422408 0.05374 0.193344
0 0.37722 0.410936 0.0768 0.516963
0 0.08138 0.148558 0.16276 0.297117
0 0.74165 0.317117 0.09714 0.22589
41 0.4728 0.794678 0.01904 0.0418098
56 0.80709 0.478727 0.11758 0.131319
56 0.10851 0.100169 0.1989 0.200276
0 0.93158 0.189433 0.04392 0.0683129
58 0.87809 0.719923 0.1389 0.201012
58 0.83405 0.658681 0.1123 0.14816
58 0.80254 0.614785 0.13224 0.170675
58 0.57047 0.325337 0.04318 0.168712
58 0.92073 0.804555 0.13246 0.160153
58 0.70781 0.446534 0.1255 0.21908
0 0.70747 0.161396 0.08602 0.322546
56 0.33823 0.401457 0.0381 0.0788037
0 0.86483 0.284693 0.08918 0.315031
56 0.45111 0.119018 0.06326 0.0960123
0 0.84624 0.104356 0.05572 0.141902
