62 0.85786 0.64944 0.11124 0.211253
57 0.05981 0.833693 0.11962 0.331173
56 0.4426 0.79356 0.1384 0.33048
56 0.68639 0.754413 0.13294 0.303173
56 0.71438 0.59804 0.02088 0.0443467
56 0.22277 0.68812 0.0337 0.251707
60 0.46096 0.655387 0.2488 0.116853
0 0.61472 0.647093 0.19916 0.32496
0 0.55438 0.543147 0.07968 0.13392
0 0.1858 0.621267 0.22684 0.751867
0 0.28399 0.62248 0.15674 0.714613
0 0.4015 0.5454 0.0858 0.167387
0 0.61412 0.587493 0.06732 0.18304
40 0.50919 0.588173 0.0189 0.0506933
45 0.51057 0.64876 0.03726 0.0290933
65 0.30372 0.743453 0.03172 0.03128
24 0.75313 0.711533 0.04446 0.127067
41 0.40257 0.598187 0.01514 0.0309333
41 0.51702 0.61568 0.02324 0.0408533
45 0.45661 0.626173 0.0233 0.0126667
41 0.5303 0.612453 0.00776 0.0370667
