60 0.449031 0.647 0.524687 0.392708
0 0.216578 0.426969 0.15 0.386521
0 0.207766 0.63176 0.412156 0.716229
0 0.747477 0.633708 0.433141 0.732583
0 0.662469 0.380365 0.151625 0.338479
41 0.448164 0.644698 0.0610781 0.163979
41 0.488352 0.583479 0.0590156 0.156292
41 0.421258 0.529021 0.0529844 0.166875
44 0.541961 0.478719 0.0338281 0.0178542
44 0.556742 0.56224 0.0616719 0.0868958
41 0.440289 0.461854 0.0374219 0.106292
41 0.48425 0.459854 0.02175 0.0402917
41 0.424016 0.435396 0.0315625 0.084875
41 0.500898 0.445625 0.0629531 0.0999167
42 0.363461 0.663563 0.0215781 0.0954583
42 0.563398 0.562396 0.0725156 0.083625
42 0.564633 0.481385 0.0114844 0.0308125
42 0.350367 0.51899 0.0286406 0.0426458
43 0.349438 0.51926 0.0306563 0.0438542
43 0.589992 0.526594 0.0542344 0.0206875
43 0.34525 0.593313 0.103344 0.0195
43 0.529734 0.464365 0.0254063 0.0138958
56 0.900633 0.616292 0.198516 0.73225
56 0.0223984 0.387667 0.0411406 0.19125
56 0.587828 0.371448 0.0267188 0.0890625
56 0.41793 0.322948 0.0228906 0.0653125
41 0.484984 0.500083 0.0457188 0.045625
56 0.705063 0.336188 0.0364688 0.0440833
56 0.52268 0.37324 0.0479844 0.0839375
56 0.440859 0.326406 0.0258437 0.0401042
56 0.50257 0.312948 0.0239844 0.0213125
56 0.496734 0.279031 0.0385625 0.0299792
56 0.587289 0.321427 0.0557969 0.0726458
56 0.153289 0.698948 0.306578 0.602104
58 0.0827891 0.197406 0.165578 0.379229
60 0.463898 0.294406 0.0760781 0.0316875
60 0.424367 0.267458 0.0709219 0.0144583
60 0.530367 0.326667 0.0946094 0.0292917
43 0.542594 0.593458 0.0533438 0.0264583
60 0.581156 0.29551 0.06675 0.0267708
