2 0.622687 0.525694 0.152313 0.192471
0 0.528805 0.503424 0.942391 0.970329
54 0.524352 0.593659 0.103547 0.1388
54 0.497195 0.482812 0.0913594 0.128024
54 0.40725 0.509165 0.09975 0.122894
54 0.425437 0.616976 0.106531 0.153012
54 0.55657 0.714 0.110547 0.153224
54 0.319914 0.642882 0.117109 0.151694
54 0.338328 0.785271 0.120469 0.157741
54 0.448461 0.751953 0.127641 0.174024
54 0.243406 0.675188 0.0545937 0.146047
54 0.311227 0.517624 0.0918906 0.112282
54 0.235937 0.546988 0.0608437 0.119388
54 0.249203 0.810612 0.0628125 0.136988
