14 0.119422 0.444169 0.03725 0.0705038
14 0.166586 0.456902 0.0358906 0.0635768
14 0.821008 0.971801 0.0728594 0.0431486
14 0.824938 0.939219 0.105281 0.0652897
14 0.812594 0.551801 0.0378437 0.081335
14 0.933273 0.931562 0.0865156 0.0786398
14 0.653805 0.75 0.101828 0.0798992
14 0.861773 0.616688 0.0928281 0.0519647
14 0.803734 0.491398 0.073375 0.0408816
14 0.106188 0.362242 0.0206563 0.0360705
14 0.735367 0.480378 0.0214531 0.054005
14 0.116359 0.325013 0.0344062 0.0341562
14 0.0253906 0.397607 0.038625 0.0551637
22 0.38568 0.487884 0.272047 0.617028
22 0.613859 0.447657 0.211875 0.484383
