8 0.267516 0.457847 0.114 0.0259059
8 0.660797 0.367565 0.033375 0.0400235
13 0.389344 0.797929 0.380875 0.280376
0 0.408883 0.725847 0.220859 0.440447
0 0.514688 0.329541 0.0176875 0.0332
0 0.500758 0.332835 0.00989063 0.0317412
0 0.55807 0.323576 0.0152656 0.0485176
0 0.290898 0.417106 0.0252031 0.0437176
8 0.824109 0.359659 0.0901563 0.0216235
0 0.757422 0.327918 0.0195 0.0333412
0 0.657687 0.349529 0.014 0.0295059
0 0.288742 0.588541 0.0819844 0.1536
0 0.726367 0.326494 0.0191719 0.0684235
8 0.550336 0.350447 0.0713906 0.0130353
8 0.752875 0.346318 0.074375 0.0326824
8 0.633172 0.362682 0.029125 0.0288941
0 0.249078 0.426271 0.0368125 0.0554118
0 0.276336 0.4208 0.0215781 0.0418353
0 0.284602 0.298882 0.0140469 0.0539529
