24 0.764328 0.729219 0.301687 0.478646
24 0.860539 0.252146 0.0285781 0.0645417
26 0.617734 0.587479 0.131469 0.3955
28 0.380078 0.78499 0.174375 0.203146
28 0.256297 0.596479 0.126344 0.157708
28 0.196844 0.487948 0.0470625 0.156896
0 0.369961 0.434542 0.148703 0.541458
0 0.491789 0.621802 0.400047 0.756396
0 0.848875 0.632583 0.30225 0.725833
0 0.253961 0.367063 0.0973281 0.379917
0 0.842781 0.370646 0.0700937 0.25875
0 0.71875 0.218521 0.0349375 0.102208
0 0.577258 0.25775 0.0527656 0.197458
0 0.0903828 0.334437 0.0203906 0.06725
0 0.0315391 0.353135 0.0619531 0.406479
0 0.145227 0.372417 0.115641 0.394375
0 0.433469 0.416958 0.0475938 0.46875
24 0.141625 0.266177 0.0709375 0.102562
28 0.0921172 0.460448 0.0847969 0.144063
0 0.723406 0.442406 0.135406 0.388687
24 0.80682 0.433656 0.0392344 0.0866042
24 0.364266 0.368844 0.117938 0.200854
26 0.663563 0.259635 0.0214062 0.115646
0 0.0677656 0.346219 0.0681875 0.320146
24 0.836258 0.325313 0.0623281 0.078875
24 0.573961 0.212188 0.0323906 0.0547083
24 0.270078 0.291313 0.00778125 0.0595833
24 0.190922 0.218885 0.0207188 0.0516042
24 0.732195 0.22901 0.0306406 0.0403542
24 0.763461 0.227 0.0105156 0.0284583
24 0.176133 0.166427 0.0379844 0.0478542
24 0.899211 0.350083 0.0378906 0.0619167
26 0.793953 0.455177 0.0303438 0.0654375
