60 0.774062 0.84966 0.443225 0.27356
0 0.714225 0.435157 0.3168 0.770471
0 0.472138 0.535275 0.373425 0.901126
0 0.336938 0.506741 0.669575 0.982016
41 0.981975 0.706427 0.0354 0.140654
43 0.6997 0.745288 0.09345 0.0756021
55 0.835625 0.847971 0.3205 0.207199
73 0.870175 0.100026 0.00815 0.072356
73 0.838975 0.10161 0.00505 0.0709162
73 0.908525 0.238848 0.02315 0.108325
73 0.8906 0.0777225 0.2188 0.125916
0 0.042925 0.198312 0.08585 0.224738
73 0.8835 0.25305 0.0094 0.0678272
73 0.83765 0.249385 0.0876 0.0796597
0 0.920775 0.443259 0.15295 0.40945
41 0.894812 0.693547 0.121975 0.14034
73 0.1781 0.0881806 0.14825 0.176361
73 0.952575 0.225877 0.0064 0.0708639
