56 0.9556 0.12624 0.06312 0.102827
56 0.83163 0.781253 0.0501 0.0948267
60 0.1516 0.390667 0.29256 0.215147
60 0.77425 0.89884 0.4515 0.20232
60 0.94394 0.23252 0.11 0.0843467
60 0.37111 0.8482 0.0753 0.165733
67 0.71717 0.82416 0.03838 0.0554133
60 0.25308 0.27568 0.23712 0.112107
41 0.16205 0.289333 0.0301 0.06224
41 0.89674 0.887653 0.03628 0.0725333
41 0.16301 0.399773 0.03886 0.0901067
52 0.7626 0.36228 0.13596 0.162853
52 0.21833 0.873733 0.2773 0.24272
0 0.39094 0.29272 0.21684 0.415147
0 0.97839 0.0482533 0.0423 0.0908533
0 0.16612 0.163813 0.1238 0.223733
0 0.06404 0.20224 0.12472 0.337067
0 0.26415 0.761773 0.22906 0.47144
0 0.61686 0.774907 0.23932 0.426987
0 0.7275 0.768427 0.1786 0.315147
0 0.69185 0.255067 0.35898 0.50112
41 0.19785 0.44716 0.04182 0.0988
41 0.91259 0.946387 0.04762 0.07832
41 0.32852 0.256973 0.0268 0.05928
52 0.09006 0.173587 0.04452 0.0329333
52 0.07911 0.32408 0.0351 0.0312
56 0.85112 0.710107 0.03372 0.0674133
56 0.20466 0.14872 0.02404 0.04976
56 0.45792 0.916 0.08016 0.162987
56 0.04363 0.909613 0.08054 0.158853
56 0.52413 0.188107 0.04338 0.125387
56 0.88733 0.691707 0.02638 0.0504533
56 0.44582 0.783067 0.06292 0.122613
56 0.3831 0.762613 0.0568 0.0605333
0 0.07961 0.735373 0.14942 0.19816
0 0.67489 0.47188 0.65022 0.860027
0 0.36994 0.692133 0.07584 0.130347
41 0.93305 0.200493 0.0333 0.06472
41 0.95898 0.877147 0.04012 0.0664533
41 0.19321 0.192147 0.03982 0.0586933
41 0.79657 0.964573 0.05302 0.0679733
41 0.80948 0.980587 0.05556 0.0344533
48 0.09226 0.171067 0.03476 0.02592
48 0.27933 0.26824 0.03966 0.0367467
0 0.27268 0.141813 0.11976 0.206187
41 0.34119 0.137427 0.01838 0.03496
0 0.8725 0.0575733 0.05404 0.06384
60 0.47873 0.77728 0.03594 0.0331733
41 0.85733 0.974253 0.05802 0.0486133
