1 0.157938 0.77699 0.312625 0.401729
1 0.873586 0.558875 0.198047 0.240167
1 0.595969 0.791396 0.775813 0.309667
0 0.554367 0.596187 0.384859 0.8055
24 0.773039 0.579958 0.117516 0.262125
0 0.782164 0.422979 0.0326094 0.055625
1 0.789961 0.481333 0.0621406 0.06125
1 0.756102 0.457146 0.0153594 0.01125
1 0.164578 0.206562 0.0624375 0.0789167
1 0.863555 0.495542 0.110922 0.136167
1 0.852641 0.447979 0.056625 0.031
1 0.169516 0.128177 0.0656875 0.0829375
1 0.739805 0.46251 0.0722031 0.0374375
11 0.839813 0.137042 0.101844 0.14075
