8 0.28732 0.7463 0.568672 0.208056
8 0.228555 0.673911 0.446922 0.1637
8 0.191961 0.628583 0.377734 0.129297
0 0.692758 0.57644 0.0541719 0.201499
0 0.56107 0.536569 0.0302031 0.170094
0 0.662102 0.578384 0.0209844 0.15644
0 0.651031 0.551546 0.036 0.194239
0 0.524383 0.535199 0.0322031 0.146838
0 0.483828 0.50644 0.0349687 0.143138
0 0.436898 0.500761 0.0237344 0.123536
8 0.261852 0.565375 0.151578 0.0536534
8 0.170602 0.563981 0.237891 0.095082
0 0.385437 0.485258 0.0168437 0.11356
8 0.770336 0.485714 0.144453 0.0565808
0 0.413719 0.496745 0.0224375 0.106323
0 0.399398 0.485609 0.0216094 0.108735
0 0.333336 0.480761 0.0244844 0.108173
0 0.743672 0.556593 0.0384375 0.186721
8 0.0585547 0.539321 0.103766 0.0352225
8 0.109578 0.60966 0.105844 0.05637
8 0.185391 0.519567 0.106844 0.0289696
8 0.925547 0.410714 0.113187 0.0900468
41 0.687633 0.53267 0.00748437 0.0149415
0 0.459187 0.648864 0.0843125 0.105316
8 0.0612422 0.525047 0.117297 0.0338876
