3 0.611031 0.696256 0.435281 0.489883
3 0.412086 0.501127 0.115172 0.29662
0 0.639344 0.43439 0.316344 0.550751
0 0.460117 0.325939 0.105328 0.304225
0 0.695898 0.233697 0.0975781 0.203732
0 0.777813 0.261772 0.0640938 0.141948
0 0.902836 0.253404 0.0835469 0.16446
0 0.826 0.264437 0.0678125 0.120423
0 0.328742 0.375974 0.0848594 0.389554
0 0.24368 0.260117 0.0733906 0.1323
0 0.279563 0.368204 0.0580937 0.411526
0 0.403273 0.273415 0.0401406 0.119225
0 0.181938 0.388498 0.0725 0.371127
0 0.125281 0.189836 0.084 0.134225
26 0.739727 0.363157 0.0120469 0.0442488
26 0.216172 0.382066 0.0533125 0.0540845
0 0.109016 0.359859 0.079625 0.339296
