25 0.814885 0.819148 0.0536042 0.297547
25 0.143083 0.6335 0.0189167 0.0795312
27 0.713187 0.571227 0.0301667 0.0527969
74 0.509896 0.319141 0.213292 0.154969
0 0.714604 0.720227 0.266667 0.537078
0 0.375063 0.544125 0.0767917 0.114969
28 0.53 0.852445 0.14 0.161734
28 0.314312 0.694492 0.0937917 0.129078
0 0.616406 0.513602 0.0518125 0.0712656
0 0.0228229 0.518367 0.0450208 0.104266
0 0.157385 0.494914 0.0284375 0.0525156
0 0.174875 0.530297 0.0362917 0.118438
0 0.98901 0.552992 0.0219792 0.158547
0 0.757271 0.503711 0.026125 0.0664219
0 0.312365 0.526414 0.0722708 0.131797
0 0.335083 0.483961 0.0971667 0.141641
67 0.739219 0.619578 0.0488125 0.0220938
0 0.116552 0.579164 0.0820625 0.215422
25 0.284927 0.564102 0.0197708 0.0605156
