0 0.851602 0.826967 0.230891 0.319087
0 0.473773 0.329215 0.176922 0.325831
67 0.307516 0.379461 0.0549687 0.0394379
67 0.813773 0.285258 0.317453 0.376604
67 0.0894531 0.723653 0.153906 0.423888
67 0.474422 0.163841 0.0167187 0.0439344
67 0.492898 0.162834 0.0185156 0.045808
67 0.845625 0.647283 0.0178125 0.0446838
67 0.882219 0.644602 0.0181562 0.0452693
67 0.286367 0.725281 0.149922 0.420211
67 0.457148 0.15829 0.0139219 0.0285246
0 0.209219 0.251557 0.256688 0.351967
0 0.574484 0.734941 0.196844 0.379532
67 0.632266 0.820152 0.036125 0.0413349
67 0.865344 0.646698 0.0170313 0.0439344
67 0.825422 0.594649 0.018125 0.0498126
67 0.491898 0.916101 0.0284844 0.0197424
