39 0.466078 0.0807477 0.0160625 0.0828972
72 0.880648 0.642699 0.237453 0.705631
69 0.57482 0.58764 0.157797 0.321355
71 0.309367 0.476682 0.152234 0.0519159
39 0.75632 0.0483762 0.0189844 0.0967523
39 0.775195 0.0485864 0.0203281 0.0946028
39 0.727047 0.437103 0.0288125 0.112523
39 0.812719 0.046729 0.0194687 0.0907477
39 0.992594 0.0368224 0.0148125 0.0736449
39 0.97343 0.0380257 0.0262656 0.0745093
39 0.938109 0.041764 0.0280313 0.083528
75 0.728273 0.255888 0.0171406 0.0228037
75 0.73443 0.170327 0.00845313 0.0185047
39 0.0393047 0.467897 0.0151719 0.117523
39 0.794195 0.0475701 0.0188281 0.0904206
41 0.141234 0.491262 0.03225 0.0471963
73 0.0808516 0.553808 0.146734 0.0703738
39 0.832227 0.0463902 0.0214531 0.0857243
39 0.851414 0.046507 0.0173906 0.0881542
39 0.189656 0.486554 0.0188125 0.103668
41 0.0743672 0.495946 0.0183281 0.0336215
41 0.12382 0.502266 0.0302344 0.0481308
41 0.205242 0.469089 0.0206406 0.0753738
