0 0.664044 0.638203 0.604493 0.269673
45 0.863235 0.154853 0.264379 0.292288
53 0.300433 0.271944 0.530768 0.42402
55 0.311152 0.717958 0.266846 0.14902
60 0.502255 0.747753 0.99549 0.481977
60 0.5 0.25451 0.986471 0.5
45 0.0531127 0.0812827 0.0909641 0.134984
53 0.465368 0.0577696 0.32469 0.106748
42 0.0967729 0.714069 0.176944 0.0584314
43 0.329036 0.867908 0.0854902 0.048366
43 0.369085 0.803497 0.19634 0.0920261
44 0.329387 0.871789 0.0839706 0.0457353
44 0.0459722 0.704518 0.0770098 0.0192647
41 0.147247 0.0485784 0.0899183 0.0816667
55 0.230523 0.573235 0.193431 0.130196
43 0.0479003 0.705302 0.0787418 0.0201797
43 0.384485 0.803881 0.341127 0.170114
