5 0.399375 0.346056 0.79875 0.566291
0 0.631969 0.468545 0.258781 0.932582
0 0.519617 0.645164 0.206141 0.688169
0 0.352773 0.546397 0.119422 0.446268
0 0.0950781 0.580657 0.0938125 0.211408
0 0.0425703 0.611115 0.0670156 0.209085
24 0.881555 0.398615 0.0463594 0.117136
26 0.720844 0.288415 0.1625 0.291197
26 0.720758 0.613615 0.161641 0.184178
0 0.966617 0.398345 0.0667656 0.298192
0 0.895844 0.33588 0.011625 0.0535915
0 0.921672 0.41662 0.044375 0.248873
0 0.856664 0.468826 0.136578 0.433756
0 0.806406 0.454707 0.0343437 0.224906
28 0.719484 0.610153 0.157875 0.192465
28 0.324367 0.6027 0.0294219 0.0581221
