56 0.666352 0.78171 0.128016 0.314379
56 0.666438 0.838021 0.174625 0.297541
56 0.131484 0.639649 0.0495937 0.132881
60 0.820914 0.835679 0.357828 0.319696
43 0.788094 0.894625 0.104125 0.0291101
26 0.261117 0.678501 0.0602344 0.164824
39 0.848219 0.715492 0.0382188 0.127049
44 0.581906 0.940703 0.0392813 0.021171
56 0.862531 0.650831 0.109219 0.148829
62 0.673359 0.541452 0.0512188 0.0928337
73 0.625602 0.373794 0.00864063 0.0412178
73 0.616531 0.423829 0.00321875 0.040726
73 0.614664 0.420621 0.00920312 0.0404918
73 0.660484 0.538759 0.0186875 0.0612178
73 0.620953 0.480234 0.00428125 0.0277283
73 0.605953 0.418454 0.009375 0.0473068
73 0.607031 0.466932 0.006625 0.0444496
41 0.94893 0.807881 0.0357969 0.0743091
56 0.342727 0.527073 0.0925156 0.085808
73 0.631398 0.483384 0.00323437 0.0338876
73 0.643523 0.483958 0.0115469 0.0483372
73 0.635312 0.486089 0.00471875 0.0396253
73 0.626734 0.423817 0.00346875 0.0470258
73 0.643086 0.435984 0.00845313 0.0372131
28 0.530961 0.849391 0.0957969 0.12548
73 0.634023 0.382881 0.00226562 0.024918
56 0.202453 0.892424 0.121594 0.215152
