42 0.228431 0.918102 0.162092 0.162984
44 0.223964 0.793047 0.447929 0.139969
45 0.562646 0.889891 0.415209 0.19775
0 0.039728 0.925984 0.0787029 0.144187
43 0.928483 0.836492 0.112322 0.327016
51 0.256496 0.629773 0.330481 0.144109
51 0.13182 0.581031 0.171004 0.0568125
56 0.672155 0.0786016 0.633222 0.152703
40 0.84205 0.570312 0.275439 0.278656
56 0.0281485 0.173328 0.0540377 0.112688
56 0.0679812 0.0782031 0.134582 0.156406
56 0.0553661 0.282477 0.110732 0.154391
49 0.352061 0.406641 0.079728 0.0643438
49 0.0251046 0.49257 0.0502092 0.0611719
60 0.5 0.570312 1 0.833344
41 0.837406 0.571703 0.280795 0.264469
