24 0.515453 0.886733 0.070875 0.148735
0 0.920172 0.571511 0.0869687 0.31623
0 0.621445 0.56329 0.0646094 0.267049
0 0.377391 0.556487 0.0450625 0.258642
0 0.347203 0.566054 0.0445938 0.26466
0 0.100055 0.56274 0.0574219 0.211288
0 0.492523 0.686522 0.160422 0.573044
0 0.38818 0.610445 0.0929844 0.383981
0 0.0373438 0.578548 0.0665625 0.267026
1 0.217156 0.532974 0.0835 0.0940984
26 0.397789 0.526101 0.0276094 0.0645199
27 0.633813 0.512611 0.0164687 0.0860187
74 0.0757812 0.268056 0.0349687 0.0503981
26 0.372188 0.630222 0.041875 0.0961358
26 0.413984 0.59507 0.0066875 0.0295785
56 0.579289 0.570761 0.0481719 0.115527
0 0.0141484 0.497014 0.0279844 0.0957143
28 0.631977 0.649789 0.0434219 0.0615457
26 0.952953 0.530773 0.0364063 0.0948009
