40 0.658141 0.241604 0.225719 0.478875
40 0.160117 0.198875 0.161797 0.339333
40 0.343055 0.130917 0.0980781 0.261833
40 0.447117 0.106729 0.0836406 0.213458
40 0.194641 0.168063 0.135063 0.321958
42 0.537156 0.350229 0.341219 0.0720833
43 0.463484 0.485021 0.458437 0.0719167
40 0.521852 0.0485729 0.0438594 0.0971458
40 0.411492 0.0884583 0.0733906 0.172292
40 0.497648 0.0794167 0.0458906 0.124708
41 0.293727 0.238677 0.113453 0.203979
42 0.0255 0.145198 0.0462187 0.101396
50 0.341273 0.635042 0.230359 0.18975
55 0.17275 0.468542 0.193812 0.137083
55 0.107836 0.426167 0.141828 0.0906667
55 0.384641 0.166188 0.0684375 0.0502917
55 0.670727 0.638323 0.173203 0.234313
55 0.499648 0.834135 0.303391 0.216896
0 0.917969 0.598969 0.164062 0.627604
40 0.273094 0.152375 0.0910312 0.30475
40 0.539445 0.0595208 0.0226406 0.063625
40 0.0240547 0.0989583 0.0481094 0.194667
60 0.493828 0.493292 0.979875 0.986583
