39 0.412 0.758073 0.117719 0.432729
39 0.396547 0.66725 0.090375 0.275125
56 0.551969 0.538208 0.244375 0.429208
56 0.407117 0.297156 0.0978594 0.129354
56 0.896328 0.252844 0.145187 0.0777292
60 0.5 0.759552 1 0.444937
0 0.747469 0.442573 0.501687 0.677938
0 0.267734 0.422292 0.528719 0.662167
41 0.357336 0.910333 0.138078 0.176625
42 0.959023 0.482687 0.0497969 0.200875
43 0.53907 0.560083 0.0272031 0.178875
53 0.739891 0.860677 0.455063 0.251688
53 0.139281 0.76624 0.247406 0.150646
41 0.0188203 0.870917 0.0376406 0.242208
