74 0.386979 0.649344 0.252927 0.168406
0 0.109461 0.790953 0.0711007 0.10825
0 0.203536 0.695406 0.0521311 0.079625
0 0.470035 0.881484 0.0745433 0.15125
0 0.67055 0.756766 0.0536534 0.0955312
0 0.624133 0.765773 0.0459719 0.108609
0 0.61034 0.721914 0.0685012 0.108422
0 0.188115 0.574852 0.0280328 0.0593594
0 0.106194 0.667719 0.0458782 0.0735625
24 0.106944 0.776609 0.0381967 0.0353438
0 0.545234 0.578109 0.0206323 0.0550625
0 0.149438 0.572852 0.017096 0.0496719
0 0.630105 0.905563 0.101241 0.151531
