17 0.490742 0.609415 0.421453 0.71733
17 0.38507 0.594052 0.398734 0.59171
2 0.965492 0.44863 0.0690156 0.14007
0 0.735313 0.335621 0.0728125 0.335831
25 0.668687 0.164052 0.188906 0.184262
2 0.902391 0.382014 0.0295312 0.0930211
56 0.181984 0.530059 0.0177813 0.0591803
56 0.167805 0.523302 0.0198594 0.0603279
60 0.120211 0.547904 0.0441094 0.0699532
0 0.634141 0.282635 0.0939688 0.229859
2 0.958852 0.37603 0.0820156 0.0608665
2 0.98643 0.353302 0.0271406 0.0315222
0 0.85843 0.340199 0.0738906 0.107283
