56 0.49825 0.575069 0.067875 0.129306
56 0.344758 0.786167 0.229828 0.406444
57 0.846773 0.758681 0.290328 0.449472
60 0.57507 0.721431 0.181328 0.303528
60 0.5165 0.518403 0.117438 0.203861
1 0.673039 0.491833 0.182172 0.207889
56 0.567133 0.508931 0.0422344 0.168861
2 0.72082 0.365264 0.0777344 0.0480278
2 0.681289 0.35975 0.0379531 0.0381667
58 0.549016 0.392125 0.0945938 0.216528
62 0.342695 0.233111 0.252109 0.459444
63 0.558664 0.649389 0.0711406 0.0535556
66 0.0377109 0.963319 0.0751406 0.0709722
