17 0.433562 0.549959 0.0623203 0.0463235
17 0.680523 0.555008 0.0700327 0.0413889
17 0.710515 0.55366 0.0504085 0.040915
17 0.889493 0.563064 0.0698039 0.0340033
17 0.435057 0.536136 0.0625654 0.0355392
17 0.907026 0.560302 0.064281 0.0448203
0 0.428611 0.534003 0.0188235 0.043268
0 0.677696 0.538513 0.0152614 0.0338562
0 0.887639 0.547165 0.0173693 0.0367157
0 0.867998 0.765613 0.116127 0.140964
0 0.730082 0.822222 0.333007 0.263301
0 0.491577 0.848546 0.244069 0.207092
0 0.56473 0.612663 0.013415 0.0508824
0 0.380294 0.794918 0.0846078 0.157549
0 0.608227 0.736471 0.0756046 0.0978431
0 0.678137 0.716789 0.0480392 0.0563235
0 0.117279 0.808644 0.180245 0.234575
0 0.638791 0.606275 0.0132026 0.0427778
0 0.536111 0.725735 0.0620915 0.035
