33 0.50432 0.382052 0.0346094 0.0288125
33 0.834742 0.608073 0.0764844 0.0600208
33 0.959047 0.35476 0.0103438 0.0240208
33 0.746383 0.409229 0.0296406 0.037375
33 0.676523 0.599771 0.0302969 0.0329583
33 0.611711 0.563688 0.0156406 0.0106667
33 0.65682 0.395719 0.0126406 0.00622917
33 0.351891 0.571521 0.0666563 0.072625
33 0.784547 0.657615 0.0334062 0.0230208
33 0.952273 0.372292 0.00973437 0.0075
33 0.238602 0.542938 0.00692187 0.00775
33 0.0711328 0.652281 0.00698437 0.00989583
0 0.297461 0.819604 0.0192344 0.112125
0 0.246188 0.833958 0.0275938 0.0935417
0 0.536742 0.822948 0.0195156 0.0977708
0 0.561719 0.817333 0.04425 0.114208
0 0.600375 0.827271 0.0123438 0.0435
0 0.749531 0.808896 0.015625 0.0624583
0 0.777477 0.810021 0.0257031 0.073625
0 0.948852 0.884656 0.0277656 0.0690208
0 0.517547 0.834521 0.0317188 0.0986667
0 0.610844 0.874052 0.030875 0.0644792
0 0.491508 0.815406 0.0222656 0.0882292
0 0.498695 0.832583 0.0130469 0.0945
0 0.71225 0.832406 0.017875 0.0930625
33 0.905797 0.614969 0.0125938 0.0495625
