58 0.487523 0.410302 0.117578 0.164563
39 0.0528125 0.927438 0.060375 0.144167
39 0.0841328 0.86176 0.0498594 0.111937
39 0.0345 0.879594 0.0444063 0.218146
39 0.0981406 0.926656 0.028875 0.104896
39 0.088 0.968615 0.0426875 0.0627708
0 0.228375 0.629219 0.126406 0.611229
0 0.734273 0.496625 0.531453 0.970792
67 0.675078 0.475958 0.0713125 0.168167
72 0.0895625 0.651219 0.179125 0.697146
74 0.215148 0.179354 0.0550469 0.072125
45 0.547492 0.666573 0.0560469 0.0353958
68 0.684789 0.651167 0.0937969 0.123417
71 0.410352 0.585552 0.0684219 0.0636458
49 0.696648 0.714 0.0292031 0.040375
49 0.639008 0.723323 0.0292031 0.0251875
49 0.521234 0.604385 0.0175625 0.0161875
74 0.692578 0.609865 0.0128125 0.0156875
16 0.402766 0.97224 0.144156 0.0555208
39 0.00928125 0.969927 0.0185625 0.0588125
49 0.671828 0.717375 0.0377813 0.0187083
49 0.545203 0.606812 0.0130938 0.015375
49 0.536656 0.610802 0.0109063 0.0084375
