5 0.264602 0.568167 0.165172 0.224708
5 0.404773 0.588052 0.105859 0.131812
0 0.746016 0.680135 0.0476875 0.262146
0 0.902852 0.637229 0.0503594 0.198708
0 0.966242 0.747396 0.0675156 0.404958
0 0.0882344 0.609698 0.0127188 0.0649792
0 0.133984 0.619604 0.0220938 0.0708333
0 0.0786484 0.628365 0.0204844 0.0908958
0 0.964977 0.566052 0.0446094 0.113562
0 0.941867 0.622656 0.0452344 0.143771
5 0.459945 0.583344 0.0342969 0.105104
0 0.805102 0.679125 0.0286094 0.255292
0 0.00285937 0.622906 0.00571875 0.0804792
0 0.778969 0.628562 0.0239375 0.225333
5 0.551312 0.559177 0.137156 0.259313
24 0.784031 0.600573 0.0212188 0.0711458
0 0.99018 0.526208 0.0196406 0.0347083
0 0.728508 0.59226 0.0100469 0.0203125
11 0.813094 0.266021 0.0368437 0.061875
