0 0.509891 0.587838 0.146937 0.350561
0 0.629344 0.61394 0.160781 0.417401
0 0.205813 0.89711 0.0354375 0.104823
0 0.791906 0.533659 0.051375 0.113347
0 0.243922 0.883981 0.353219 0.232037
0 0.0290234 0.938732 0.0559531 0.121996
0 0.113266 0.930665 0.0720625 0.138669
0 0.317594 0.627464 0.105219 0.266736
0 0.259117 0.635042 0.0714531 0.192744
0 0.673383 0.49289 0.0612344 0.112183
5 0.404961 0.57 0.268797 0.395301
67 0.0989297 0.79079 0.0685469 0.105156
0 0.730984 0.515603 0.0371563 0.085052
67 0.0774766 0.936632 0.00329687 0.00548857
