0 0.407977 0.472963 0.497391 0.828829
0 0.0231328 0.37829 0.0462656 0.219251
0 0.155164 0.32096 0.0202344 0.0498829
34 0.566734 0.662916 0.0389688 0.449438
0 0.0618359 0.173852 0.0222969 0.0600703
0 0.0499375 0.219883 0.0310312 0.0652459
0 0.267578 0.403923 0.0240938 0.0971663
0 0.231188 0.22603 0.0239063 0.0947307
25 0.688133 0.260234 0.0589531 0.0666042
25 0.822852 0.260141 0.0219531 0.0778923
25 0.929281 0.240796 0.0704375 0.0732553
62 0.983266 0.164602 0.0334688 0.0880328
0 0.0832656 0.181593 0.0242188 0.0584543
0 0.0417578 0.17582 0.0252656 0.0571663
0 0.161414 0.271499 0.0144531 0.0497424
0 0.0562187 0.384637 0.0344062 0.151663
0 0.123734 0.254941 0.0142813 0.0384075
25 0.772703 0.229192 0.0574687 0.0797424
0 0.186203 0.276218 0.0175625 0.0435831
