52 0.737258 0.483532 0.319859 0.341191
0 0.607258 0.560249 0.785109 0.879501
0 0.107477 0.766233 0.211578 0.241662
0 0.169047 0.736676 0.0587812 0.121496
0 0.260734 0.803629 0.129344 0.195346
0 0.116383 0.701648 0.0577969 0.0836288
0 0.0838437 0.666413 0.0291563 0.0702216
0 0.12025 0.647064 0.0199375 0.0298061
0 0.17632 0.650055 0.0408281 0.0539058
39 0.21375 0.828947 0.0259062 0.115457
0 0.151281 0.67133 0.0245938 0.033795
0 0.283039 0.76518 0.0553281 0.0807756
0 0.875391 0.342909 0.0134687 0.0232133
0 0.927617 0.321967 0.00532813 0.00875346
0 0.948633 0.798213 0.102734 0.325789
