17 0.653869 0.595711 0.590754 0.635203
0 0.203116 0.617938 0.184651 0.574
0 0.370129 0.615352 0.174485 0.584266
0 0.743658 0.639844 0.274412 0.606031
0 0.731608 0.20707 0.19171 0.293141
0 0.417059 0.283414 0.105441 0.102172
0 0.0608088 0.1045 0.0370221 0.0741563
0 0.384274 0.285586 0.0747243 0.0904844
0 0.198575 0.289117 0.0692463 0.103484
0 0.357785 0.283492 0.0725184 0.0924844
0 0.267978 0.19525 0.0952941 0.0972187
0 0.0717187 0.244922 0.0740625 0.0935938
27 0.722381 0.195766 0.016011 0.0334688
0 0.85784 0.293031 0.0438787 0.092625
56 0.176765 0.211344 0.0440074 0.0331562
0 0.236875 0.293203 0.0623162 0.0910312
56 0.850028 0.19375 0.037739 0.0335625
56 0.352868 0.248195 0.0252206 0.0281094
56 0.318382 0.251734 0.0360662 0.0350312
56 0.277684 0.253547 0.0321691 0.03325
56 0.238134 0.25275 0.0282904 0.0319375
56 0.169577 0.254602 0.0330147 0.0323594
56 0.142868 0.210586 0.0465809 0.0329844
