32 0.496453 0.782243 0.022875 0.0335514
33 0.20843 0.171799 0.0582344 0.0575701
0 0.569523 0.715888 0.0529219 0.167056
0 0.439562 0.698855 0.08125 0.219486
0 0.385992 0.835432 0.140891 0.329136
0 0.410187 0.595397 0.0225938 0.027757
0 0.0441719 0.761624 0.060125 0.288668
0 0.0799375 0.589708 0.0176563 0.0821729
0 0.120234 0.594988 0.0249688 0.101145
0 0.608437 0.689159 0.0383125 0.221028
0 0.100133 0.727371 0.0505781 0.196192
0 0.457781 0.582722 0.0215 0.106332
0 0.491711 0.707582 0.0476719 0.122033
0 0.714711 0.57875 0.0293281 0.139229
25 0.635328 0.528131 0.0327188 0.0148131
25 0.945391 0.526706 0.0486562 0.0230374
25 0.975883 0.618329 0.0482344 0.0977336
25 0.422469 0.518435 0.343156 0.0786916
0 0.026125 0.717804 0.043 0.228084
25 0.801445 0.523984 0.0271094 0.0153972
25 0.698445 0.534369 0.0318594 0.0236449
25 0.393961 0.516238 0.0221719 0.0152336
25 0.789664 0.546203 0.0303594 0.0276869
25 0.249609 0.531589 0.0298125 0.0214953
25 0.06625 0.473949 0.0205313 0.0153738
25 0.897914 0.580456 0.0388594 0.018014
