15 0.143547 0.555375 0.283875 0.855917
63 0.685109 0.561792 0.628656 0.835958
15 0.638656 0.262719 0.0293125 0.0415208
15 0.838164 0.409063 0.0378594 0.0575
15 0.863547 0.377073 0.0305625 0.0371875
15 0.869758 0.48751 0.0357969 0.0653542
66 0.741453 0.686146 0.517094 0.25725
73 0.50568 0.404187 0.152047 0.048625
73 0.528031 0.436385 0.104656 0.0476875
73 0.535484 0.484917 0.076 0.063875
73 0.516406 0.529677 0.094875 0.0563542
77 0.490906 0.294812 0.194812 0.2
77 0.0995313 0.199958 0.199063 0.176167
