2 0.0586328 0.57972 0.0511406 0.0432505
2 0.160961 0.568012 0.0373906 0.0266667
12 0.708258 0.713861 0.0489531 0.143168
2 0.0292187 0.580311 0.0186562 0.0326708
2 0.874805 0.61234 0.250391 0.13677
2 0.603187 0.726077 0.539687 0.406108
7 0.606289 0.717795 0.551172 0.413478
11 0.140734 0.549834 0.01 0.0145756
12 0.28925 0.625507 0.0206563 0.0613665
12 0.176039 0.59736 0.0190156 0.0431263
2 0.139227 0.573665 0.0200781 0.0320497
2 0.107883 0.584969 0.0432031 0.0232712
7 0.323305 0.585186 0.273922 0.291366
12 0.0728203 0.571398 0.00545313 0.0275569
