62 0.29259 0.682177 0.15414 0.204474
57 0.58794 0.737643 0.25064 0.326877
56 0.58442 0.739489 0.23844 0.326787
60 0.17864 0.889024 0.2852 0.197628
74 0.71449 0.709174 0.0501 0.078048
40 0.21563 0.875015 0.04854 0.124024
75 0.16238 0.772658 0.03144 0.116847
75 0.68652 0.682117 0.03908 0.0427327
58 0.17461 0.77039 0.1053 0.0723724
58 0.70792 0.673844 0.07988 0.0783784
58 0.17072 0.636306 0.06644 0.287568
39 0.16367 0.835886 0.05842 0.252613
40 0.17212 0.922072 0.05364 0.124685
58 0.29454 0.678303 0.10632 0.157387
75 0.163 0.89018 0.05644 0.137117
