2 0.376125 0.852219 0.169469 0.179979
2 0.691 0.812521 0.06875 0.0427083
7 0.844664 0.869292 0.310672 0.229208
24 0.168422 0.813719 0.0275313 0.0427292
0 0.346938 0.887438 0.0735625 0.225125
0 0.466695 0.87224 0.0718906 0.255521
0 0.553656 0.874156 0.0724687 0.229229
0 0.582508 0.872458 0.0234219 0.128833
0 0.617227 0.836271 0.0191094 0.0809167
0 0.173141 0.842365 0.0342812 0.125438
0 0.0668828 0.848292 0.0218281 0.139875
0 0.0812656 0.868792 0.0344375 0.146833
0 0.0355703 0.870146 0.0449531 0.13925
0 0.650414 0.847031 0.0255781 0.115646
0 0.0167109 0.849583 0.0334219 0.1475
0 0.209602 0.844031 0.0230156 0.108104
2 0.283531 0.856792 0.0575625 0.0827917
7 0.690039 0.810344 0.0640469 0.0403542
26 0.0547734 0.872552 0.0128594 0.0356875
26 0.0938516 0.862083 0.0125781 0.0354583
26 0.396531 0.895375 0.031375 0.0565833
26 0.0359453 0.863146 0.0250781 0.048375
0 0.304523 0.803281 0.0220469 0.0440208
2 0.83257 0.82526 0.0775469 0.0143542
2 0.515609 0.854427 0.0388125 0.0755208
2 0.609289 0.806177 0.0109531 0.0133125
2 0.815539 0.818302 0.121047 0.0216458
