60 0.62824 0.657766 0.704182 0.665844
0 0.323799 0.266898 0.313354 0.518016
13 0.156325 0.689891 0.300725 0.449437
42 0.411822 0.639219 0.0893582 0.04275
42 0.792101 0.718016 0.0573292 0.0915625
42 0.735797 0.365859 0.0678261 0.0320625
42 0.774017 0.622023 0.0690269 0.0573906
42 0.588012 0.739992 0.136025 0.0156406
45 0.488934 0.416273 0.182836 0.110203
45 0.518965 0.534219 0.199752 0.133094
44 0.665973 0.46343 0.0271429 0.0195156
42 0.743188 0.415172 0.115652 0.011625
44 0.663458 0.430523 0.0118841 0.0276719
44 0.73793 0.367125 0.0696066 0.0353125
