17 0.312102 0.796021 0.252828 0.386268
17 0.512398 0.818298 0.141109 0.338333
17 0.663469 0.823275 0.164969 0.329742
27 0.300898 0.612923 0.0164531 0.0412911
27 0.534141 0.620434 0.0195625 0.0344836
27 0.661703 0.596338 0.0151562 0.0283568
7 0.0535859 0.638697 0.101672 0.0852817
0 0.652758 0.729683 0.187078 0.537394
0 0.546438 0.634014 0.112437 0.252254
0 0.297656 0.742688 0.110688 0.492136
0 0.143727 0.875305 0.0567656 0.247934
0 0.943258 0.613181 0.0303281 0.0687559
0 0.0486875 0.837054 0.0804375 0.325892
0 0.787828 0.815047 0.0683438 0.368967
0 0.834078 0.831209 0.0720313 0.32993
0 0.1055 0.871279 0.0524063 0.257019
0 0.108508 0.744542 0.0481094 0.110352
0 0.491367 0.623592 0.0314219 0.0786385
0 0.177273 0.775223 0.0422031 0.173873
0 0.947109 0.772981 0.0690625 0.243192
