32 0.478891 0.645326 0.00678125 0.00967366
32 0.297398 0.61296 0.00595313 0.00885781
38 0.491133 0.397529 0.0318281 0.02331
38 0.66925 0.409312 0.0270625 0.0269231
38 0.438719 0.701119 0.0222188 0.0318415
0 0.406008 0.713741 0.0627344 0.166503
0 0.92168 0.931305 0.0377344 0.11711
0 0.1055 0.314231 0.0253437 0.0595105
0 0.131695 0.664709 0.0425781 0.148252
0 0.169445 0.342471 0.0222969 0.0351981
0 0.146773 0.347692 0.0186406 0.0387879
0 0.774664 0.094965 0.0159531 0.0461538
0 0.459617 0.344114 0.0297969 0.0812821
0 0.0635781 0.373718 0.0192187 0.0402564
0 0.0804062 0.368054 0.0175937 0.039324
32 0.41657 0.470536 0.00498438 0.00806527
56 0.959437 0.132366 0.0212812 0.0332634
56 0.966055 0.105466 0.0209531 0.0250117
56 0.943445 0.103531 0.0245156 0.030979
56 0.938133 0.133287 0.0256719 0.0261538
56 0.912164 0.13028 0.0209531 0.0304429
56 0.887516 0.131282 0.0215 0.0266667
56 0.86282 0.130338 0.0252031 0.0254779
56 0.878102 0.0660723 0.0190469 0.0467832
56 0.853555 0.0431469 0.0139844 0.0510956
56 0.934016 0.153776 0.018875 0.00979021
56 0.906125 0.150443 0.0204063 0.0124009
0 0.112414 0.397914 0.0239844 0.120629
0 0.126039 0.334825 0.0242344 0.0424709
32 0.289766 0.562051 0.0043125 0.00643357
56 0.953133 0.150828 0.0181406 0.0139161
0 0.470805 0.408392 0.0250781 0.117622
56 0.918086 0.105828 0.0210156 0.0317483
