56 0.606898 0.326997 0.365953 0.307565
60 0.40443 0.835804 0.808859 0.328393
0 0.178563 0.432127 0.313563 0.42987
0 0.255227 0.165625 0.343797 0.33125
0 0.627242 0.494383 0.744047 0.988766
41 0.264437 0.796185 0.109563 0.227662
44 0.257492 0.117906 0.0589531 0.0131494
44 0.395453 0.90017 0.177 0.038263
45 0.355086 0.780657 0.103797 0.124984
26 0.470695 0.396899 0.183578 0.171656
41 0.413164 0.881266 0.153891 0.131136
54 0.47293 0.736315 0.0957344 0.0781494
60 0.335523 0.359781 0.189234 0.130081
67 0.368656 0.301745 0.0414375 0.0146266
41 0.274234 0.15043 0.0565 0.0592695
44 0.194055 0.816997 0.0383594 0.0692857
54 0.129844 0.692597 0.141156 0.0828571
