74 0.452688 0.33024 0.0829063 0.131812
2 0.342195 0.588635 0.0658281 0.0515625
2 0.494727 0.589187 0.0436406 0.057625
0 0.744992 0.58925 0.0172656 0.0677083
0 0.76668 0.586594 0.0255781 0.0802708
0 0.727273 0.588521 0.0124844 0.0674583
13 0.300164 0.6295 0.101234 0.0821667
13 0.421977 0.628937 0.107109 0.0729167
2 0.408117 0.581583 0.0847031 0.0684167
2 0.91407 0.581812 0.0145156 0.0185
10 0.876828 0.585354 0.006875 0.0180833
7 0.555516 0.584771 0.12125 0.0865
7 0.89307 0.581427 0.0349844 0.0405208
7 0.9775 0.579375 0.027875 0.0492083
2 0.962563 0.573344 0.0236563 0.0408958
2 0.991484 0.583635 0.0170313 0.0720208
26 0.77907 0.599969 0.00979688 0.0240208
