2 0.0792578 0.363439 0.158516 0.477402
2 0.435461 0.215087 0.246547 0.192402
2 0.66718 0.172162 0.114109 0.102707
2 0.955906 0.216856 0.0881875 0.217991
2 0.563422 0.185317 0.107688 0.0766157
3 0.27993 0.221965 0.0662031 0.103231
3 0.210938 0.232904 0.09975 0.0985153
3 0.243453 0.19702 0.0420937 0.0512882
3 0.162695 0.212303 0.0503906 0.0894541
0 0.662813 0.627063 0.150875 0.502598
25 0.612813 0.326474 0.283312 0.228581
2 0.788875 0.221179 0.271094 0.207074
7 0.791547 0.214978 0.266594 0.211354
7 0.953391 0.217445 0.0932187 0.2269
