1 0.351086 0.739473 0.206797 0.520726
1 0.149695 0.421909 0.0569219 0.264333
1 0.334133 0.411054 0.0674219 0.182529
59 0.673906 0.669215 0.592562 0.63534
0 0.252516 0.648044 0.185969 0.417026
0 0.246758 0.301991 0.111516 0.393489
0 0.275164 0.267927 0.0721719 0.266112
0 0.448547 0.226768 0.0633125 0.176019
0 0.523625 0.251593 0.085 0.247728
0 0.556859 0.276885 0.107563 0.259297
0 0.617344 0.286756 0.0390937 0.235667
0 0.118695 0.277342 0.156297 0.262412
0 0.341859 0.304321 0.0729375 0.1774
24 0.300641 0.141956 0.0079375 0.0217096
27 0.558703 0.284262 0.0228125 0.0524122
56 0.732508 0.379684 0.0964844 0.179789
0 0.0597969 0.18 0.0604062 0.219251
0 0.320305 0.16993 0.0294219 0.117002
0 0.102172 0.129063 0.043375 0.0881967
1 0.0506016 0.392377 0.101203 0.156885
1 0.34775 0.453653 0.0168125 0.0866042
24 0.443461 0.404297 0.0872969 0.164239
2 0.48532 0.121932 0.0588594 0.0361358
2 0.684555 0.122155 0.0222344 0.0252459
2 0.641211 0.130176 0.0120156 0.0218501
1 0.0730312 0.211347 0.0755625 0.172951
1 0.829773 0.895082 0.121453 0.154895
