0 0.36068 0.610175 0.145016 0.250911
0 0.560086 0.509603 0.150109 0.446776
0 0.275016 0.838201 0.168313 0.247196
0 0.267047 0.547196 0.106219 0.391495
0 0.611867 0.0327804 0.0318906 0.0570561
0 0.930555 0.122944 0.0439219 0.227056
0 0.0736328 0.104766 0.0447031 0.0996262
34 0.514547 0.317897 0.0121563 0.0657009
35 0.423445 0.586449 0.0306719 0.0512617
0 0.393383 0.102629 0.0262969 0.0520794
0 0.542758 0.0254089 0.0412656 0.0487617
0 0.367797 0.191706 0.0263437 0.08
34 0.240187 0.703353 0.0319063 0.234416
0 0.695445 0.0247897 0.0426719 0.0495794
0 0.0970938 0.0299766 0.0345312 0.0558411
35 0.519797 0.356367 0.0261875 0.0413785
0 0.366641 0.112336 0.0204063 0.0369159
