0 0.87869 0.0994395 0.08754 0.12118
0 0.83081 0.545796 0.17302 0.470059
0 0.17027 0.600221 0.26418 0.662153
0 0.16749 0.305796 0.04682 0.129705
0 0.08456 0.288761 0.05636 0.0921534
34 0.37923 0.814749 0.16182 0.0303245
0 0.96146 0.125428 0.0634 0.0643658
35 0.32421 0.704263 0.03198 0.0586726
56 0.07245 0.40559 0.08226 0.157375
56 0.21481 0.398319 0.07846 0.154277
56 0.28075 0.372935 0.06094 0.122625
56 0.0188 0.384528 0.03152 0.105929
0 0.3489 0.721342 0.23464 0.157316
0 0.03048 0.290678 0.058 0.102832
0 0.22713 0.295855 0.0673 0.111534
32 0.29685 0.636622 0.02074 0.0238643
56 0.27261 0.277463 0.02206 0.0185841
56 0.19336 0.280693 0.03696 0.0472861
0 0.43751 0.646047 0.30662 0.252094
