17 0.444789 0.604842 0.283297 0.658063
17 0.242695 0.596769 0.359078 0.677412
2 0.232016 0.246881 0.46025 0.171564
2 0.659938 0.155056 0.67125 0.1573
2 0.927906 0.150298 0.143875 0.0759404
0 0.772594 0.38594 0.348062 0.315866
0 0.516641 0.332579 0.335625 0.449441
0 0.0725781 0.418631 0.1325 0.279534
0 0.547945 0.158399 0.0996719 0.147784
0 0.350625 0.308268 0.124344 0.196909
0 0.777523 0.278417 0.0489531 0.04473
0 0.912773 0.488659 0.136484 0.331173
0 0.286156 0.166927 0.0711875 0.0778399
0 0.799859 0.131909 0.142625 0.180987
25 0.333547 0.04054 0.667094 0.0653259
0 0.83325 0.116415 0.0716563 0.0966667
0 0.956508 0.312263 0.0463281 0.124227
2 0.493875 0.0585196 0.164719 0.0443389
2 0.0794219 0.308054 0.158844 0.241695
0 0.936711 0.100652 0.0463281 0.0836872
0 0.710898 0.200717 0.0859219 0.230708
