0 0.361164 0.462484 0.00917187 0.0253125
0 0.396719 0.47918 0.017 0.0288906
0 0.379828 0.477008 0.0123438 0.0174531
0 0.194023 0.784414 0.0812344 0.0507656
0 0.178359 0.743703 0.0372188 0.0497812
0 0.342281 0.754383 0.0817812 0.0521719
0 0.389414 0.713727 0.0274219 0.0435469
0 0.469109 0.662641 0.0355 0.0328437
24 0.433547 0.852656 0.0541875 0.0384062
25 0.240195 0.737031 0.142453 0.160688
25 0.350203 0.634773 0.119219 0.0553906
25 0.0829609 0.825023 0.161328 0.185859
25 0.373594 0.941812 0.275594 0.116375
56 0.565492 0.63607 0.107141 0.0384844
56 0.148953 0.696266 0.0612188 0.059625
56 0.185852 0.905797 0.162703 0.146562
0 0.504727 0.433641 0.00885937 0.0271875
0 0.610758 0.399203 0.00567187 0.024375
0 0.29282 0.447445 0.0119531 0.0106094
25 0.643422 0.723984 0.173469 0.0835
25 0.717961 0.652742 0.152391 0.100422
25 0.566258 0.855023 0.216203 0.178422
25 0.860766 0.935414 0.278469 0.129172
25 0.454211 0.609102 0.108547 0.0520156
25 0.828562 0.563742 0.137656 0.0529531
25 0.850039 0.530172 0.124016 0.0441563
25 0.265625 0.572922 0.0885312 0.0390625
0 0.688625 0.389695 0.0100938 0.0124531
25 0.907797 0.845453 0.179219 0.148063
56 0.545633 0.728305 0.0704844 0.0951406
56 0.446367 0.702242 0.115922 0.0720781
56 0.536766 0.661594 0.111688 0.063625
56 0.0692266 0.715531 0.0827969 0.056375
56 0.395539 0.722359 0.107266 0.0767188
56 0.704812 0.851164 0.0877813 0.0789531
