2 0.671469 0.480576 0.16175 0.0424068
2 0.370867 0.495025 0.0578281 0.021339
0 0.251734 0.242136 0.322813 0.235254
0 0.577531 0.435381 0.04175 0.127814
0 0.778766 0.455008 0.0640312 0.0831356
0 0.818633 0.417958 0.0696094 0.160593
0 0.0543125 0.473669 0.021 0.0808983
0 0.0786094 0.456949 0.0314688 0.112542
0 0.0266641 0.481407 0.0317969 0.0680678
36 0.397891 0.282822 0.106375 0.152729
2 0.866758 0.48489 0.125453 0.0237119
36 0.750828 0.467559 0.0324375 0.0187797
0 0.126594 0.45278 0.0336875 0.114271
0 0.00439844 0.486203 0.00873437 0.0500678
2 0.465641 0.492432 0.0812812 0.0224576
