2 0.936742 0.27329 0.104047 0.169813
7 0.520914 0.471136 0.740328 0.740492
0 0.103664 0.414368 0.146578 0.454356
0 0.300305 0.261628 0.0625781 0.15192
0 0.367008 0.24945 0.0715156 0.124005
0 0.818109 0.242494 0.022375 0.109719
67 0.253312 0.213607 0.0158438 0.0172834
0 0.84493 0.244028 0.0322031 0.0674005
0 0.708172 0.237564 0.0731875 0.126932
0 0.428781 0.200433 0.0658438 0.156464
0 0.247172 0.286522 0.0654375 0.24007
0 0.920375 0.204906 0.0221875 0.0557611
0 0.192188 0.294813 0.0658125 0.271967
0 0.0375156 0.415597 0.0728125 0.319953
0 0.97668 0.30377 0.0466406 0.368056
0 0.141313 0.296007 0.0516563 0.19904
39 0.0367188 0.346604 0.0200313 0.057096
