0 0.880417 0.458781 0.230208 0.585187
28 0.451531 0.572031 0.286104 0.320531
28 0.19925 0.566289 0.110875 0.134828
28 0.473615 0.886234 0.175562 0.2215
28 0.294187 0.865633 0.229875 0.268734
28 0.211656 0.430781 0.146187 0.0738437
24 0.871531 0.84375 0.256937 0.268219
28 0.235333 0.321094 0.03725 0.0439688
28 0.309594 0.572281 0.140229 0.200656
28 0.0954896 0.929688 0.184021 0.117188
28 0.416312 0.361164 0.086 0.0447344
28 0.165865 0.341602 0.0525625 0.0445469
28 0.112896 0.455687 0.092875 0.161062
