56 0.15704 0.38692 0.10672 0.20408
0 0.34916 0.230667 0.16948 0.428107
0 0.45927 0.318533 0.11966 0.537067
0 0.01797 0.234133 0.03422 0.184267
41 0.78978 0.21628 0.02392 0.0575733
65 0.48989 0.24988 0.0385 0.0369867
65 0.41927 0.222853 0.01182 0.0192533
0 0.04933 0.187267 0.09866 0.23688
32 0.45293 0.914573 0.0381 0.0515467
56 0.24603 0.406987 0.06062 0.0808
56 0.65698 0.35052 0.03376 0.20344
0 0.79446 0.3906 0.1896 0.633093
65 0.49243 0.210253 0.01114 0.00925333
65 0.01574 0.313467 0.01044 0.0213867
16 0.52913 0.888187 0.1289 0.15696
16 0.60722 0.79392 0.10468 0.134987
16 0.28798 0.74352 0.11108 0.11984
0 0.56303 0.346853 0.17478 0.69184
