0 0.153711 0.730141 0.0279219 0.0856674
0 0.124625 0.747073 0.02225 0.0540984
0 0.434008 0.727354 0.0281719 0.102576
0 0.261625 0.682026 0.0764688 0.3663
0 0.719695 0.751803 0.0138594 0.0474941
29 0.417445 0.364871 0.0327969 0.0179859
0 0.833523 0.737166 0.0261406 0.0902576
0 0.756609 0.747166 0.019375 0.0693208
0 0.623539 0.738489 0.0318281 0.0859251
0 0.905164 0.753642 0.0182969 0.0638642
0 0.590719 0.757365 0.0145937 0.0261124
0 0.991344 0.746581 0.0171875 0.0794379
0 0.304313 0.746827 0.0174375 0.0277049
0 0.706484 0.756967 0.00659375 0.0286885
