41 0.44984 0.142253 0.1138 0.0590133
41 0.59183 0.06288 0.14238 0.122773
41 0.28904 0.155053 0.15 0.17976
54 0.41435 0.70204 0.14842 0.162427
54 0.39358 0.61824 0.1554 0.17344
54 0.54859 0.630333 0.14326 0.141573
54 0.53766 0.541093 0.14728 0.143573
54 0.37753 0.533787 0.1571 0.139627
54 0.52288 0.461333 0.12852 0.14032
54 0.44138 0.77608 0.1592 0.134987
66 0.89409 0.514253 0.21182 0.328507
54 0.62178 0.47552 0.076 0.175253
54 0.69806 0.412933 0.11692 0.140213
54 0.58148 0.72988 0.15912 0.156293
