13 0.971875 0.608788 0.05625 0.091225
13 0.491617 0.637463 0.0487969 0.079375
13 0.275922 0.6287 0.0385625 0.0617
13 0.191523 0.6108 0.0326719 0.04335
0 0.342258 0.566712 0.0166719 0.062375
0 0.388531 0.578287 0.0220938 0.053375
0 0.411656 0.563037 0.0250625 0.076775
0 0.428 0.565375 0.00965625 0.05335
13 0.347016 0.602475 0.0329688 0.05015
56 0.529813 0.608588 0.0324375 0.056775
56 0.449336 0.568725 0.0145156 0.0375
56 0.474344 0.572075 0.01775 0.03115
56 0.496906 0.5707 0.0150937 0.0338
13 0.531125 0.606237 0.03175 0.055075
56 0.538852 0.565138 0.0135156 0.031275
56 0.394398 0.5906 0.0146094 0.03115
56 0.345437 0.601038 0.0300938 0.047225
