0 0.28568 0.670792 0.362359 0.635958
0 0.311914 0.551615 0.200641 0.228604
0 0.910391 0.798875 0.179219 0.379792
0 0.792867 0.670854 0.196453 0.658292
77 0.196117 0.438354 0.136609 0.236542
77 0.230773 0.298469 0.0610469 0.0991875
77 0.469008 0.294385 0.0432031 0.0665625
77 0.920414 0.19399 0.0366719 0.0387292
77 0.981047 0.227792 0.0374063 0.050875
77 0.839141 0.46475 0.146063 0.412
0 0.784156 0.300365 0.0562813 0.0941458
0 0.291938 0.40975 0.057125 0.137083
0 0.331562 0.503958 0.0908438 0.197292
0 0.0299531 0.417917 0.0599063 0.096625
0 0.694445 0.329031 0.0564531 0.0613958
77 0.508242 0.311063 0.0963281 0.101125
77 0.396742 0.304677 0.0447969 0.0548542
0 0.808766 0.305333 0.0470625 0.0673333
0 0.148922 0.57026 0.052625 0.0876875
0 0.63957 0.311937 0.0361719 0.115083
77 0.463633 0.5065 0.233766 0.35325
0 0.0456719 0.597313 0.0913438 0.279042
