67 0.587026 0.133554 0.133595 0.0458333
41 0.74817 0.249363 0.21098 0.223235
41 0.298423 0.120498 0.204951 0.18469
41 0.0781944 0.184085 0.153873 0.149477
41 0.442467 0.175564 0.121176 0.124363
46 0.742721 0.580049 0.192598 0.292418
46 0.931422 0.669886 0.137157 0.127549
60 0.501127 0.548758 0.997745 0.869641
0 0.819101 0.138203 0.361797 0.267418
41 0.905196 0.361038 0.168824 0.181814
46 0.90402 0.566781 0.130523 0.102843
53 0.422623 0.373113 0.22031 0.0941667
53 0.367533 0.274028 0.340261 0.148056
