32 0.154109 0.370021 0.00909375 0.00933333
32 0.163164 0.342021 0.00729687 0.0095
32 0.174461 0.335448 0.00714063 0.00735417
32 0.138109 0.336906 0.00690625 0.00914583
32 0.124016 0.335792 0.00528125 0.00608333
32 0.0939219 0.337562 0.00471875 0.00695833
32 0.0694687 0.348469 0.00621875 0.0064375
32 0.0425547 0.330479 0.00542188 0.006875
32 0.840258 0.382667 0.00954687 0.0127083
32 0.0628047 0.329875 0.00485937 0.00533333
32 0.85325 0.394938 0.00959375 0.010875
32 0.996727 0.417042 0.00626562 0.009
0 0.289695 0.530969 0.292234 0.938062
0 0.538484 0.578656 0.234281 0.842688
0 0.74157 0.589885 0.279766 0.820229
0 0.895812 0.320417 0.0310312 0.151417
24 0.974898 0.405271 0.0457656 0.0315
32 0.882906 0.317833 0.00875 0.0085
38 0.238813 0.854365 0.309469 0.291271
38 0.887578 0.361177 0.0178437 0.0652708
