0 0.219734 0.613493 0.426906 0.661451
0 0.757883 0.401696 0.165016 0.381473
45 0.840484 0.569509 0.109 0.0702232
47 0.494031 0.495558 0.234656 0.425045
47 0.496656 0.252344 0.0345625 0.0578125
47 0.503711 0.306306 0.0362656 0.0427902
47 0.660016 0.583594 0.115875 0.369152
47 0.545055 0.163672 0.0959531 0.0809152
47 0.897211 0.446038 0.0903906 0.0965402
47 0.559797 0.256696 0.0313125 0.0488839
47 0.155523 0.131741 0.152703 0.0608482
47 0.131813 0.194275 0.0385 0.0508259
47 0.603875 0.111083 0.0664687 0.0293973
49 0.729883 0.925469 0.0534844 0.0808929
49 0.828828 0.922734 0.0370937 0.0617634
49 0.910086 0.91106 0.0256094 0.0610045
49 0.924672 0.890937 0.0278438 0.0633482
49 0.900117 0.792176 0.0423281 0.0637723
49 0.864398 0.82923 0.0462969 0.073683
49 0.834391 0.862902 0.0350937 0.0569643
49 0.760969 0.895759 0.0498437 0.0797321
49 0.709234 0.899587 0.0575625 0.0826563
49 0.630164 0.935871 0.102234 0.128259
49 0.760977 0.964308 0.0420156 0.0690625
47 0.373258 0.683996 0.211578 0.298571
47 0.0231953 0.199565 0.0384844 0.0510491
49 0.668023 0.936429 0.0516719 0.0877679
45 0.914102 0.567656 0.0706719 0.0516071
47 0.101391 0.362723 0.202781 0.0561607
49 0.791203 0.940592 0.0422812 0.0862277
