58 0.481687 0.718841 0.109062 0.115246
57 0.637711 0.771546 0.343672 0.334052
56 0.109211 0.834274 0.215766 0.331452
56 0.234086 0.817822 0.176109 0.336909
60 0.0491641 0.885492 0.0983281 0.196792
65 0.553617 0.775656 0.0283281 0.019555
73 0.877758 0.859684 0.0787969 0.0484075
73 0.847539 0.738267 0.0749219 0.0290398
73 0.877617 0.88829 0.0810156 0.0464169
58 0.247625 0.662998 0.06525 0.0836066
58 0.759773 0.522916 0.0768594 0.130468
58 0.799023 0.571815 0.0397344 0.0355738
62 0.941938 0.570105 0.025375 0.065644
63 0.847195 0.740972 0.0799219 0.0352459
