39 0.273367 0.880969 0.0189844 0.0763542
57 0.646773 0.917208 0.693547 0.144083
57 0.350586 0.745167 0.252578 0.140708
57 0.171625 0.88349 0.255 0.231854
0 0.490187 0.578625 0.0535625 0.1085
0 0.417969 0.636427 0.0649375 0.272854
0 0.124258 0.596417 0.0416719 0.164333
0 0.161977 0.606323 0.0571094 0.180063
0 0.493344 0.842479 0.146094 0.263542
0 0.217422 0.673031 0.0775312 0.285396
27 0.176875 0.571625 0.0070625 0.0150417
27 0.184461 0.811031 0.0270469 0.0173125
40 0.202781 0.77449 0.0164687 0.0411458
40 0.40307 0.792813 0.0138906 0.0365
40 0.313891 0.878385 0.0211562 0.0692292
0 0.970969 0.801719 0.0580625 0.181979
0 0.373437 0.685156 0.0643438 0.263271
0 0.550695 0.700875 0.0978906 0.167417
26 0.174633 0.624812 0.0191094 0.093625
27 0.419031 0.571469 0.0130625 0.0413542
41 0.635805 0.846427 0.0171719 0.0436458
73 0.592703 0.850802 0.0699375 0.0407292
73 0.627914 0.794562 0.0599531 0.021125
0 0.217016 0.824406 0.199406 0.203271
56 0.0476016 0.796021 0.0595156 0.179167
56 0.287859 0.743021 0.120313 0.132875
58 0.151523 0.709167 0.0616719 0.0616667
60 0.518109 0.841771 0.370344 0.13575
0 0.154969 0.547292 0.0257188 0.0547917
