1 0.0920781 0.658052 0.0302812 0.0481875
2 0.391023 0.618802 0.0475781 0.0651458
5 0.653937 0.616844 0.4955 0.316854
0 0.948703 0.647677 0.0541562 0.189646
0 0.122781 0.639271 0.034625 0.0855833
0 0.0139766 0.634958 0.0183906 0.0666667
0 0.983938 0.656219 0.032125 0.164313
0 0.589445 0.566458 0.0191406 0.03325
0 0.498266 0.576135 0.026625 0.0449792
0 0.469961 0.573125 0.0274844 0.0418333
0 0.0615781 0.654427 0.0421562 0.106021
0 0.0113281 0.668719 0.0213438 0.141187
0 0.17643 0.602781 0.00573437 0.0238125
26 0.071875 0.652208 0.017375 0.05575
74 0.0632891 0.278844 0.0277656 0.0397708
26 0.0145156 0.673458 0.0195938 0.0197083
0 0.819578 0.610979 0.0413437 0.0802083
0 0.540758 0.602083 0.0245781 0.0305833
0 0.326422 0.595885 0.019625 0.0373542
1 0.133937 0.682719 0.0745938 0.0463542
