0 0.558013 0.470016 0.372009 0.894844
0 0.0904148 0.324797 0.17131 0.446344
0 0.363286 0.370188 0.160197 0.215937
0 0.799596 0.375805 0.127009 0.197547
0 0.955426 0.368227 0.0865721 0.169734
0 0.436397 0.27932 0.0874672 0.121297
0 0.184017 0.189156 0.116856 0.0863125
28 0.216932 0.776227 0.375568 0.447547
28 0.912784 0.48132 0.117009 0.121328
0 0.22405 0.310453 0.0666594 0.0585
0 0.909945 0.282781 0.0872271 0.095375
0 0.81191 0.273977 0.118231 0.117016
74 0.0485917 0.0926563 0.0962664 0.0552188
0 0.736146 0.259906 0.0656114 0.0919375
0 0.667707 0.257648 0.0699563 0.0855469
0 0.326856 0.299391 0.0667686 0.0681875
