56 0.305234 0.869344 0.189562 0.239391
63 0.432781 0.613044 0.1305 0.166464
68 0.726406 0.510117 0.124438 0.107869
69 0.366984 0.579801 0.140813 0.130515
70 0.770414 0.548326 0.0815781 0.0628806
71 0.932273 0.980515 0.0917969 0.0389696
40 0.920234 0.27911 0.0146875 0.0479625
40 0.897117 0.28103 0.0142969 0.0419204
40 0.930555 0.276792 0.0173281 0.0454801
41 0.197258 0.233267 0.0262031 0.061007
41 0.250961 0.134485 0.0241406 0.0520141
41 0.199898 0.338396 0.0290156 0.0325293
41 0.249922 0.358337 0.038375 0.0157377
56 0.564461 0.800515 0.134391 0.39897
60 0.323195 0.758431 0.403766 0.457143
41 0.190773 0.132506 0.0229531 0.0569555
41 0.24925 0.232377 0.0324688 0.0612881
