9 0.468961 0.532656 0.0755156 0.111854
2 0.753445 0.760729 0.0668281 0.0600833
2 0.678828 0.766156 0.0464375 0.0509375
2 0.602563 0.763948 0.08125 0.0725625
2 0.542938 0.770792 0.0575625 0.0520833
2 0.782242 0.754792 0.0528906 0.066875
2 0.817547 0.756365 0.02775 0.0524792
2 0.842469 0.757375 0.0264062 0.039
2 0.981789 0.896729 0.0364219 0.206542
2 0.913164 0.749896 0.0224219 0.0205
2 0.712773 0.75599 0.0452344 0.0543958
2 0.859328 0.751823 0.0339062 0.0381458
2 0.897367 0.750646 0.0190156 0.0283333
