58 0.775344 0.816209 0.0623125 0.119695
62 0.673453 0.57412 0.122156 0.155282
57 0.180359 0.772042 0.346406 0.434413
73 0.309305 0.555587 0.00448438 0.0362441
73 0.32075 0.588732 0.03475 0.00713615
73 0.321141 0.636138 0.00584375 0.0108685
56 0.466234 0.648427 0.169156 0.264554
65 0.298828 0.903427 0.0634062 0.0273239
65 0.265797 0.933462 0.0514375 0.0228873
73 0.265547 0.605317 0.0044375 0.0399765
73 0.358914 0.557523 0.00592188 0.0415728
73 0.350055 0.510646 0.0307969 0.0457981
73 0.32182 0.596925 0.0349844 0.0100469
73 0.360297 0.615 0.0043125 0.0319249
75 0.843273 0.832207 0.0764531 0.234225
74 0.881734 0.494695 0.0198125 0.0617371
73 0.33018 0.516127 0.00592188 0.0311268
73 0.33175 0.557347 0.00646875 0.0411268
73 0.348391 0.614965 0.00403125 0.0288967
