56 0.0613984 0.179048 0.119422 0.270272
60 0.500836 0.492134 0.998328 0.984268
0 0.203922 0.426967 0.401125 0.620209
40 0.895414 0.212364 0.179578 0.415732
41 0.76732 0.180366 0.0939531 0.216632
42 0.460789 0.22931 0.270172 0.0748536
43 0.462414 0.244697 0.264234 0.0373013
43 0.676937 0.268002 0.0652188 0.141318
45 0.511656 0.24432 0.273969 0.148682
53 0.505492 0.617113 0.977328 0.601339
45 0.949711 0.283818 0.100578 0.170063
56 0.629992 0.089069 0.370484 0.178138
56 0.182922 0.104404 0.111844 0.0766318
