0 0.523078 0.583028 0.0543438 0.184111
0 0.630031 0.585819 0.03975 0.191806
36 0.660562 0.663236 0.0428125 0.02125
36 0.510859 0.674889 0.02425 0.0213333
0 0.464773 0.551278 0.0215469 0.1165
0 0.650336 0.565903 0.0232969 0.218694
36 0.429633 0.650653 0.0242656 0.01825
0 0.472758 0.545722 0.0121719 0.101556
0 0.317703 0.549028 0.01925 0.124944
0 0.236773 0.576819 0.0207969 0.0866944
0 0.263531 0.571958 0.0275938 0.08775
0 0.293961 0.553375 0.0287656 0.127306
0 0.128062 0.569903 0.0276875 0.114861
14 0.895586 0.388583 0.0132656 0.0161111
0 0.669555 0.57 0.0253281 0.196056
0 0.159891 0.576903 0.027375 0.0870278
