27 0.948367 0.695679 0.0798906 0.208971
32 0.988477 0.5918 0.0230469 0.0545062
38 0.636195 0.410082 0.0931719 0.19
0 0.801187 0.51573 0.148469 0.226975
0 0.0819062 0.259558 0.163812 0.402243
0 0.39675 0.513488 0.469281 0.973025
0 0.744875 0.389887 0.186 0.33035
0 0.972195 0.232459 0.0556094 0.366111
0 0.621945 0.521739 0.201734 0.209897
0 0.570875 0.378899 0.0943438 0.258416
0 0.38907 0.168981 0.150172 0.164053
0 0.596594 0.219805 0.222656 0.303971
0 0.794883 0.223591 0.187172 0.391008
67 0.0693906 0.405617 0.016875 0.0165844
0 0.897547 0.711265 0.203094 0.570597
0 0.440836 0.547912 0.160859 0.169321
0 0.917281 0.396595 0.165437 0.351091
