2 0.365938 0.407862 0.199875 0.146051
2 0.912977 0.405689 0.0672656 0.0692757
2 0.815375 0.400584 0.0502812 0.150374
24 0.711586 0.339322 0.124734 0.319112
28 0.801484 0.639696 0.102469 0.223505
2 0.992117 0.347336 0.0134219 0.0185514
2 0.865359 0.409825 0.0195938 0.0204439
2 0.95207 0.369416 0.0150469 0.0165421
0 0.710828 0.482021 0.195375 0.793248
2 0.981102 0.409136 0.0342031 0.0392991
2 0.950758 0.408318 0.0157031 0.0390187
2 0.99293 0.366554 0.0134844 0.0157243
2 0.963203 0.359533 0.0120625 0.0163084
2 0.96143 0.413832 0.00582812 0.0174299
