62 0.517578 0.4147 0.107344 0.13945
62 0.429406 0.42105 0.0664687 0.0993
56 0.349461 0.713988 0.354828 0.473125
0 0.407703 0.433162 0.245156 0.339425
0 0.384984 0.256037 0.0380937 0.062075
58 0.155766 0.425425 0.103781 0.20015
58 0.681867 0.44585 0.0480469 0.31095
58 0.651266 0.186125 0.0484375 0.06425
64 0.522391 0.567813 0.0107813 0.007625
66 0.460836 0.521075 0.0983906 0.0498
73 0.0563672 0.701588 0.0911094 0.052175
73 0.0350156 0.525913 0.0663438 0.016575
73 0.898172 0.774588 0.0912813 0.103375
73 0.0295156 0.605237 0.0375 0.127125
73 0.0351172 0.501675 0.0702344 0.01965
73 0.0573516 0.611575 0.0520469 0.12245
41 0.976727 0.770988 0.0465469 0.107725
41 0.633094 0.519725 0.01075 0.0516
66 0.979195 0.8959 0.0416094 0.09705
73 0.0345703 0.610525 0.0232656 0.1247
73 0.0106641 0.6079 0.0194531 0.1213
0 0.0142422 0.262212 0.0282031 0.059625
56 0.405977 0.6167 0.139547 0.2413
73 0.0498906 0.770913 0.0742812 0.025275
73 0.0508203 0.733675 0.0720156 0.0474
62 0.742188 0.291837 0.05325 0.040225
73 0.0355391 0.469938 0.0710781 0.047725
56 0.765797 0.815488 0.29325 0.277325
