16 0.0738906 0.790815 0.0551562 0.0589227
18 0.790945 0.855414 0.0779531 0.157735
18 0.672016 0.810207 0.0294687 0.0651105
18 0.937234 0.892472 0.086375 0.163453
18 0.909813 0.859116 0.066625 0.115635
18 0.880664 0.828246 0.0342344 0.0870994
18 0.570391 0.880262 0.0655937 0.134282
18 0.706203 0.845497 0.06725 0.147901
18 0.845562 0.853163 0.0415312 0.155055
18 0.893148 0.766381 0.0290781 0.0428177
18 0.0752109 0.789406 0.0592969 0.064779
18 0.640336 0.78482 0.0242344 0.0428453
18 0.852781 0.728881 0.0224375 0.0230663
18 0.922008 0.754517 0.0311094 0.0537293
