31 0.735583 0.607867 0.176792 0.685391
31 0.561792 0.723594 0.170792 0.382031
0 0.452813 0.635164 0.187917 0.549328
0 0.662167 0.536758 0.353583 0.777422
0 0.129115 0.455047 0.0889375 0.110625
0 0.0831771 0.418219 0.0259792 0.0529687
0 0.0408229 0.384445 0.0221042 0.0482031
0 0.316188 0.452297 0.0459583 0.0685625
0 0.846073 0.461563 0.0436875 0.115406
30 0.130625 0.508359 0.144542 0.0157188
30 0.305667 0.486187 0.0482917 0.006875
0 0.967615 0.448484 0.0647708 0.150313
0 0.384115 0.451484 0.0425625 0.0888437
30 0.0777188 0.445523 0.0105625 0.00432813
30 0.379615 0.495508 0.0736875 0.00557812
