56 0.17108 0.86064 0.09092 0.13872
0 0.59101 0.513627 0.81798 0.95056
0 0.32786 0.552253 0.19356 0.26616
0 0.45758 0.515733 0.059 0.137067
0 0.06184 0.614 0.05952 0.158133
0 0.22663 0.574373 0.10314 0.183733
0 0.91033 0.467453 0.11046 0.383867
52 0.27666 0.724427 0.12728 0.0740267
0 0.12047 0.66152 0.09138 0.247893
0 0.56613 0.69076 0.0999 0.180773
56 0.10619 0.934533 0.09886 0.127573
0 0.16911 0.452053 0.0239 0.0465067
0 0.37462 0.474533 0.0476 0.06032
0 0.06026 0.80736 0.11552 0.38528
0 0.27049 0.521453 0.0857 0.171547
0 0.27888 0.367373 0.01212 0.01672
56 0.38002 0.783333 0.10292 0.227573
