32 0.451703 0.540411 0.01425 0.0211972
32 0.14432 0.729425 0.00507813 0.00795775
0 0.709359 0.707758 0.217594 0.340775
13 0.37457 0.672113 0.0820781 0.0678404
38 0.781281 0.730399 0.0946562 0.0815023
32 0.123211 0.687876 0.00476562 0.00640845
32 0.195875 0.708556 0.0061875 0.00852113
32 0.228078 0.690282 0.00446875 0.00657277
32 0.395469 0.728263 0.0055 0.00943662
32 0.0713594 0.727171 0.00675 0.00946009
32 0.277578 0.694624 0.00525 0.00732394
32 0.314445 0.695974 0.00492188 0.00542254
2 0.86625 0.64034 0.101406 0.0323239
32 0.263031 0.69 0.388719 0.313333
32 0.125031 0.726831 0.0074375 0.0111737
