41 0.782172 0.0401875 0.0784062 0.0789583
46 0.600742 0.488729 0.106797 0.119625
46 0.709734 0.490969 0.063875 0.123271
46 0.803875 0.523427 0.0693438 0.107104
46 0.693531 0.194167 0.07675 0.054625
46 0.626969 0.18825 0.0589063 0.06
49 0.125836 0.344781 0.0366406 0.0446458
49 0.155125 0.180938 0.124438 0.0992917
49 0.141812 0.309333 0.034875 0.0417917
49 0.0645625 0.331365 0.122063 0.169813
47 0.499672 0.328448 0.155906 0.172729
47 0.498188 0.116396 0.0333437 0.0386667
47 0.354328 0.321625 0.159812 0.210208
47 0.784164 0.637698 0.0535156 0.0541458
47 0.528812 0.13374 0.141906 0.145979
47 0.646219 0.559625 0.04925 0.0543333
47 0.67632 0.635573 0.0487031 0.0544792
47 0.643484 0.584156 0.0485312 0.0319375
47 0.695016 0.561094 0.048875 0.0696875
47 0.736586 0.576458 0.0480156 0.0582917
47 0.755852 0.564365 0.0427656 0.0470625
47 0.830633 0.619948 0.0520469 0.0631875
47 0.781398 0.594844 0.0494844 0.0406875
49 0.122641 0.27574 0.0306875 0.0386875
