62 0.325094 0.635953 0.338562 0.224719
64 0.505219 0.782797 0.0626458 0.0364063
64 0.754135 0.821531 0.0598125 0.0438438
66 0.47326 0.845734 0.405604 0.0684687
73 0.105552 0.534945 0.0381458 0.111578
73 0.0591771 0.515047 0.0576458 0.155344
73 0.0776146 0.536891 0.0457708 0.112531
39 0.950979 0.830125 0.0980417 0.150469
62 0.643792 0.652937 0.335583 0.222781
65 0.0812187 0.769664 0.0419375 0.0287969
73 0.18426 0.508234 0.0370208 0.0596875
73 0.114062 0.789125 0.228125 0.100125
56 0.322937 0.930531 0.51175 0.138937
