3 0.36225 0.517442 0.179656 0.197044
3 0.196547 0.502853 0.179625 0.166889
3 0.948898 0.50563 0.0749531 0.131414
3 0.578797 0.491414 0.0640625 0.114499
3 0.430781 0.463895 0.03825 0.083162
0 0.899398 0.20045 0.0273906 0.101362
0 0.206656 0.440835 0.0920312 0.302802
0 0.0430313 0.407866 0.075125 0.312339
0 0.131508 0.365476 0.0640469 0.246632
0 0.311734 0.321427 0.0245 0.114679
0 0.188078 0.203496 0.022 0.0557841
0 0.362383 0.421414 0.107484 0.251054
0 0.501086 0.437275 0.103453 0.259229
0 0.383484 0.387262 0.0500938 0.123162
0 0.930508 0.461799 0.0672344 0.223342
0 0.72468 0.336979 0.0231406 0.116787
0 0.244344 0.331375 0.08475 0.174062
3 0.517195 0.490681 0.108047 0.181877
3 0.368172 0.41955 0.03825 0.0512853
0 0.575445 0.437249 0.0762656 0.221594
25 0.585641 0.261491 0.0286563 0.0186632
27 0.135141 0.299653 0.00890625 0.0225964
