1 0.207073 0.891523 0.123312 0.103891
3 0.758125 0.874562 0.176458 0.093125
3 0.905125 0.872039 0.105958 0.120234
3 0.908437 0.687547 0.145667 0.0601563
3 0.153542 0.633422 0.0542083 0.0664687
3 0.245188 0.721844 0.07025 0.0982813
3 0.116385 0.594117 0.0586458 0.0536719
3 0.0606562 0.542805 0.0373542 0.0409219
0 0.188094 0.858773 0.0524375 0.124359
0 0.957479 0.911117 0.0849583 0.128047
0 0.54976 0.72982 0.0306875 0.0984844
0 0.0560729 0.606062 0.0398125 0.0759062
0 0.979865 0.727539 0.0402708 0.0977031
0 0.00888542 0.653852 0.0166875 0.0738594
24 0.0155521 0.600289 0.0203542 0.0343281
0 0.0194792 0.607992 0.0340417 0.0808906
0 0.99401 0.810578 0.0119792 0.0707812
3 0.303573 0.765656 0.0598125 0.111312
