0 0.53207 0.950896 0.210453 0.0982075
33 0.263453 0.23954 0.126344 0.21309
0 0.278484 0.973054 0.0256563 0.0538915
0 0.318797 0.973137 0.0115 0.0439623
0 0.115836 0.953561 0.00754687 0.0184434
0 0.0983906 0.966474 0.0085 0.0225708
0 0.14582 0.965483 0.00726563 0.0129009
0 0.184188 0.969623 0.0320312 0.0607547
0 0.0415391 0.968042 0.0643594 0.0639151
0 0.404336 0.973679 0.0236094 0.0526415
0 0.115172 0.986191 0.0217188 0.026533
0 0.373844 0.962972 0.00925 0.039434
0 0.928164 0.987972 0.0165781 0.0240566
0 0.390859 0.975943 0.005375 0.0186792
