17 0.474836 0.621467 0.639203 0.58673
17 0.699906 0.592105 0.220844 0.460925
1 0.0956562 0.686691 0.145063 0.206013
2 0.947617 0.534482 0.104766 0.168102
0 0.440055 0.4476 0.217953 0.442695
0 0.500203 0.34874 0.112219 0.202584
0 0.83757 0.647432 0.223859 0.697863
0 0.168516 0.559601 0.100625 0.27193
0 0.0235625 0.554139 0.0429062 0.0918501
0 0.0487422 0.559434 0.0329844 0.128341
2 0.948148 0.453022 0.103453 0.0624721
0 0.231359 0.488469 0.0203438 0.0274322
0 0.924242 0.44862 0.0117969 0.0112759
