62 0.718906 0.474227 0.475604 0.259797
62 0.281333 0.481633 0.458208 0.258891
64 0.874938 0.887523 0.0989583 0.0629531
73 0.469271 0.7025 0.567333 0.207563
73 0.318427 0.219578 0.0579792 0.168313
66 0.448979 0.902508 0.64825 0.114297
73 0.219042 0.220617 0.0359167 0.170672
73 0.192729 0.225062 0.0322917 0.162281
73 0.24126 0.222023 0.0323542 0.168609
73 0.265281 0.222672 0.0280625 0.168313
73 0.289469 0.230922 0.0326042 0.1605
73 0.360062 0.252625 0.0591667 0.106531
73 0.46026 0.0563359 0.261313 0.0247656
