1 0.655406 0.872787 0.17575 0.254426
1 0.86293 0.788782 0.231703 0.280703
1 0.117906 0.802799 0.235812 0.228454
0 0.260547 0.718689 0.0424375 0.188244
0 0.51818 0.71678 0.114203 0.497775
1 0.446719 0.784696 0.275438 0.228454
25 0.932406 0.566546 0.135187 0.11192
46 0.661523 0.538747 0.0478906 0.0472834
46 0.173852 0.602822 0.0665781 0.085644
46 0.592852 0.528571 0.0547969 0.0720375
46 0.608797 0.652494 0.0144375 0.0125293
46 0.629898 0.519906 0.0546719 0.0795785
46 0.658266 0.712845 0.0751563 0.0723419
46 0.628344 0.655105 0.033 0.0250117
46 0.654617 0.612049 0.0477969 0.0787119
46 0.698461 0.530515 0.0886719 0.0793443
46 0.173023 0.749251 0.0600469 0.088993
46 0.595969 0.613489 0.0794688 0.0988759
1 0.987445 0.782295 0.0251094 0.107541
46 0.154016 0.665386 0.0253125 0.0379391
0 0.972875 0.618595 0.0289687 0.0626698
46 0.592539 0.70274 0.0792031 0.0834192
