41 0.545235 0.502242 0.0844131 0.0606719
71 0.872782 0.276508 0.254437 0.0509844
43 0.574331 0.290422 0.0465493 0.190375
43 0.422465 0.285055 0.0338028 0.185859
43 0.36939 0.27843 0.0341315 0.161422
71 0.205939 0.611984 0.411878 0.132594
39 0.781138 0.674641 0.0963615 0.0835313
43 0.524272 0.374234 0.034507 0.157
43 0.300669 0.283336 0.0481925 0.166328
43 0.239049 0.292594 0.0502113 0.184281
43 0.496573 0.279453 0.0714085 0.14375
43 0.351913 0.406281 0.0182864 0.1045
43 0.28892 0.380398 0.0140845 0.0446094
