0 0.843557 0.135969 0.194153 0.214219
0 0.84879 0.341422 0.207151 0.365687
28 0.493659 0.208898 0.180652 0.0795156
28 0.382905 0.315703 0.108417 0.170187
28 0.594553 0.611484 0.169106 0.146406
28 0.730596 0.28982 0.084432 0.112703
28 0.927998 0.351687 0.0830354 0.141562
28 0.645689 0.342523 0.13216 0.173266
24 0.469302 0.283312 0.0830726 0.0922813
24 0.559497 0.274391 0.109348 0.067125
26 0.605093 0.21725 0.096257 0.0792812
28 0.669497 0.23168 0.061825 0.0486406
28 0.456862 0.36493 0.104115 0.112641
28 0.544088 0.372063 0.0781192 0.06875
