74 0.47865 0.302813 0.23258 0.303387
74 0.13047 0.50572 0.06546 0.111013
0 0.88989 0.906747 0.12134 0.182027
0 0.79626 0.934667 0.09628 0.130667
0 0.97261 0.92676 0.05478 0.14648
0 0.64972 0.933707 0.07584 0.1056
0 0.74784 0.952667 0.06184 0.0946667
0 0.3966 0.911587 0.14112 0.176827
0 0.36985 0.927547 0.04306 0.06272
0 0.33347 0.937053 0.03562 0.0257333
0 0.03876 0.959547 0.06404 0.0809067
0 0.15754 0.9608 0.07116 0.0784
0 0.5267 0.922013 0.19728 0.155973
0 0.26829 0.946627 0.10198 0.106747
0 0.23479 0.949533 0.05694 0.100933
74 0.50452 0.648933 0.1764 0.28864
