25 0.570656 0.479022 0.273719 0.0955128
0 0.821781 0.694704 0.127969 0.383606
0 0.749008 0.606186 0.0942031 0.131058
0 0.604789 0.588125 0.171016 0.191346
0 0.481555 0.652676 0.0684219 0.113686
26 0.634539 0.597179 0.0945156 0.115321
26 0.806148 0.605785 0.0724531 0.128622
46 0.397422 0.425929 0.0371875 0.09
46 0.536453 0.384511 0.0968437 0.112965
46 0.632352 0.372933 0.0798281 0.0438782
46 0.687531 0.383013 0.0304687 0.0724038
46 0.715492 0.412997 0.0349531 0.0286859
46 0.78807 0.385112 0.0725781 0.0733013
46 0.855055 0.387708 0.0576406 0.0659295
46 0.898023 0.457901 0.0891094 0.0664744
46 0.786898 0.458405 0.0480469 0.0522596
46 0.515156 0.451795 0.138125 0.105192
46 0.43107 0.440128 0.0347969 0.0802885
46 0.371789 0.433726 0.0376719 0.100849
47 0.642336 0.7075 0.0429531 0.044359
47 0.587117 0.78101 0.0434219 0.0335577
47 0.591422 0.820152 0.048125 0.0395673
47 0.696297 0.738966 0.0493125 0.0473237
47 0.731711 0.761218 0.0427656 0.0350962
47 0.600852 0.748566 0.0361406 0.044984
47 0.659719 0.77625 0.0533438 0.0451603
47 0.668016 0.753646 0.0425937 0.0239263
47 0.628008 0.816058 0.0296094 0.0371795
47 0.245906 0.797099 0.0621563 0.0420833
47 0.680758 0.701418 0.0433594 0.0448878
49 0.61543 0.653301 0.0265469 0.0266667
49 0.638586 0.655505 0.0310156 0.0217468
46 0.397711 0.458373 0.0632969 0.0921635
47 0.637773 0.734655 0.0500469 0.0401122
