2 0.316937 0.768322 0.522781 0.426714
4 0.913445 0.555556 0.0835469 0.071773
0 0.594352 0.685556 0.0508906 0.245012
0 0.230305 0.582979 0.0135469 0.0524823
0 0.0973047 0.577329 0.0115781 0.0525296
0 0.0701328 0.570248 0.00707813 0.0411584
0 0.0569922 0.576643 0.00907812 0.0437352
0 0.18193 0.582411 0.0111406 0.0514894
0 0.161492 0.563605 0.00551562 0.022435
0 0.0778672 0.575189 0.0129219 0.0503783
0 0.20218 0.586182 0.0137969 0.0430024
0 0.9455 0.590461 0.0134062 0.0445154
0 0.988305 0.580047 0.00648438 0.0219858
0 0.208344 0.563593 0.0059375 0.0186288
0 0.0882422 0.580898 0.0100469 0.0471395
