17 0.0825703 0.655346 0.127422 0.364892
17 0.277945 0.621537 0.0476719 0.423506
17 0.386688 0.641645 0.0565 0.386494
17 0.485414 0.656797 0.0751719 0.369004
17 0.573992 0.622013 0.0993906 0.426364
17 0.694023 0.617965 0.0595781 0.441991
17 0.780727 0.637468 0.0699219 0.406537
17 0.861945 0.621342 0.0532969 0.4529
17 0.93043 0.62684 0.0505781 0.445108
17 0.174859 0.608723 0.0778125 0.448701
0 0.0774766 0.475693 0.0527656 0.366623
0 0.276414 0.471688 0.0733906 0.347013
0 0.391781 0.485087 0.076125 0.369048
0 0.642242 0.62316 0.0506719 0.428225
0 0.763242 0.489459 0.0584844 0.31684
0 0.171141 0.464048 0.071375 0.357273
0 0.862336 0.471905 0.0817344 0.381991
0 0.564492 0.620455 0.0598281 0.431905
0 0.479266 0.48697 0.0535625 0.329784
0 0.579195 0.397381 0.0400469 0.17987
0 0.693445 0.39539 0.0612969 0.246017
0 0.936781 0.476126 0.077875 0.354935
