0 0.497109 0.527063 0.442375 0.785221
0 0.0649766 0.245769 0.108297 0.362494
0 0.921828 0.0358858 0.0515938 0.0717716
34 0.220602 0.203403 0.209703 0.198648
35 0.269867 0.563951 0.0751094 0.122448
0 0.971281 0.0439277 0.051 0.0878555
0 0.0499922 0.0258741 0.0660469 0.0517483
0 0.119953 0.347809 0.130656 0.252681
0 0.186844 0.0228788 0.0599688 0.0455711
0 0.154219 0.701492 0.307094 0.549138
0 0.0363203 0.257179 0.0726406 0.376084
0 0.103117 0.0247203 0.0583594 0.0494406
0 0.231461 0.0245688 0.0469844 0.0429837
0 0.589398 0.0177739 0.0703906 0.0349883
0 0.277875 0.021352 0.0485 0.042704
