39 0.510484 0.15449 0.05 0.219354
39 0.389266 0.515063 0.0798125 0.26675
39 0.471305 0.479677 0.0756719 0.334062
56 0.756711 0.220573 0.171141 0.310979
60 0.549828 0.594594 0.896969 0.788271
0 0.440734 0.49326 0.871344 0.982021
43 0.770258 0.691937 0.203484 0.229792
45 0.672969 0.431438 0.153531 0.165458
45 0.415703 0.140875 0.11275 0.186958
53 0.851961 0.55325 0.264609 0.267417
53 0.597477 0.677521 0.261234 0.168542
0 0.971977 0.670656 0.0560469 0.251104
43 0.978641 0.518062 0.0427187 0.01775
56 0.56918 0.0469688 0.103203 0.0939375
