25 0.458477 0.511207 0.0354531 0.0345768
25 0.498102 0.512147 0.0340469 0.0333229
25 0.524195 0.523809 0.0357031 0.0657367
25 0.783023 0.515251 0.0495781 0.0788401
0 0.759109 0.683197 0.017625 0.0634483
0 0.230344 0.549013 0.013625 0.054953
0 0.154102 0.540204 0.0118594 0.0317555
0 0.189781 0.543401 0.0093125 0.0214734
0 0.254969 0.53326 0.00840625 0.0329781
0 0.340945 0.539577 0.0113906 0.0465517
0 0.632281 0.542696 0.0145625 0.0337304
25 0.717844 0.503354 0.0510312 0.0397492
25 0.685445 0.501082 0.0353281 0.0310658
25 0.634945 0.505611 0.0463281 0.0410658
25 0.614203 0.502335 0.029 0.0315047
0 0.660547 0.629718 0.01025 0.0102821
0 0.710516 0.564781 0.0116875 0.0441693
0 0.145078 0.561473 0.0102188 0.0388715
0 0.16568 0.557461 0.00876563 0.0504075
0 0.245742 0.550313 0.0102969 0.0537931
25 0.558719 0.524389 0.0107813 0.065768
25 0.979734 0.516395 0.0405313 0.0661442
25 0.173766 0.498574 0.07775 0.0997806
25 0.198461 0.520361 0.0222031 0.0272414
0 0.138852 0.544154 0.00698437 0.0181505
25 0.406164 0.492759 0.0654531 0.101317
