0 0.344984 0.401417 0.16475 0.459542
0 0.690438 0.3425 0.199656 0.483208
63 0.683859 0.305052 0.0840937 0.0492708
24 0.437844 0.864542 0.152469 0.270917
26 0.89943 0.353802 0.0848281 0.159562
26 0.964359 0.375219 0.062875 0.0281875
28 0.703375 0.462729 0.106656 0.215125
28 0.511695 0.742188 0.123234 0.32475
13 0.196023 0.689552 0.392047 0.528104
28 0.467273 0.503219 0.119266 0.188021
67 0.972359 0.387542 0.0183437 0.0200833
73 0.37957 0.366385 0.0637656 0.0466042
73 0.512672 0.574917 0.139906 0.0799583
73 0.0519609 0.42675 0.103734 0.0629583
0 0.920961 0.459969 0.158078 0.285562
13 0.206281 0.477031 0.290375 0.293896
26 0.454969 0.356885 0.113875 0.131229
57 0.191664 0.664198 0.383328 0.671604
