16 0.495602 0.512854 0.257359 0.631208
0 0.359797 0.414417 0.185812 0.592333
73 0.610117 0.0499896 0.0124844 0.0999792
73 0.678984 0.245698 0.0179063 0.140687
73 0.705094 0.439198 0.04925 0.150729
73 0.660078 0.448698 0.0198438 0.124562
73 0.679133 0.436271 0.0366719 0.150458
73 0.617922 0.0503125 0.0106563 0.100625
73 0.648523 0.446229 0.0192969 0.117042
73 0.534555 0.0527708 0.425453 0.105542
73 0.698102 0.447042 0.0452344 0.135917
73 0.621617 0.44025 0.0208594 0.121583
73 0.697992 0.23675 0.0305156 0.171
73 0.361273 0.41351 0.0170781 0.120187
78 0.323195 0.325448 0.0961094 0.0528125
73 0.34657 0.402292 0.0178906 0.0960417
