3 0.467417 0.506742 0.868917 0.964047
0 0.872323 0.0858281 0.109729 0.171594
0 0.228542 0.138156 0.0882917 0.231438
0 0.554469 0.0959766 0.0806042 0.162328
0 0.459208 0.115609 0.113042 0.188188
0 0.0861771 0.316773 0.172354 0.307141
0 0.793646 0.0539297 0.0480833 0.0628281
0 0.297063 0.156852 0.197667 0.313703
0 0.175458 0.0962266 0.0850417 0.186359
0 0.683146 0.119102 0.21575 0.238203
0 0.339083 0.02825 0.0359167 0.0166875
3 0.912573 0.257875 0.174854 0.265062
0 0.126802 0.103617 0.0644792 0.126703
0 0.0675313 0.116883 0.135063 0.202609
0 0.837562 0.0298047 0.0513333 0.0480156
