39 0.804258 0.692792 0.0677656 0.132917
57 0.476961 0.721823 0.758047 0.556354
27 0.638961 0.583156 0.0687969 0.176854
56 0.916109 0.672479 0.167781 0.355708
0 0.477953 0.690021 0.26575 0.619958
0 0.669766 0.63851 0.282094 0.653146
0 0.22925 0.693656 0.227219 0.612687
41 0.769828 0.938521 0.0455625 0.096
65 0.816836 0.616146 0.0429844 0.023875
65 0.50093 0.789833 0.0638281 0.071625
73 0.822937 0.537354 0.108719 0.05525
73 0.835508 0.929833 0.0661094 0.0536667
73 0.52325 0.296844 0.0655625 0.0208542
73 0.421586 0.256469 0.0105156 0.0321458
73 0.437969 0.260167 0.0188125 0.0215
56 0.602508 0.396573 0.0482656 0.0985625
63 0.826148 0.536969 0.113984 0.0541042
