38 0.663273 0.864053 0.228422 0.24494
0 0.929344 0.274952 0.141313 0.328082
0 0.820898 0.333165 0.151266 0.237842
0 0.349992 0.373873 0.115922 0.204964
0 0.603656 0.266043 0.117344 0.18964
0 0.223289 0.346067 0.159609 0.26964
0 0.103227 0.353933 0.127391 0.240432
0 0.471469 0.394376 0.120063 0.164053
0 0.68882 0.357878 0.130016 0.23542
0 0.828242 0.172926 0.116703 0.301535
0 0.485992 0.283357 0.130203 0.285324
0 0.487734 0.656211 0.366938 0.687578
0 0.153742 0.270935 0.0878594 0.208969
0 0.384195 0.296703 0.0882656 0.220168
