27 0.578281 0.678281 0.383521 0.152812
0 0.501865 0.498875 0.985771 0.930344
73 0.942448 0.531766 0.0131875 0.031875
73 0.123708 0.461727 0.0547083 0.188984
73 0.957302 0.281047 0.0688958 0.0539375
73 0.139052 0.631266 0.0364375 0.103531
73 0.110854 0.0741563 0.0659167 0.148313
73 0.975708 0.343266 0.019875 0.048875
73 0.0724792 0.644258 0.021 0.137484
73 0.961365 0.407781 0.0122292 0.0474687
73 0.952979 0.475836 0.011125 0.0404219
73 0.942813 0.595234 0.0195417 0.0335937
73 0.0842292 0.463781 0.0354583 0.179812
73 0.0351354 0.471914 0.0304375 0.160422
