62 0.965016 0.68074 0.0681875 0.222312
56 0.515117 0.556698 0.210578 0.246229
57 0.257828 0.702823 0.495531 0.487104
67 0.872141 0.827781 0.0545625 0.0452292
65 0.534055 0.676854 0.0188594 0.027375
65 0.237352 0.752094 0.0427031 0.0360208
73 0.690469 0.5235 0.0813125 0.104542
73 0.818969 0.546031 0.00959375 0.0536042
73 0.841609 0.456313 0.0070625 0.0742083
73 0.812805 0.633688 0.0173906 0.0811667
65 0.872445 0.828042 0.0524219 0.04625
65 0.913977 0.756729 0.0429844 0.02775
73 0.794312 0.454917 0.0034375 0.0510417
73 0.871859 0.638375 0.01425 0.0789583
73 0.769539 0.628948 0.0102031 0.0751875
73 0.780117 0.627542 0.0126094 0.0789583
73 0.823789 0.456042 0.170922 0.0905
73 0.821984 0.538083 0.1735 0.0837083
73 0.842641 0.642073 0.0099375 0.0720625
73 0.743695 0.621198 0.0225156 0.0872708
65 0.30175 0.714365 0.0227187 0.0179375
65 0.765937 0.825031 0.025625 0.0494375
65 0.669711 0.651115 0.0548281 0.0237708
