27 0.712338 0.69225 0.0296451 0.1285
74 0.607161 0.100234 0.151524 0.115219
26 0.118559 0.497609 0.063215 0.0705625
26 0.207265 0.483406 0.0220877 0.057125
26 0.239415 0.710055 0.019833 0.0742031
26 0.428392 0.689141 0.0250939 0.0295
0 0.119008 0.535023 0.0995198 0.214203
0 0.219228 0.52218 0.0847599 0.194578
0 0.220595 0.715648 0.143445 0.174328
0 0.3681 0.71268 0.160376 0.181984
0 0.677463 0.738555 0.249708 0.420203
0 0.941023 0.846953 0.0441336 0.212469
0 0.620157 0.432203 0.0515449 0.0865313
0 0.568184 0.439367 0.0427557 0.0982969
0 0.343925 0.439945 0.0438831 0.0869219
0 0.394478 0.422359 0.0396451 0.0775625
24 0.260188 0.554016 0.0381211 0.0535625
26 0.637672 0.426625 0.0226514 0.0147813
26 0.240449 0.426438 0.0205219 0.0340937
67 0.294363 0.688984 0.011858 0.00403125
67 0.195511 0.658625 0.00851775 0.011375
0 0.430251 0.42043 0.0309812 0.0703906
0 0.143121 0.425992 0.0428184 0.0832656
26 0.570522 0.439 0.0330271 0.0198125
0 0.168413 0.435695 0.0348643 0.0984219
