2 0.219359 0.316159 0.180531 0.112553
3 0.526336 0.40452 0.232859 0.354895
9 0.969555 0.182471 0.0160156 0.0770258
9 0.947469 0.251663 0.0153125 0.0238876
0 0.58082 0.343595 0.0177031 0.0924356
0 0.820648 0.364801 0.0411094 0.158642
0 0.894758 0.375164 0.0365469 0.157166
0 0.922484 0.380995 0.032375 0.146159
0 0.869336 0.376827 0.0240781 0.109204
0 0.0469844 0.303396 0.021125 0.0678689
0 0.0294766 0.300632 0.0156094 0.0702576
0 0.118766 0.308115 0.0185625 0.0797892
0 0.786625 0.369696 0.028125 0.0991569
0 0.730836 0.362623 0.0394531 0.0942389
0 0.360039 0.325808 0.0172344 0.0896956
2 0.982023 0.393735 0.0359531 0.0463934
0 0.464648 0.361183 0.106578 0.341569
0 0.0800859 0.302658 0.0207344 0.0729977
9 0.94543 0.272717 0.0182969 0.0240281
2 0.978945 0.383852 0.0412031 0.0631148
9 0.790641 0.239496 0.0254375 0.0492037
