27 0.561492 0.467974 0.0667344 0.382026
0 0.486148 0.459171 0.225797 0.854843
40 0.136078 0.692017 0.0464687 0.0958564
43 0.503414 0.86779 0.0786719 0.0599632
55 0.281328 0.727634 0.252344 0.46116
40 0.0359141 0.663343 0.0440156 0.102118
55 0.09 0.797643 0.174844 0.145304
60 0.0778203 0.815433 0.155641 0.369134
0 0.734352 0.530681 0.507891 0.938637
41 0.0367266 0.664982 0.0448906 0.0989871
41 0.0550078 0.742643 0.0937344 0.071768
41 0.136828 0.688785 0.0450625 0.092523
43 0.461781 0.903241 0.0263437 0.0504604
