29 0.459273 0.388216 0.0802031 0.074507
0 0.479094 0.61669 0.067875 0.344554
0 0.35482 0.653662 0.0440781 0.147559
0 0.314719 0.642852 0.0567813 0.1673
0 0.272922 0.679531 0.100719 0.103005
0 0.190031 0.672606 0.125188 0.11662
0 0.103992 0.679002 0.0438281 0.0889437
0 0.388031 0.514742 0.010375 0.038216
0 0.405445 0.510376 0.0120156 0.04723
0 0.736102 0.460235 0.0164844 0.0382629
14 0.248094 0.559695 0.0116562 0.0132394
14 0.285289 0.553146 0.00860937 0.00877934
0 0.00707031 0.652077 0.0132344 0.0754225
0 0.0516953 0.671585 0.0712656 0.129883
14 0.0742031 0.534026 0.00903125 0.00706573
0 0.241 0.498979 0.0215938 0.0125587
14 0.255312 0.540293 0.0063125 0.00800469
14 0.0817266 0.5348 0.00445313 0.00650235
