34 0.206328 0.199236 0.164938 0.191635
0 0.237734 0.599533 0.383937 0.749851
0 0.64593 0.448333 0.200359 0.537049
0 0.770242 0.432622 0.137203 0.555945
0 0.898273 0.2112 0.169734 0.187919
0 0.788852 0.0622505 0.115766 0.121359
0 0.676234 0.0961146 0.120938 0.191762
0 0.435836 0.127473 0.148391 0.254947
0 0.179297 0.119936 0.141437 0.221826
0 0.363227 0.0685244 0.113484 0.137049
0 0.561172 0.127155 0.15275 0.25431
0 0.734281 0.0337049 0.0562187 0.0674098
0 0.270344 0.0673673 0.113375 0.134735
56 0.0942656 0.105616 0.102531 0.0719108
56 0.0206719 0.107866 0.0380313 0.049448
56 0.0468906 0.190159 0.0909688 0.0485138
56 0.300344 0.201911 0.106062 0.0934183
56 0.970297 0.0525053 0.0592188 0.104586
56 0.10318 0.180987 0.0214531 0.0411253
0 0.0753594 0.0455839 0.150719 0.0911677
