62 0.108953 0.463958 0.174 0.290542
57 0.387906 0.484948 0.237094 0.281729
57 0.502539 0.850448 0.994922 0.261854
73 0.676867 0.453667 0.0243281 0.0111667
73 0.660422 0.462125 0.005875 0.0465417
73 0.657453 0.415198 0.0139375 0.0336875
73 0.734414 0.425583 0.0291406 0.007375
73 0.765 0.413781 0.0275938 0.0400208
73 0.735594 0.411187 0.0293125 0.00891667
75 0.478234 0.227208 0.025 0.0584583
56 0.386531 0.491427 0.240719 0.261854
73 0.729367 0.468844 0.0369219 0.0335625
73 0.653242 0.462281 0.00889063 0.0473542
73 0.676477 0.462073 0.0275781 0.0181042
73 0.657789 0.463979 0.00539063 0.0435833
73 0.760633 0.46201 0.0250781 0.0422292
73 0.678523 0.480906 0.0272344 0.00652083
75 0.602352 0.208885 0.0150156 0.0897708
