6 0.573313 0.510106 0.323781 0.444941
6 0.324523 0.48539 0.212391 0.408983
0 0.147398 0.524054 0.0565781 0.212742
0 0.0453047 0.58539 0.0608906 0.276407
0 0.186273 0.535213 0.0459844 0.19591
0 0.0793828 0.549031 0.0583594 0.241513
0 0.110445 0.465934 0.0208281 0.0885579
0 0.163812 0.480307 0.0214688 0.0969267
0 0.0499297 0.439835 0.0207969 0.0334279
27 0.144242 0.472541 0.00870313 0.0436643
27 0.182898 0.475922 0.00257812 0.0126005
0 0.831 0.874161 0.331219 0.22922
0 0.0112578 0.581312 0.0225156 0.244941
26 0.0620703 0.609811 0.0340156 0.066383
0 0.0955938 0.521844 0.0456875 0.193853
0 0.188758 0.432293 0.00651562 0.0103546
0 0.0245234 0.440733 0.0329219 0.0462411
