32 0.0314453 0.288415 0.0173906 0.0199296
56 0.631648 0.322946 0.0737344 0.149977
56 0.567039 0.326901 0.0886406 0.149155
38 0.420188 0.416796 0.0884375 0.0438263
0 0.289875 0.183509 0.070875 0.117441
0 0.531852 0.596937 0.170359 0.408568
0 0.273594 0.271397 0.0674687 0.0990845
0 0.357945 0.189108 0.0444844 0.0804695
0 0.404172 0.15466 0.06425 0.135798
0 0.472414 0.126502 0.0988281 0.0926291
0 0.966297 0.125469 0.044125 0.0922066
24 0.680562 0.376913 0.0504062 0.0402113
0 0.438195 0.0996831 0.0444844 0.0711033
0 0.879664 0.315845 0.0780781 0.340423
0 0.100211 0.178216 0.0612031 0.135962
0 0.1485 0.190458 0.0475313 0.123263
0 0.958203 0.422758 0.0835937 0.26162
0 0.344695 0.134002 0.0537656 0.102277
32 0.911555 0.317101 0.00714063 0.0130282
74 0.78532 0.374049 0.0749531 0.0743897
