4 0.510178 0.480078 0.961107 0.646687
0 0.555306 0.812258 0.0533004 0.108984
0 0.507115 0.801203 0.0502372 0.126719
0 0.107974 0.734477 0.018834 0.0431094
0 0.853211 0.737266 0.0208103 0.0505313
0 0.702372 0.733648 0.0105138 0.0232031
0 0.829476 0.741281 0.0204545 0.0432188
0 0.866166 0.734391 0.0129644 0.0388437
0 0.421443 0.730844 0.0171542 0.0321875
0 0.129545 0.733883 0.0185375 0.0461406
0 0.678488 0.732648 0.0116403 0.0240469
0 0.80499 0.738906 0.023498 0.0482187
0 0.359407 0.730172 0.0135968 0.036875
