58 0.746148 0.371084 0.0879219 0.114752
58 0.871312 0.199204 0.175625 0.349896
17 0.861539 0.303512 0.0451094 0.154439
57 0.174008 0.760953 0.345453 0.446345
56 0.690453 0.605366 0.171156 0.359138
56 0.814359 0.751919 0.367781 0.471097
56 0.368367 0.555627 0.0775469 0.170627
57 0.535734 0.557546 0.194656 0.220627
45 0.342648 0.870783 0.0665781 0.0556136
73 0.415219 0.684295 0.077625 0.0597128
73 0.401453 0.89564 0.0614062 0.0516449
75 0.908109 0.328068 0.0358125 0.118172
17 0.319023 0.782402 0.0827969 0.0932115
75 0.799602 0.68936 0.0492344 0.12342
75 0.807805 0.338355 0.0248594 0.0771802
75 0.840508 0.758825 0.0595781 0.141828
56 0.5315 0.559138 0.181219 0.22376
