1 0.93998 0.954626 0.11592 0.0907485
0 0.8825 0.770464 0.00744 0.0544012
2 0.15758 0.890404 0.29316 0.219192
2 0.32772 0.889416 0.14932 0.221168
2 0.42005 0.863249 0.11654 0.161707
2 0.82611 0.758278 0.02458 0.0320659
2 0.58348 0.821048 0.07668 0.104012
2 0.617 0.8125 0.0358 0.0872754
2 0.62276 0.801168 0.06052 0.0950299
2 0.46265 0.829626 0.1303 0.172844
2 0.54657 0.836587 0.06318 0.124671
2 0.64965 0.793847 0.05974 0.0921856
2 0.68427 0.788802 0.03518 0.0649701
2 0.71058 0.773353 0.05264 0.0739521
10 0.86865 0.919012 0.05338 0.161976
0 0.57129 0.75997 0.01614 0.0231737
2 0.67761 0.790988 0.02074 0.0590419
0 0.9428 0.84482 0.08896 0.310359
