17 0.78125 0.655187 0.368469 0.570562
17 0.207773 0.539871 0.257391 0.318946
19 0.38668 0.701077 0.340047 0.309696
2 0.474148 0.154016 0.144484 0.0590867
2 0.876328 0.0817096 0.131562 0.0958782
2 0.482109 0.110761 0.0410625 0.0499532
7 0.584094 0.15603 0.148438 0.0614286
0 0.806625 0.48877 0.191906 0.460679
0 0.806492 0.142471 0.0541719 0.14377
0 0.329195 0.140328 0.0476406 0.128431
0 0.224633 0.42863 0.210453 0.440726
0 0.280469 0.13671 0.0439688 0.129204
0 0.747945 0.131616 0.0660156 0.127494
0 0.0613281 0.121686 0.0276875 0.0490398
0 0.704891 0.184473 0.03625 0.139719
0 0.244859 0.151487 0.0749062 0.155527
0 0.15432 0.178407 0.0632969 0.124403
0 0.0423203 0.103665 0.0165156 0.0506557
2 0.447086 0.106593 0.0416406 0.0324356
2 0.371406 0.127272 0.0630625 0.101194
2 0.578359 0.113232 0.04225 0.033911
0 0.671867 0.151382 0.0417031 0.0683372
