9 0.667609 0.325042 0.038 0.105583
9 0.370523 0.429365 0.0246719 0.0394792
9 0.100336 0.529177 0.0123906 0.0211042
9 0.00933594 0.493698 0.0185781 0.0385625
2 0.528375 0.676406 0.348875 0.359563
2 0.283289 0.60674 0.161047 0.0658958
2 0.859086 0.58351 0.0819531 0.0477292
2 0.0421328 0.712365 0.0808906 0.422479
2 0.166453 0.599021 0.0265625 0.0365
2 0.200594 0.593427 0.048125 0.0558958
2 0.711234 0.59775 0.0842813 0.0764167
2 0.377625 0.591688 0.0340625 0.0293333
2 0.13118 0.600313 0.0129219 0.0278333
2 0.328195 0.581792 0.0741406 0.0361667
2 0.151156 0.595021 0.0320937 0.0433333
9 0.097875 0.495417 0.015375 0.0375833
