0 0.952437 0.696333 0.021625 0.0502917
22 0.358984 0.559542 0.155062 0.265167
0 0.638578 0.765813 0.0207813 0.0506667
0 0.27993 0.840104 0.0105156 0.0544583
0 0.289383 0.843469 0.0103281 0.0494375
2 0.372414 0.914469 0.102297 0.161979
2 0.449531 0.886719 0.093625 0.134521
2 0.527 0.864031 0.103094 0.128438
2 0.599094 0.849542 0.118469 0.130708
2 0.698594 0.933333 0.146625 0.114625
2 0.776477 0.796344 0.111953 0.0885208
2 0.840922 0.888167 0.146437 0.106417
2 0.758289 0.906542 0.154797 0.151625
2 0.603289 0.947 0.130484 0.106
22 0.517938 0.56574 0.166531 0.256271
2 0.975586 0.902344 0.0488281 0.0776458
2 0.890125 0.871594 0.128094 0.0949375
2 0.515195 0.945042 0.123109 0.109917
2 0.950453 0.789875 0.0990938 0.0799167
