77 0.704167 0.501563 0.220833 0.190625
77 0.286458 0.539844 0.216667 0.18125
77 0.737521 0.65607 0.21225 0.164766
77 0.587542 0.197414 0.12675 0.157891
77 0.302937 0.206109 0.156958 0.133187
77 0.639875 0.343313 0.16725 0.148125
77 0.43074 0.191906 0.0768958 0.0544375
77 0.509271 0.296055 0.056375 0.0382969
77 0.305646 0.318156 0.227167 0.196625
77 0.456427 0.288195 0.0524375 0.0439531
77 0.489594 0.486133 0.0712292 0.0498906
77 0.481125 0.240289 0.140667 0.0795781
77 0.327156 0.670922 0.258229 0.224
77 0.103958 0.315188 0.206083 0.280031
