62 0.575562 0.4955 0.0758438 0.101125
39 0.0782578 0.561813 0.0218594 0.0702917
56 0.179031 0.773115 0.174187 0.419354
56 0.110242 0.676927 0.133578 0.293979
56 0.802086 0.558385 0.152328 0.174896
57 0.93343 0.563063 0.102547 0.0955833
73 0.204773 0.186667 0.166859 0.094375
73 0.34525 0.582927 0.0512188 0.0599792
73 0.426063 0.508521 0.094375 0.0633333
73 0.366703 0.334896 0.003 0.0480833
73 0.314813 0.271188 0.0059375 0.05125
73 0.181633 0.332135 0.0115781 0.0588542
73 0.222086 0.398969 0.149703 0.0662708
73 0.212352 0.46924 0.0493906 0.0713958
73 0.118578 0.409177 0.00915625 0.0491458
73 0.0766797 0.347052 0.115891 0.0314375
73 0.408156 0.278438 0.0234688 0.049375
73 0.338141 0.206719 0.0147187 0.0598958
60 0.0745 0.707229 0.149 0.218333
73 0.329281 0.342385 0.0213125 0.0383542
