48 0.617836 0.877694 0.0674531 0.0764444
41 0.619977 0.507431 0.0431719 0.0898611
41 0.578914 0.497583 0.0424219 0.112444
41 0.540273 0.490958 0.0424844 0.128417
41 0.494078 0.432889 0.0412187 0.0702778
41 0.447781 0.500708 0.0379688 0.0956389
41 0.495297 0.512486 0.0450625 0.0905278
55 0.0589688 0.688708 0.043625 0.0593611
55 0.594469 0.705806 0.0541875 0.0802778
55 0.343633 0.703111 0.0676719 0.0703333
55 0.235859 0.704806 0.0792812 0.0698333
55 0.142883 0.709375 0.0407031 0.0691389
55 0.44057 0.728125 0.0558906 0.0494167
55 0.0227266 0.702389 0.0341406 0.0695
69 0.837906 0.764931 0.200156 0.438972
48 0.534539 0.886333 0.0746406 0.0633889
48 0.595984 0.839667 0.0719375 0.072
48 0.678633 0.867347 0.0613594 0.0653056
