60 0.498648 0.49099 0.997297 0.975208
54 0.441984 0.651107 0.234687 0.293359
54 0.210039 0.593854 0.235484 0.305833
54 0.272359 0.25056 0.156406 0.177526
54 0.447008 0.369583 0.187641 0.222604
54 0.631148 0.396654 0.181641 0.206484
54 0.680898 0.683138 0.250797 0.30112
54 0.816398 0.580534 0.235953 0.29888
54 0.117156 0.202591 0.215344 0.180599
54 0.883594 0.49401 0.232813 0.247188
54 0.332016 0.167591 0.121687 0.142526
54 0.684187 0.32362 0.164969 0.209635
54 0.0599453 0.307578 0.119891 0.135521
54 0.0730547 0.494688 0.143016 0.279792
