17 0.657609 0.684985 0.213188 0.342342
17 0.467945 0.729324 0.100266 0.263393
17 0.109102 0.465601 0.0548281 0.105375
18 0.384539 0.739039 0.108922 0.146727
18 0.411062 0.496997 0.0395625 0.0688889
18 0.318719 0.390931 0.03225 0.036036
18 0.203844 0.33542 0.0254688 0.0385886
18 0.209078 0.397883 0.0308437 0.0453153
18 0.26568 0.339505 0.0259219 0.0416517
18 0.256523 0.329069 0.0325156 0.0484685
18 0.183836 0.758934 0.0957656 0.110601
18 0.249055 0.719069 0.0861094 0.129189
18 0.936227 0.628333 0.0709844 0.103333
